   0.0000000000000000        0.0000000000000000        0.0000000000000000        0.0000000000000000        0.0000000000000000        0.0000000000000000        0.0000000000000000        0.0000000000000000        0.0000000000000000        0.0000000000000000        0.0000000000000000        0.0000000000000000        0.0000000000000000     
  0.24497678246175775        1.4451907048945944E-002   1.6388256009148921E-003   1.4695459659745258E-002   1.8170159453460278E-002   1.0944639055261824E-002   1.4993036692440492E-002   1.7202581631845619E-002  0.31124523961669481       0.11147691448986263        6.8347456858639716E-002   3.1773522547864495E-002   1.7276275354752492E-002
  0.91520299351043644        1.0061771992398276        1.3934096909852260        1.1204602694001007        1.1686334617838030        1.1941062761183592        1.0836624815021221        1.0683856232623179       0.86768337920314342       0.89455233890638530        1.0585640384533981        1.3403407536049792        1.0226321354845136     
  0.40439562768534465        2.9394745094425183E-002   3.3455850655789059E-003   2.9853056868347164E-002   3.6328812548637374E-002   2.1694964695196692E-002   3.0450280861227846E-002   3.3903325300671527E-002  0.48284343716814671       0.17544747669595678       0.12210031120779988        6.1115999510678802E-002   3.5063666511340463E-002
   1.5322591529823191       0.98356724168504295        1.1696967875613049        1.2208949768881561        1.0152089205210555        1.2240226936670253        1.1210744560537127        1.2237391208881705        1.6154315637502916       0.99113612900759707        1.0529126020672757        1.7400340049020162        1.0762352447336514     
  0.46137564000660286        4.3805313311932152E-002   5.1416437649012426E-003   4.4942255989561031E-002   5.3831650510473575E-002   3.3226863717418231E-002   4.4620986547917046E-002   4.9503341521947429E-002  0.51701411008507403       0.21062403267742297       0.15498880859584904        8.0546611157138848E-002   5.1312534089464193E-002
   1.2923959517779213        1.0784160981951092        1.2567267153765511       0.95182504360374165        1.1389999938413704        1.1572050820873994       0.88582975729169833        1.1015196889312875        1.1315617588129172        1.0636210170985996        1.0052327823677676        1.1701971941648530        1.1269430426183933     
  0.50398847028752058        5.8240027933206748E-002   7.1051699662377406E-003   6.0635471087971668E-002   7.2062571668412054E-002   4.4536675980871701E-002   5.9656059647929825E-002   6.5460756221749170E-002  0.54765506957860077       0.23488467017987025       0.18163113115028287       0.10045656846442919        6.7409967140086902E-002
   1.3277099950089710       0.95451252486101057        1.1196571557765829        1.1570859267055214        1.2328934951183765        1.1809993683102362        1.1227257739871102       0.96750467267521179        1.0424275391570905        1.1067205703538641        1.0965607998977569        1.4003733875224851        1.0799417028584612     
  0.54003801468633783        7.2134337304228816E-002   9.2890689385349036E-003   7.5382294639374028E-002   8.8265570977267477E-002   5.5128120786733167E-002   7.7393324793443435E-002   8.1365905903608080E-002  0.57654885500500097       0.25216067923403385       0.20075525922551668       0.11648534376294008        8.3609882239165489E-002
   1.1261397916666076        1.0739936880644476        1.2600838216100636        1.0829352454401731        1.2647867807251503        1.3063244413002326        1.0322229186382332        1.1425059327325693        1.1915406073178541        1.0777679059059531       0.91222648771448467        1.2704526583730027        1.1529063556745531     
  0.56402124689104571        8.6270790117239760E-002   1.1780591657876783E-002   8.9755780798097942E-002  0.10362689454632459        6.5858970691462446E-002   9.4921112730545626E-002   9.7063002580432767E-002  0.59583393318146871       0.26774441232582757       0.21742963809666438       0.13415321087325743        9.9716172777241430E-002
   1.0426604736248046        1.1590308447961313        1.1876422592767080        1.0374932184933698        1.1286215776142661        1.0667132497403371        1.1318792852899242        1.0240106634261938        1.0514149116392977        1.1252286331307266        1.1366973141031356        1.3270006198043087        1.1316853155506585     
  0.58583240024155714       0.10170501835852561        1.4420053647045737E-002  0.10608746848909081       0.12043389274873931        7.6053910195912372E-002  0.11117238472985072       0.11577669427077117       0.61411643942475769       0.28132170728051126       0.23201497433007653       0.15133971283567488       0.11757377401374113     
   1.1374943736659093        1.1726274426800847        1.3097316526516736        1.1635909783593663        1.2701902508465841        1.1615314759677888        1.0696304698399159        1.1392521695404150        1.1011027769213659        1.0793483885891630        1.0195415732684954        1.1575362149290247        1.1830252466267626     
  0.60479194174245721       0.11668218374639187        1.7089667534781087E-002  0.12234509513875305       0.13778511997279191        8.5843019554104796E-002  0.12768522132576701       0.13399516608187931       0.62916692948390485       0.29350368268652238       0.24435749087976652       0.16756745798538888       0.13586776414144086     
   1.2161033621271855        1.0822065389991757        1.1634360026070978       0.98212865562292850        1.1090331167508682        1.1062835885639246        1.0747152846274362        1.1699702406487995        1.0682751822335355        1.2102480275675218        1.1667332135233894        1.1866633278100402        1.0776190283765736     
  0.62402797302886870       0.13220720781639114        1.9959652404577154E-002  0.13932078287795860       0.15265268479448618        9.6480642412970663E-002  0.14289871610775748       0.15218203676409878       0.64428864603915670       0.30404232042084312       0.25488774817932014       0.18264158508556935       0.15318005635984475     
   1.1429374691892207        1.1084909949153465        1.2648577890396904        1.0209481165108572        1.0664448677833440        1.1058863442673883        1.1821885959546110        1.4118102857799195        1.1171429670410000        1.1659362543968017        1.1664514347997323        1.1793927277762297        1.1287427340209253     
  0.63903504418024126       0.14757022396110286        2.2824892619591898E-002  0.15699123445314195       0.16698993099762727       0.10731712725319859       0.15904732794823609       0.17027831254602344       0.65848230166534993       0.31394922048499885       0.26547373470328922       0.19792393637037572       0.17001328489772338     
  0.96511443542153852        1.0432832774502678        1.0995268306061841        1.0815024210329398        1.0810838435223786        1.1815120786955682        1.1932932630938655        1.1047603840610463        1.0439090466413203        1.0649042778799780        1.1669511630152500       0.93430021368895799        1.3521401539781528     
  0.65391351906145900       0.16285663567290642        2.6074725174600497E-002  0.17521764698028944       0.18150954372975034       0.11775955414326762       0.17458267979190073       0.18633781384694670       0.67249726619877714       0.32327713527512403       0.27610093040925021       0.21203101475627312       0.18715413276116577     
  0.98593598208060795        1.0172783453545551        1.1081652094850409        1.0209027266940363       0.99305982279665583        1.1037943721579162        1.1369445339113422        1.2252039591905537        1.0561971541437323        1.0509257349705050        1.0676769211980752        1.0184581330158009        1.0396932607223712     
  0.66709972733108180       0.17823120449236352        2.9359732662763802E-002  0.19376668573822514       0.19571674992157945       0.12801735644493714       0.18985214350591201       0.20203526864161689       0.68431055668912411       0.33204446041355162       0.28696329898973277       0.22640148245710934       0.20460414454144349     
  0.95705299449008152        1.2165979349969098        1.0496583994476516        1.1466454341439956        1.0718722095548117        1.0972540284219825        1.0950679126422194       0.97936391375620080        1.1438092934100175        1.0869815186499339        1.1290874654458829        1.2383000351204438        1.1779369870612411     
  0.68050503145058006       0.19408564695005498        3.3451571590263685E-002  0.21313768117155110       0.21062816226914693       0.13834661677694587       0.20832731406129854       0.21922993052885334       0.69572122555561056       0.34052863802569394       0.29826444808590225       0.23954960775741291       0.21941481422864167     
   1.1051100608731637        1.0009098773702270        1.2545055282347088        1.0832598799985740        1.0190914652426115        1.1446145218707584        1.1917527394420830        1.1331772912916533        1.0682309600967177        1.0946404633332127        1.1364797919371485       0.99857807525104336       0.97129055570882961     
  0.69317544067516734       0.20976991002052212        3.7752469837970107E-002  0.23257466731771950       0.22579269954417797       0.14866118610935974       0.22618266633855325       0.23642966717651936       0.70592253046975595       0.34854939296783383       0.30935704206867082       0.25284216376902413       0.23409347330993094     
   1.0652885857556491        1.0558889119398744        1.1662029750781069        1.1434274198543257        1.0591673742660563        1.1554888513820538        1.1297882265932284        1.2103766541459873        1.0003140080744228        1.0779046686973632        1.1438534672663463       0.93746451080777971        1.1815586116725658     
  0.70528478562751484       0.22499492541863589        4.2523070091821456E-002  0.25227102593339423       0.24222568404088535       0.15985636128152761       0.24280804358019314       0.25380234623918635       0.71616104054759722       0.35529103045965493       0.32035704318632874       0.26648276397547715       0.24830322227434926     
  0.92992908658244278       0.95383823236987475        1.2508958848552105        1.2188115081982462        1.1360962105058445        1.0039247188937896        1.2456248348255716        1.1005180701237118        1.1363540753307320        1.1024522158335017        1.1639911792782882        1.0915582113926130        1.0681869529886971     
  0.71679195311502619       0.23987533127180427        4.7576535395750810E-002  0.27103951449917979       0.25805257204297488       0.17171496886272014       0.25994609429706350       0.27143113370528255       0.72606666513681906       0.36148320584699406       0.33157240337193505       0.28116728217097520       0.26264585949558861     
  0.94698283580878750        1.1383317000748943        1.1796219861479622        1.0847866147312926        1.1237513312469949        1.1053424356417123        1.0763587949770150        1.2290407408624779        1.0533052030661549       0.94794972623141815        1.2079689636844797        1.0275962498031506       0.93674075612248309     
  0.72800459908730031       0.25442571197102853        5.2840635003420587E-002  0.28871832837392908       0.27645475846540651       0.18296970924883851       0.27733504957952304       0.28807675613194211       0.73544757743491163       0.36758541013958324       0.34257098733366559       0.29659685345415188       0.27866913259929010     
  0.99383132049934142        1.0479033629304129        1.1005524797546855        1.0255114878496787        1.1388077860286061        1.1591933664410270        1.0314014556090019        1.3501090836484126        1.0932065374191915       0.90835791006232514        1.2063318454714957       0.98271014578120341        1.1515532093158842     
  0.73863729096907360       0.26927020499079535        5.8334455743134728E-002  0.30629360254232113       0.29508088210681260       0.19423988709883624       0.29490248505472616       0.30380489983188391       0.74443166195541999       0.37443630677681078       0.35341920232768409       0.31130197081144101       0.29443066512313570     
   1.0081595908757721        1.1908874425677431        1.1646386766769956        1.1212129849897854        1.1244832093712931        1.0429987375252636        1.1890547664689868        1.1470933467107929        1.0786474808684936        1.0410475595789026        1.0601673778790168        1.1913023965976193        1.2775361128316021     
  0.74950749186562904       0.28449568823704119        6.4160811276184990E-002  0.32391806842274595       0.31337030760576617       0.20533404802814975       0.31153594893044445       0.31978502397884323       0.75316358808300143       0.38172444100087349       0.36414035956531771       0.32751007749696265       0.30983672952013769     
   1.1294341675868456        1.0509704570457341        1.0268608209769956        1.0442854344622619        1.2068960679991381        1.2052318281875862        1.1520654962441284        1.2902283430069412        1.0059994076886252        1.1035596484666048        1.0378328569616835        1.0102196763227440        1.0332626331034691     
  0.76026601676255601       0.29999028867588245        7.0295851362020254E-002  0.34179114080032291       0.33213871124102606       0.21597378807648401       0.32886950148388533       0.33569621536148947       0.76127854085115365       0.38900332023859741       0.37480433126526319       0.34355857788722094       0.32509068959810211     
   1.0233114005441377        1.3313095939212252        1.0962298264852945       0.98750720787020108        1.2569236456281960        1.0065359682112507        1.1882249323482270        1.0515709578129802        1.0354806844763980        1.2571017217429830        1.0978783636575622        1.0763666615802980        1.0913290126106396     
  0.77050704869015274       0.31633027809187597        7.6457002216765810E-002  0.36005632459904419       0.34815319956657825       0.22636860752787005       0.34480297267672549       0.35185780917145987       0.76916695262398904       0.39618349720274287       0.38559319099297051       0.36073762730990699       0.34030027650821576     
  0.94381951122166818        1.0467728586742662        1.1873590847010633        1.2161663819765638        1.0708459406170454        1.1344820398745230        1.2745141931618233        1.0303046833933600        1.1701174727851733        1.1485610797853760        1.1271223721243693        1.1152876875158488       0.99751962907670555     
  0.78068039086198082       0.33215062673089402        8.3083991164581317E-002  0.37772588580935723       0.36262673813111418       0.23593361885061706       0.35856540199726550       0.36829346472265095       0.77597425154417199       0.40357460390550309       0.39657358144719762       0.37793977026292447       0.35595026673944363     
   1.0394258793038853        1.2152511950778389       0.98665713775356523        1.0264802857712105        1.0920076349992349        1.1688897170189665       0.98585138614887846        1.2215329461863720        1.1428157830983607        1.1662090381319157        1.1202900962455871        1.2819553989544168        1.1506203901551544     
  0.78945875590515213       0.34708505441237170        8.9879710925107811E-002  0.39462998893512846       0.37652738165535599       0.24544662623579139       0.37172127902272784       0.38436267200136176       0.78283575856333787       0.41123770295445888       0.40700018058605564       0.39405339603932382       0.37284426028177242     
   1.0280060533970501        1.1552870726724542        1.2120019099373529        1.1060083764055582        1.0577214864088287        1.1150592302933524        1.0436318559066107        1.2320281579502639       0.91520299351043644        1.0692346120717546       0.97295474359790679        1.1952175435403927        1.0891171347265303     
  0.79788700173590255       0.36264382203735418        9.6609928282587104E-002  0.41111518069109421       0.39065305031952380       0.25526927379796571       0.38487763488554305       0.40009179707773190       0.78949692513389558       0.41895186767868858       0.41778397151873786       0.40995382200837105       0.38912476207448354     
   1.0539037318912112        1.2265809123730249        1.0293103511481267        1.0594354589874109       0.95806990108321788        1.0801498496548974        1.0323411959395965        1.2149788318021779        1.0243463978838494        1.1686057154856135        1.0008156954250242        1.0479656464449307        1.1843975229030670     
  0.80560579987492564       0.37891012300862909       0.10363299907281524       0.42701212334107164       0.40471785611324357       0.26521713236093925       0.39792168811230044       0.41577931953555214       0.79598741845801058       0.42665021169974288       0.42895751821391814       0.42560968081324674       0.40438229099357165     
   1.2929131199896973        1.0906852916072569        1.1149065708680137       0.95162733456342397        1.0591370537516152        1.2232626363061343        1.1739257028689125        1.0272802060461883       0.96048567055756451       0.94999242087210245        1.0337879919576225        1.1864266313918430        1.0874477372818938     
  0.81293188421683082       0.39521750874232936       0.11155080296920322       0.44275192448243117       0.41856029990385785       0.27690458227924608       0.41100294552748096       0.43124593672734507       0.80174396098443701       0.43400589177858218       0.43994083486001428       0.44117495447921412       0.41862948678092576     
   1.0744628103528422        1.0722182510820117        1.0432765257478969       0.97444120178843086        1.0811389119791863        1.0872560407734495        1.0264797202096514        1.0570216216883979       0.95792247252969753        1.3127020025352119        1.0403232522290959        1.0276783313342883        1.2199502234964292     
  0.81989417077737858       0.41192557036914440       0.11982455323632187       0.45807265321628765       0.43234772593492832       0.28867260916554921       0.42456207746708446       0.44649951318851722       0.80764721274350482       0.44106348933839329       0.45051397586068587       0.45711735198311676       0.43200180350269707     
  0.96663980213582756        1.1359209204190239        1.1589818269525625        1.0465445722084730        1.1501436579588997        1.0711756395247947       0.99741634144922786        1.3020203382716569       0.98961043808294369        1.0709883655455117        1.0029217828095371        1.1104933809426549       0.94707612369046790     
  0.82652395222610919       0.42778289451145574       0.12946179579136646       0.47375970214708168       0.44591730604697855       0.30101219166270027       0.43819273521860308       0.46157452292816409       0.81352606610679157       0.44824202745196245       0.46317441408673654       0.47356185594820965       0.44543474883663814     
   1.0687618857279659       0.96662322814702040        1.0751895646101739       0.96198380695060282        1.1832546231191552        1.1923612842904312        1.0107426726012394        1.0044763719870706       0.95631501297003985        1.3072934965419170        1.0606085613393432        1.1020262579049878        1.0512468957142456     
  0.83367340098364739       0.44240305164121985       0.13933594845409364       0.48956450387244627       0.46031683435236592       0.31331504438044028       0.45469842416798290       0.47660964371219799       0.81918576659687670       0.45543130529841508       0.47711477211486403       0.48780154773992984       0.45843572811275823     
   1.0255959962899370       0.97225581428903574        1.1045907160337458        1.1988803160681152       0.97356471672141975        1.2673177625324739        1.1054502489448779        1.1313177867358553        1.0817961460252996        1.0924242916054583        1.1117529224966129        1.1547973604044985        1.1055258492642139     
  0.84087471905836841       0.45820220329863520       0.15013260188644692       0.50579981503269600       0.47476200635027394       0.32528464553828279       0.47169922560425309       0.49157455573121123       0.82454395012072534       0.46282201285093205       0.49112065006456768       0.50193021636464652       0.47352465351668244     
   1.0267489691081617        1.0350089108407459        1.1648984055343297        1.1273135154586766       0.96641567777799509       0.97684920495243943        1.1231980853694397        1.2067589756077730        1.2116013148709122        1.0909271141073333        1.1707068795727171       0.96020346750224250        1.2216821353986900     
  0.84784133319190347       0.47451512898830728       0.16093884978637779       0.52216970267451412       0.48932089856891314       0.33723090790196891       0.48840158583341159       0.50637070318567767       0.82994609225234461       0.47055428124486670       0.50551975757097323       0.51459004859371915       0.48758176340354376     
   1.0047675048052389        1.0603438209173270        1.1023241394396912       0.96946512015021147        1.0321887399094147       0.95656043084386477        1.1422913834378685        1.0332442206192773       0.99189223242900104        1.2748273072803757        1.1135830348487215        1.0001865493444364        1.0866717389466649     
  0.85468291396110263       0.49167221530614275       0.17278746343404819       0.53820730050745325       0.50406790170243865       0.34813087248425800       0.50470210537260296       0.52104326873199402       0.83536178869225841       0.47819566114167178       0.52035857432830424       0.52747921012788390       0.50194233817972278     
   1.0786445665211222        1.1505592871097903        1.0926405071607355        1.0460296821660526        1.0342046259256017       0.98836139838784176        1.1974970995973084        1.0117525083650409        1.0263151248489815        1.2521897562333841        1.1444874160040217       0.92976959864072328        1.1613100218627888     
  0.86134108386118680       0.50895587968953815       0.18475888974892776       0.55424784383581482       0.52115677968258656       0.35890294437905079       0.52122097528297040       0.53652657308586604       0.84073845003927949       0.48563836529266097       0.53551843377213171       0.54109592394083095       0.51636647097069788     
   1.2578591165529818        1.1143436288635267        1.1740902688988162       0.97541921022259814        1.1133827561753953        1.1224391622555321        1.0566073207771114       0.98143387261147741       0.95304163569683831        1.1826021102280029        1.2340800233217617        1.0194990586942312        1.0880124361649375     
  0.86787777145284628       0.52551938030128142       0.19759700334259164       0.57075150526165674       0.53769677024651108       0.37062757474974356       0.53774389567957770       0.55198864471324172       0.84603541532557403       0.49296629708307399       0.55061699767539263       0.55484260308449829       0.53061911088023117     
   1.0857156900847973        1.1645558611972873        1.1728496563654791        1.1600432820674769        1.2289257039111599        1.1713714921155440        1.0476474616287061        1.0675065835131075       0.99460679166683363        1.1085388251638266        1.1680906636083064        1.1611275115537665        1.0005556076510658     
  0.87432054307681240       0.54083076523305085       0.21071554296286119       0.58789530343210938       0.55341399328020779       0.38219950098782851       0.55436014050367155       0.56742920346905956       0.85112938736630928       0.50015694827595791       0.56551435964073171       0.56726715642083292       0.54527957201030319     
   1.1206120203286147        1.1130357413561771       0.99302939847543192        1.1489310314414753        1.0194454072562971        1.0875465343886388       0.98670867785575023        1.1457195987294473        1.1555958491076637        1.2073678310269529        1.2043073046329091        1.1467341004837364        1.2049258079428646     
  0.88065843284884382       0.55543209864682441       0.22371442324719476       0.60467185921692934       0.56851295740679531       0.39501993083338505       0.57103168569703810       0.58268959143288623       0.85601669435904104       0.50743370277047584       0.58033169001339535       0.57950018599078701       0.56011884058033179     
   1.0883323534723404        1.1376717194859352        1.0291143541120564        1.1873927326698519        1.1154965352783417        1.1267947829231930       0.99293463535222415       0.99424565453257863       0.95661330763849950        1.1505108787991265       0.98373107338325694       0.89250921751478274        1.3026075305853619     
  0.88673430220062754       0.57137855067667298       0.23767510699126790       0.62065847479532610       0.58278600637387590       0.40740459785223571       0.58580753758782966       0.59848462193827912       0.86089281902379000       0.51467936334265774       0.59644057676208284       0.59287008135289343       0.57449097773355229     
   1.2027295952712278        1.3075377292628154        1.2246798771692855        1.0150735660038852        1.1057378242386209        1.0802065727322077        1.0551553706591594        1.0537218683481371        1.1464223924874177        1.0648054722310893        1.0314933269369477        1.1109950520786391        1.0739836548806621     
  0.89269798613539841       0.58784992008664083       0.25392372640379407       0.63599186728574286       0.59749784763170521       0.42070957331938114       0.59941364070248371       0.61425214284321861       0.86545220516438903       0.52180818228611681       0.61252908127249017       0.60584476598495807       0.58868588779738584     
   1.0183876126734905        1.0832654630651211        1.0845456682376888       0.94217065292140323        1.1289811587269296       0.98920436738752715        1.1877365662136516        1.1001310990974071        1.1287982630911646        1.1575969992149295       0.91273309369792543        1.0548204596581867        1.0407110920911897     
  0.89774048545074281       0.60525413015930907       0.27156771496877641       0.65103931610770571       0.61327633229631540       0.43413914242652829       0.61409273462232750       0.63083284545897766       0.87002577664786229       0.52844811250917101       0.62818429482439220       0.61917305660443223       0.60394340672833757     
   1.0938436855596714        1.2381915734237536        1.2276903996693551        1.1327952850315679        1.1245535859822986        1.0181527336440841        1.0713211707663342        1.1662981923669520        1.0520910640897461       0.98043255283408060        1.1417732695596365        1.2177116175627551        1.2048490220181465     
  0.90234617559158281       0.62299008513760812       0.29097591387179206       0.66665860332035021       0.62899109476775339       0.44775916525433129       0.62926072272465816       0.64762637167977510       0.87478142101390033       0.53511167020570150       0.64360367576226807       0.63238329928608417       0.61903827283212975     
   1.0739906477997221        1.3473253110019252        1.0734720350009077        1.0412183060985434        1.0303093369065357        1.0918646075830720        1.0815129868605353        1.2683957926425649        1.1622251869196816        1.0684186916021519        1.1166785497504752        1.0794812144833910       0.98166713001489647     
  0.90680674289853613       0.63738687202807609       0.31082934478664231       0.68277250703317072       0.64454983958935053       0.46183272737978914       0.64481366337114132       0.66125439195203661       0.87942729191671820       0.54224754336328684       0.65890922956841735       0.64528165871534970       0.63535196290326723     
  0.97407163999817270        1.0322502667921942        1.0837177466219332        1.2146588496404898        1.2125356498179851        1.0018321247843662        1.0540143231102697        1.0969465603485027        1.2685061606423504        1.0837800279018324        1.1637317974155623        1.1280647188151984        1.0910835005084114     
  0.91116212557670695       0.65098695371686799       0.33138346619663683       0.69892678546425691       0.65986574724264868       0.47598563884633088       0.66091302935261542       0.67506584563562377       0.88377181819678374       0.54934250762443015       0.67475035610527956       0.65820671157129973       0.65199272148744292     
   1.0521028192283526        1.1171177081660264       0.96048988151535608        1.1028933643451739        1.2433287823210157       0.99581651696836349        1.0629206066268937       0.98928617236417116        1.0679781578193570        1.0153572591446496        1.0662582376388092        1.0096621751033128        1.3390372393529688     
  0.91620857700054503       0.66696661652082867       0.35168889027242550       0.71491768765865771       0.67496527853485766       0.48931031366726946       0.67668331388412584       0.68837231200440541       0.88824111261372207       0.55694763249579349       0.69095463179318595       0.67086344401076903       0.66924294702499620     
   1.0682898199520621        1.1626084538320585        1.1363275219986988        1.2994183719600894        1.1109769547482913        1.2361803307232440        1.0426770309455691        1.0788636818890192        1.0967240721529761        1.2525673069457441        1.3069776607497137       0.98676084231830297        1.0187548352503262     
  0.92095554083302611       0.68221787956476276       0.37218922539507349       0.72984602894543726       0.69052250742007937       0.50437686687464556       0.69223103490962890       0.70237147217444662       0.89320888529675591       0.56468490370680025       0.70706610291380023       0.68323773638576435       0.68701310395296167     
  0.95899901021086842        1.0291617911659001        1.0059674557757592        1.1277516139177763        1.0214603563357008       0.95428175084556333        1.1583118635181735        1.0763567901799205        1.3632806871446306        1.0885819679767410        1.0638393305479792       0.99762585216231614        1.1156374388793990     
  0.92549016956747854       0.69872835317614446       0.39274280885763774       0.74388135464335758       0.70404043848009612       0.51942696408178057       0.70841721861011830       0.71738153008390593       0.89801337475076015       0.57243310337239139       0.72498111321916514       0.69652802003594905       0.70262270313540254     
   1.0857297385354341        1.1522384047048375        1.0673782134830396        1.0428899062620418        1.1120382596256628        1.0781910022775272        1.3883268566647502       0.99139638651637430        1.1305913990849588        1.2868276097824409        1.2419853994077463        1.0549039856391027        1.0219061990055902     
  0.92969918649928063       0.71495824969525967       0.41330355569321886       0.75823805921568177       0.71747940819667322       0.53640342849533962       0.72467372491671456       0.73196950020455120       0.90246111106905835       0.58032529089407103       0.74294899385003299       0.71055347904891653       0.71776555404357045     
   1.0319162312776189        1.2026198640531418       0.96532246907160524        1.0699204477689064        1.0938654052908297        1.0745730313718362        1.2010649693300559       0.98063930585614512        1.0026165453651659        1.0920902461241311        1.0675678308863008        1.1480252012243710        1.0034765024911860     
  0.93384913491395949       0.73068259576257055       0.43520410678715643       0.77296303274560407       0.73172637138114494       0.55300039546152846       0.74075338828828463       0.74631824139357128       0.90686463950595264       0.58869273177758263       0.76127223921296527       0.72561819150206019       0.73274268847207491     
  0.94789317074496271        1.0156804736835541        1.0126252405840146        1.2162142297682050        1.0020581328369838        1.2201392867382932       0.99885503555224397        1.0179859915241665        1.1502920040736204        1.2369978850264371        1.0580705112631275        1.0007231694394749        1.1245292922934822     
  0.93814557370786389       0.74742142195550865       0.45787328119521770       0.78657860018740899       0.74806130904598189       0.57044814978543801       0.75684358730569723       0.76057549676750758       0.91092657097636787       0.59724241612096562       0.78009806278676630       0.74151800598127260       0.74778454055151122     
   1.0946535499985754        1.0158989660134798       0.98454038646731945        1.0197736489354212        1.2507818473766499        1.1940244196677814        1.0728098574839926        1.2425076643547981        1.1459926728474208        1.0569761229441770        1.0571193341359946       0.98077032790563268        1.0924763064968444     
  0.94245299298295337       0.76458588274495709       0.48375760349931896       0.79873926120522165       0.76408494966520313       0.58805271677341375       0.77206103685752336       0.77480907065337556       0.91501256661667030       0.60588569085767952       0.79530862577867178       0.75760312868490676       0.76411856894788510     
   1.2147563116380100        1.3737859255071121        1.0450269940228778        1.2448877549051798        1.0561814083975840        1.1160584458200953        1.1692417283984455       0.97976951505779397        1.0356539613856506        1.0692522106250779        1.0854817389739728        1.0277498070192419        1.1564049904859746     
  0.94659551886001403       0.78155890611829781       0.51080994138725389       0.81196146077843845       0.77945960652242940       0.60602118465091004       0.78514469155186006       0.78949140439994514       0.91923262010090079       0.61468041762989234       0.80956595027069933       0.77330018008085499       0.78063090998275886     
   1.1096685995592288        1.0763515173097185        1.0065989166684020       0.95400925298599393        1.0757830466026126        1.0350274797554746        1.1351118046117543        1.0001635208090527        1.2030497752204523        1.0570543644207679       0.98605530976709699        1.0126204140972415        1.1594289400890188     
  0.95068494213428101       0.79796516191675160       0.54235243107267006       0.82540279194350352       0.79509952277179685       0.62416970531337757       0.79917944209951042       0.80392442402005571       0.92361456873991932       0.62359262187098863       0.82311661796739244       0.78908661677249448       0.79654344357536910     
   1.0651722038354940       0.98941283646828515        1.0378846308594527       0.96807387644277920       0.96209144830840621        1.1738797215558210       0.99605023468054144        1.1003832086471459        1.0064864493519026        1.1812792354370096        1.0218051819393834        1.0859692463788391        1.1148705963638776     
  0.95477227711320711       0.81414375170851272       0.57423641611686704       0.83923244310194489       0.81081210458824882       0.64313578353698442       0.81361599108856553       0.81802353482127887       0.92805682692439073       0.63281936298396757       0.83645123373502528       0.80494620075781487       0.81260920142101700     
   1.0845455485634659       0.95651114866811204        1.0305854822707934        1.0940123726491611       0.98500998277418395        1.0521303486437714        1.0185592382413029        1.0511213570291109        1.2143311427031482        1.1224426354815940        1.0039207155016410        1.0758765544828237        1.0358071356454410     
  0.95881901796742874       0.82898602667744881       0.60685577811922209       0.85336449802590919       0.82718048041106007       0.66240701301846427       0.82840654834648264       0.83211879796257537       0.93240853347466912       0.64270021798558208       0.85203627823806916       0.82047456135871744       0.82947881318020855     
   1.2875445341287273       0.96293533716274937        1.1056102802951673        1.0388001473716502        1.2182297242683799       0.96970400960553049        1.0157946363657744        1.0747304392145076        1.0324252527430777       0.99422835199750725        1.0773074801018618        1.0789900579277700        1.0644187725924867     
  0.96267930365328525       0.84323320152782710       0.64002719683273235       0.86704322224631081       0.84352726254195542       0.68312344165808347       0.84289749612601694       0.84620098744074712       0.93673239828888877       0.65293567868045155       0.86765266271842900       0.83617707505027439       0.84572885180760105     
   1.1283576720016355        1.0780476289045471        1.0752287167548709        1.2689416972843357       0.97686567576553618        1.1742804448391391        1.1274785713437954        1.0097054509296930        1.0962304965972094        1.1214445927518686        1.1184889895875469        1.1158996043439571        1.0320159136177507     
  0.96654230263134100       0.85874496962552949       0.67387169261556235       0.88054919980990620       0.85936375240027030       0.70413958404189025       0.85833657409354347       0.86049656661036278       0.94109868531271235       0.66419575666907571       0.88139902362844025       0.85202587127477536       0.86255695916467945     
   1.1473051008654394        1.1020167235879472        1.0277822276553514        1.2640955108065028        1.0920606211850938       0.98720068269263539        1.0128705341432962       0.96532507064926099        1.2045433423629961        1.0080825770515798        1.1411319663124060        1.1295862437984094        1.2453983891210012     
  0.97042333270117787       0.87497098544401475       0.70923841340041549       0.89315183041345858       0.87506028319501161       0.72568818285719061       0.87392437193599204       0.87477964118613272       0.94557306156726717       0.67678994651833402       0.89526993870943905       0.86742066195185152       0.87959926244756415     
   1.2720232579939867        1.1447770855218149        1.0794870809761852        1.1588432043408552        1.0407572243147853        1.0920546543074834        1.0343703172610044        1.0259618210693515       0.96189393955580560        1.1458240549050502        1.1433550388966212        1.0472492715902797        1.1013425540840571     
  0.97426374178080577       0.89107998845376524       0.74415862742203942       0.90492666963046831       0.89115333391672769       0.74893265637595696       0.88945809573625445       0.89078824620451313       0.95027613694875046       0.69053265757319471       0.90775289274639870       0.88241525993456460       0.89615371512234809     
   1.1832019395697642        1.0335250743005118        1.0005506836186133        1.0803194363512458        1.0373871888189956       0.97728527847674318        1.1177105202059487        1.0163633508841405        1.0954628026304094        1.0781245955301990        1.0280610447943808        1.0234876446550123        1.1683239939482708     
  0.97801072338647088       0.90676513767677547       0.77758964909925798       0.91681156019277732       0.90732473851384388       0.77540322468275014       0.90494964915464859       0.90719996363168565       0.95508927800577303       0.70596075739112019       0.92004822273934372       0.89763964765537718       0.91277849812809508     
   1.1272500451556888       0.88539483739829006       0.95933710603397704        1.2635464327261432        1.1150432121266363       0.98683750582732499        1.2515303562186459        1.0167273057298614        1.2577737374737241        1.0499369190418981        1.0591493841712141        1.0215654349620749        1.0628895724558740     
  0.98175075825059521       0.92412870400495639       0.81325935620438072       0.92883096769409390       0.92291600413130848       0.80417681980424016       0.92083817998298345       0.92196172717035740       0.95971948007589913       0.72303582228424856       0.93374682492385397       0.91515748349883330       0.92764327520538070     
   1.2554420182167361        1.3478820477554041        1.0818325006729361        1.0944616184135283        1.0495640153338042        1.0466745581763495       0.92733374354710429        1.1296152946136164        1.2427701146531585        1.2353749145949324        1.1982118712702239        1.2703611159666699       0.99999598387118882     
  0.98545421190032734       0.94126546838222780       0.85067153973903087       0.94116090818906728       0.93829772927570831       0.83539837650367998       0.93638399492145197       0.93626489033194538       0.96494129687943153       0.74240016026020017       0.94724179962150135       0.93248589810186755       0.94270837460655721     
   1.1447830400685786        1.1422310040835657       0.96323892980800119        1.0723224816900088        1.1643806741226337        1.0719934759407277        1.1096920979588829        1.0251790002766283        1.2328637427236282        1.0210537325574096        1.2422225567360483        1.1271021766380778        1.1068032367592859     
  0.98892553276044215       0.95633153437629503       0.88809816646125994       0.95486127468815263       0.95282158301009745       0.86918103453964135       0.95229109446419469       0.95168327234977435       0.97118289216163833       0.76775077850282680       0.95893317178301218       0.94994620006576636       0.95668791177184831     
   1.1410384782228657        1.0618161428057682       0.92066829343669176        1.0286458934501825        1.1121299778718370        1.1078559378269901        1.1834631909328404        1.2125893406779455        1.4528345916632472        1.1662991875475008        1.1979789865331254        1.0746773791575932        1.0524937352926582     
  0.99247829195026582       0.97165029085056842       0.92616447026447013       0.97080722880587711       0.96766674436829159       0.90505624452385192       0.96862115268212690       0.96720989842830751       0.97764816665978349       0.79967412833703200       0.97051411744137239       0.96724323735867423       0.97106984857724477     
   1.2278065176498258        1.2683090968258588       0.94021207701577114        1.2831716957599741        1.0768116219505479        1.0673327212577830        1.2288390624249474        1.0604840688870381        1.2039812197671276        1.0183626966493784        1.1628188303508757        1.1570497499457213       0.99054635940367042     
  0.99606877531184046       0.98598747503770223       0.96376412288666158       0.98511451651891924       0.98364149760863229       0.95104580630219715       0.98448151717302634       0.98358882238360101       0.98733617305442711       0.88188347991363858       0.98505380374554918       0.98379343655892415       0.98579838885431670     
   1.3022067896125873        1.0608802160984607        1.1517469450205327        1.4193518479834870        1.1382213266687409        1.1439991671746983        1.1254671767606783       0.99365037803040390        1.2650942246715526        1.0461621916372159        1.1733690544234612        1.0316200167270171       0.95940564396096983     
   1.0000000000000000        1.0000000000000000        1.0000000000000000        1.0000000000000000        1.0000000000000000        1.0000000000000000        1.0000000000000000        1.0000000000000000        1.0000000000000000        1.0000000000000000        1.0000000000000000        1.0000000000000000        1.0000000000000000     
   1.4144564130904096        1.0961680702425909        1.0537109945393501        1.2961841842439266        1.2079001120483885        1.0770435920960482        1.1616247809411469        1.1360318514229839        1.1045737246231133       0.86768337920314342        1.0958218727523388        1.0838957964749354        1.0137225585392409     
  -15.278589772540421        10.493458322826005        23.829991516648917        11.663038686916163        5.3698636624454226        16.957141344087734        10.088888932623595        8.8306686798035354        9.4282930197626573        7.0028731981658465        11.944194573926202        3.9911805591776468        7.0879840685714752     
   2.5619911908237056       0.45541920460010077        7.6542357421445750        5.9631203762599414        15.375525925013319        12.754925195148575        10.078817410402273        12.515489320919846        9.9607560674720759        10.636777375755450        11.127161630003304       -2.0121031392857827        8.2990559460004505     
   10.137840758136056        1.7693996892700501      -0.80162374274149206        5.8531671809291854        11.778395067038547        7.4912789762573571        13.319892931546123        3.9033367050290604        14.587486403775268        15.924120382670878        10.340250234391528        11.876579042695342        6.3407870313806249     
   8.0785340927613465        9.6340007650629218        6.5284015884081246        9.1297794636086387        13.638253882295171        7.6006638435834333        8.9532412290306738        10.066798379044638        13.134132787756410        7.9657987194439945        12.476014916421596        6.3316824654888526        6.8878615314640257     
   10.613727589616667        8.4841082516943018       0.38802496902796463        9.2954990654893574        1.9001775209097704        8.3447627991935889        4.9458346371901971        10.903407664839893        7.1252550096192779        7.6245564865417110        6.9266743479488584        11.056040830157013        11.223597819621563     
   17.518617637333790        11.837380913563319        1.0872774614617902        8.4815898353556669        7.4962195656093540        10.777415097015901        4.1291251462520941        9.9309949794634793        9.8856426261780879        1.8417593413081732        10.482573207185460        7.8413574957719838        4.6256879983015491     
   11.161969599180775        8.6695628576667261        2.5599499068166529        15.376094149288425        12.168327199460959        2.3102352812942288        12.577957575721021        16.806217245820854        7.8744201047353313        7.2267158482970419        2.3549530155088032        12.225674378315880        7.1300519978382448     
   6.1005347848436955        14.741175426979792       -16.637365476424190        7.2801612840683427        8.8277113813684345        2.9241870979503228        7.1055631022498673        3.1638161210364251        8.1329894359679926        12.250166226748439        7.7110574742567932        9.2851048777575489        16.687041860000001     
  0.21342377322466305     
           1           1           1           1           1           1           1           1           1           1           1           1           1
  0.16067216489443839        7.8181751890094103E-002  -2.7086823771549551E-005   6.3921961252030988        6.2504208649366930E-003   1.2115283560874559E-005
   1.6546591907682564E-003   1.7884837675669386E-003   6.4224688747013001E-004  0.49185099025658591        6.4165706697048364E-004   8.8953292791149769E-007
   1.2305617742101094E-002   8.1450873120603351     
