   0.0000000000000000        0.0000000000000000        0.0000000000000000        0.0000000000000000        0.0000000000000000        0.0000000000000000        0.0000000000000000        0.0000000000000000        0.0000000000000000        0.0000000000000000        0.0000000000000000        0.0000000000000000        0.0000000000000000     
  0.11559577674705711       0.18921714611944757        1.6239790928190025E-003   3.3708231578810852E-002   1.6462709365097833E-002   1.4363251449099371E-002   1.1310762261711833E-002   1.6880349424923991E-002  0.42379695956034208       0.14421926324836715        7.7789098002840132E-002   1.3756247639059622E-002   1.4473166086593315E-002
  0.51889353924161863       0.55577955142797753       0.89869415864547542       0.70345702484386607       0.67243363025861180       0.64216610337915503       0.57988152322558029       0.60793054964693183       0.53262612175449642       0.53896688559145667       0.69973981343802993       0.59179747942941285       0.75610397611698388     
  0.18790703412367299       0.30520814229597187        3.2802546255931899E-003   6.7286397804110096E-002   3.3193897817799523E-002   2.9263111623319155E-002   2.3274234215419368E-002   3.4207887773440242E-002  0.56794387855618034       0.22181391919290433       0.13068459891995063        2.7029577959288481E-002   2.7260181611500577E-002
  0.63670794027227640       0.58304594415981825       0.74652997554674916       0.62801050618872767       0.78958273312804339       0.63737204754793542       0.67234697658774756       0.58558679973953254       0.65910460068385468       0.67811291422029729       0.68061892005551083       0.80977633086327117       0.67204732470751072     
  0.23251468255623370       0.37560292150584668        4.9136723671470454E-003  0.10063266890193878        4.8166646208966261E-002   4.3659192360114604E-002   3.7038250203701495E-002   4.9488977680509728E-002  0.62371535414731860       0.24932049313610877       0.16128276965250329        4.0627122994756189E-002   4.2351604225442450E-002
  0.77736427934470920       0.63853074383612130       0.80894547886918555       0.74526632894327349       0.69584500067472721       0.62359357664425386       0.80634435682977956       0.59305433495764903       0.63848623779382019       0.60351952553019172       0.61636496978874700       0.61898054361181609       0.60327046358631997     
  0.27214304500940489       0.42017479758678816        6.7688145693887165E-003  0.13340079248676129        6.3557748872651351E-002   5.8302781562093509E-002   5.3833823439041799E-002   6.4993964285651684E-002  0.67207439931045621       0.27227393224826968       0.17998776786174403        5.4912333351488311E-002   5.5402480788784507E-002
  0.72612565140305896       0.69389360131162370       0.71162754358349045       0.70110110165320827       0.60011441521007547       0.60364675929976219       0.62306319737246330       0.63180292706555352       0.58666711618289102       0.67146581924232807       0.56920252095859769       0.59428410860162839       0.74607087240567560     
  0.31009649114844073       0.45550893619454602        8.8502458078291695E-003  0.16453526844563285        7.9121240385625471E-002   7.2945025330246091E-002   6.9907861303560456E-002   8.0548403715925879E-002  0.70820828770510369       0.28656647443770689       0.19822148103055717        6.7915535160174872E-002   6.9407309462619818E-002
  0.71278405108285525       0.66013102578152660       0.73925165095919354       0.62933228439037470       0.71247631207438311       0.58471043048945759       0.63267786801355907       0.58662006344856343       0.72098819634900213       0.70835508490526566       0.61729728097907033       0.79114910821584095       0.67890855697067443     
  0.34517735893500628       0.48610730507436051        1.1116131624489331E-002  0.19358621722691527        9.4875562630623994E-002   8.7162525941743590E-002   8.4725140519746556E-002   9.6791586136738800E-002  0.73667863280073975       0.30181985949862039       0.21563268448596612        8.0517066290949846E-002   8.4219838282044976E-002
  0.63135680079367629       0.65538606473678007       0.77534182535065332       0.66904880329012439       0.82998881393542123       0.70926740506129304       0.68576916649048025       0.69740531555480900       0.71478046868587786       0.55143461066100441       0.61328069457760970       0.69621731975450662       0.72179001466194648     
  0.37526450874007727       0.51364988009442913        1.3789490611185430E-002  0.22090912695714646       0.10967024560417843       0.10404276945153042        9.9622814623784514E-002  0.11348117432159134       0.75713591934296676       0.31520339774370343       0.23160784621586633        9.3609179528656716E-002   9.8666892220240526E-002
  0.78171304961953447       0.67131235450305693       0.80258814568742343       0.58146841521874593       0.59972339723450507       0.66253671835769723       0.61768224430508412       0.56376349702637241       0.61573893308133942       0.70086315686147338       0.57852420278172301       0.72745820061686206       0.73652027154608368     
  0.40296671247867655       0.53864310435061491        1.6922831790709351E-002  0.24848807403138345       0.12400676996974096       0.12083788355636417       0.11539044187176552       0.13093497822633271       0.77474948128956145       0.32839807720356079       0.24560118663247238       0.10596671979205130       0.11500510501346242     
  0.66063508199837950       0.67476003900581782       0.70189443542332131       0.61498561309817579       0.58908572151205107       0.60348933443906394       0.58989586829217977       0.67260472791765147       0.58604598112033612       0.60410516982197027       0.59800506640298534       0.72325782180664322       0.77554318336656269     
  0.42993636232575527       0.56119078144628842        2.0269863485591479E-002  0.27388901797613247       0.13635126430682717       0.13681613994504677       0.13224450348276912       0.14915332590448566       0.79008337289266772       0.34058600590789395       0.25786221864832432       0.11894037325070224       0.13154145593527489     
  0.63258309844396732       0.54760120832145920       0.68013976089543537       0.81209729190977720       0.56539015442899687       0.57360293184760225       0.65206350340413388       0.59902260711630972       0.65518050449894638       0.61055506296222084       0.67633223374949603       0.74372506935432992       0.69800967414611081     
  0.45327674270338758       0.58160532211957006        2.3927569418088417E-002  0.29986284816740139       0.14887309796283521       0.15170405089804329       0.14880407960427705       0.16736195195370476       0.80328291978045008       0.35137213519139504       0.26988518550634072       0.13171016328084631       0.14768348122953984     
  0.68248602168519967       0.64201143412421136       0.60309779823320875       0.57199716512778864       0.68512253471993501       0.60599804457500184       0.62730580418732662       0.70279295948177800       0.59623192648262613       0.56313138937404039       0.75687774926907581       0.64311353692156836       0.65357290473911445     
  0.47419826291193751       0.60064149824486646        2.7924472131349992E-002  0.32491400233961504       0.16183314576680610       0.16718770459722596       0.16557157927048932       0.18536471382513597       0.81536030861985775       0.36123114032260445       0.28177061003662873       0.14425215270826289       0.16344896317071714     
  0.56978645030018427       0.64291156857216492       0.71583738315136125       0.63538880351119409       0.62606174328683617       0.60054138567508131       0.73779300869756803       0.65488418904007362       0.68790251449357154       0.60328951183062418       0.66991071381900313       0.64376664405885209       0.63625338810042209     
  0.49422769085734952       0.61832741081676990        3.1895892748126077E-002  0.34921930958755565       0.17613428331117181       0.18358328576138946       0.18224836841103470       0.20260097051143944       0.82610805061013837       0.37073250230637717       0.29301645367828633       0.15617109609361632       0.17776503669285310     
  0.61023673086955477       0.66168568880171452       0.62181395176716159       0.55857983409383671       0.73591495132470841       0.60084324664317657       0.71050321202595990       0.68411001397553628       0.54631378848241374       0.62960176618977970       0.62183806473900516       0.63471853999009853       0.53285161029663619     
  0.51298056866724862       0.63459113226735064        3.6381257219319126E-002  0.37294981420914891       0.19037427148915098       0.19953187852903345       0.19789420152419651       0.21806354664449251       0.83599026017259348       0.38011687321070103       0.30426280915840792       0.16871265928636736       0.19172201103925371     
  0.59931965131890341       0.71180092059776601       0.71262728658940733       0.70000785772946772       0.56383060795860607       0.75329489803458005       0.63865226323576085       0.68397542388441257       0.64375842512338688       0.59388553943157940       0.73724380196411177       0.69680541895315651       0.57761951755775998     
  0.53079093818110590       0.64963812872853688        4.1100703379665586E-002  0.39494049563218048       0.20557463568511689       0.21468414721632095       0.21299924489285985       0.23347718156407443       0.84510468565529218       0.38934685862980245       0.31460727344273759       0.18239009833806866       0.20610837627311260     
  0.61392131542368955       0.60815858884347662       0.79128457601037416       0.56386536682273780       0.57868245551644071       0.67684028981585576       0.54114515981888034       0.65173621025526451       0.71427028631371847       0.57519948329468817       0.64315738175151838       0.57719514942297712       0.55922417511281419     
  0.54756243974094609       0.66387330898309094        4.6455387314464400E-002  0.41531243551896374       0.22072983463014481       0.22983032250326202       0.22791410470388626       0.24813472650861829       0.85353802279315127       0.39841749662828613       0.32451932485972113       0.19752891579964074       0.22123145632422192     
  0.58432411506919357       0.72257687109985591       0.72779655780548913       0.64432158639255310       0.55534368574229209       0.53829504749931079       0.68568282064207309       0.63102879996248507       0.80511971514352854       0.57929497856005585       0.87138640334998230       0.80655481489945924       0.64692615483570237     
  0.56264038010108441       0.67730606116332059        5.1774305735983586E-002  0.43453137199069802       0.23574353770697160       0.24442891158912589       0.24248794691800801       0.26269396518147714       0.86187333880092754       0.40714188078721136       0.33480513293671277       0.21410539129886610       0.23670853815763185     
  0.60563078752759791       0.73089328437347201       0.55653710295396408       0.54811799000308137       0.72910644626211207       0.60868870377523054       0.57705844645722704       0.65773693549236489       0.72474651539105162       0.67396335397798945       0.63553822478535760       0.75145750652449672       0.66342740581651094     
  0.57660857890015960       0.68839299276112631        5.7473920525553043E-002  0.45430242413437999       0.25140308439297182       0.25932663206040479       0.25693842085800050       0.27874858426360999       0.86951462108032362       0.41538079862236155       0.34531630848183420       0.22980676801411798       0.25217245423387252     
  0.63544369050511551       0.59870081755734694       0.55288882953606611       0.59062213310324052       0.70664488923949120       0.63425523046837018       0.51695350396179451       0.58015616419622995       0.55215303073828714       0.59182265695044278       0.59191041525378496       0.82397831319427195       0.60512057933537622     
  0.59060707322521255       0.69794798868302366        6.3675243844111412E-002  0.47482560661639434       0.26841004294350462       0.27469315286709867       0.27163626629787957       0.29481266771338732       0.87612488309334180       0.42320850657710157       0.35659588244214691       0.24567873686630706       0.26740272976809903     
  0.67826774086782593       0.58292697575135155       0.62167901034964601       0.66341562806771004       0.59311368253988983       0.57166301094303940       0.56737429554607710       0.71740620033513758       0.56654626506415018       0.67161762112233203       0.57686483455424653       0.56585106532363916       0.56784466857569293     
  0.60451643215928597       0.70699970861264816        7.0579529150837719E-002  0.49505400295390484       0.28515249102672408       0.29069710539950611       0.28620521122721371       0.31026679685898406       0.88271650346482855       0.43028406229481270       0.36767546844456545       0.26157917713883672       0.28092107748723882     
  0.59519342221861826       0.59404172582040127       0.63599298846686059       0.56457326780276185       0.54096580380739046       0.56073567177095684       0.64502890402173707       0.80291818416298266       0.58659986297217614       0.62154030467560450       0.65330305388506305       0.80957012960559049       0.58695645666031337     
  0.61765814377302064       0.71607741677524428        7.7964734050972803E-002  0.51435825398757518       0.30137409675313032       0.30690313817342030       0.30139278932161767       0.32556403671372686       0.88919787464915101       0.43780662360493555       0.37863040126930875       0.27607934306052873       0.29616173491154346     
  0.60109821725429147       0.57203581174698992       0.60868842769487130       0.65687459639693124       0.56907779870948438       0.76492233594257208       0.66362690249929135       0.56786804716748274       0.65068143820340951       0.63397211080044624       0.76404160318434544       0.59628507240783857       0.61476122437384340     
  0.63066330557277672       0.72641543305910361        8.5587963800234063E-002  0.53403981139181378       0.31760081231577358       0.32150312139315790       0.31697756509782982       0.34100507064286989       0.89511379617182041       0.44564901720235978       0.38955215434572554       0.29092618158662775       0.31245216302961359     
  0.60106372347564296       0.64213498269359337       0.55785873572502842       0.59791915173543264       0.67795679709156964       0.66443401738622765       0.67965405958187886       0.69967483959389820       0.62718479030561503       0.67710045055072920       0.64288540223038471       0.59997278024497425       0.65325466182526704     
  0.64337051613964791       0.73738669052377281        9.3180707862036680E-002  0.55317384956061744       0.33342792139622224       0.33518130551123598       0.33203559223834783       0.35595496611204691       0.90044177965006733       0.45325897881933930       0.40122306036549477       0.30670124016308009       0.32963606939858775     
  0.68946963381144299       0.67542539922911360       0.66757865172108710       0.63552654638835937       0.69790222453788042       0.63418875669719454       0.61664301382206432       0.63049669388195029       0.75137080613102003       0.60051599584789461       0.62397182014539854       0.63806994143124596       0.61286615140747824     
  0.65579215432427795       0.74660018308831444       0.10088690600276026       0.57173406218966705       0.34904774809348715       0.34952213052542619       0.34670314111244699       0.36989748358274177       0.90534397438609537       0.46062338071822662       0.41364138754360436       0.32307165642734625       0.34760192161334497     
  0.61955678731713093       0.59141708534465709       0.61279205114307078       0.58232542185852421       0.56985500091223473       0.57255258543724885       0.72030558171427650       0.58895038037643266       0.61064409106086859       0.67557057914059671       0.67419832431895621       0.60794105779712970       0.68509689106550387     
  0.66785610316261024       0.75483337558178509       0.10893368400752472       0.58973930633161042       0.36480868318621318       0.36587518187049806       0.36184318155953898       0.38391902604120226       0.90986764101863982       0.46808814191137899       0.42649840568957842       0.34028919801733093       0.36583212146799710     
  0.66650691326072553       0.57255154319328694       0.57879103365018980       0.67046634079903034       0.54232012508988925       0.71665631552783093       0.59795424962438160       0.64297849563195186       0.54045232693319689       0.63053695325301051       0.60386294189191991       0.60966986273099977       0.57683168455181544     
  0.67946417145780424       0.76337775074324044       0.11746941523383884       0.60692731008242395       0.38153956473058909       0.38305852551741015       0.37712978172276312       0.39866207222923727       0.91426965716328734       0.47558794983064673       0.43951238305226736       0.35714546261807600       0.38329810952525423     
  0.54026671279861782       0.56935427794687443       0.62809462243173453       0.62805025299133721       0.63122400758478592       0.61440401251518040       0.60562345624687952       0.70701681185179843       0.62355773643421564       0.75799601725785792       0.68172051571105163       0.62436347106549928       0.69292147800452586     
  0.69062867122891847       0.77191754466696660       0.12649446279772444       0.62279971683756730       0.39808239316931410       0.40049378540655706       0.39100425881375350       0.41455994832042398       0.91866517142823823       0.48279753829973449       0.45227735751251130       0.37356005530043362       0.40050043839927613     
  0.60422434345144715       0.63271459471211744       0.63598851945978785       0.77351758982124375       0.74483766382421568       0.68524380986116384       0.60591826087990364       0.60068561342497240       0.74489058013792731       0.74294841870971506       0.57152908334798924       0.62029889883098988       0.68189355718797651     
  0.70166903067903552       0.78047191537299110       0.13593511790517551       0.63794136718827965       0.41450963134022611       0.41598364483015887       0.40513083302529102       0.43050831933908373       0.92290882441594879       0.48985208128284619       0.46601534361035868       0.39072734450816299       0.41760701147445950     
  0.55935886475978014       0.66333627769216119       0.59852896437932079       0.72875542502731683       0.60774410048210969       0.61967249343267050       0.75496781596844476       0.62485737009405729       0.62223113670821339       0.59834547746127187       0.58893486356403735       0.66066669550862633       0.53064073234183473     
  0.71226570852033977       0.78849919757501175       0.14548546950255301       0.65353211387485100       0.43117643356116714       0.42963381839518150       0.42032923309467218       0.44679931895903308       0.92697176555601102       0.49683936684483787       0.48034898492784811       0.40930361064865917       0.43537638068132456     
  0.62913370073364583       0.52932204259114268       0.61596023557671975       0.59371927513344147       0.72730425887857986       0.67217023985059754       0.60652443828593250       0.62241433090588127       0.65818544470422535       0.62564224611447128       0.76592480616657843       0.71022361200530981       0.68364964509948012     
  0.72297271892166870       0.79582999630041651       0.15527304925189891       0.67002911933413078       0.44746567969822248       0.44165450424630393       0.43635215624334123       0.46325922621076027       0.93069683361956890       0.50368708352211011       0.49557502168640699       0.42700641316900856       0.45201104844599926     
  0.59628002793182810       0.64839544706348917       0.50649575459333629       0.60345239762970837       0.83835732391527040       0.57678840404208076       0.61394436011072595       0.74041677754648605       0.63756129768311776       0.67903421511794226       0.56489850901192240       0.63695130663335153       0.60966384368271476     
  0.73391899608245137       0.80302564021542822       0.16556508726372060       0.68605462469850975       0.46362492491746310       0.45430052940988658       0.45289093554931975       0.48036596281791560       0.93402889887137230       0.51033512448649065       0.51121256745454757       0.44403520651729345       0.46818707424636852     
  0.71351885984736807       0.59028771821982762       0.68705481610301555       0.71159644441966008       0.65359441169261223       0.62837588551474732       0.61981480012008661       0.65000154920551467       0.63730144972864622       0.58972407554720696       0.66968724972932303       0.74821911726517509       0.63232135012469382     
  0.74488178834875440       0.81052716848929096       0.17649607044110596       0.70235400609367682       0.47991652466931112       0.46876076864547600       0.46921811702934124       0.49730460817242256       0.93723030162687282       0.51712933250062232       0.52711233643769051       0.46068168039850932       0.48358482522914320     
  0.67905989657780219       0.55671394150515685       0.60584813402725601       0.65547916232017411       0.64424440694737428       0.61830582504550591       0.66837724882817262       0.70242580503664875       0.65645528392289243       0.60930684251175182       0.72414363062374620       0.70972938990714485       0.69766418320897983     
  0.75313233843043470       0.81803933424160058       0.18667657740400878       0.71825215566991296       0.49379092646000028       0.48629283104342103       0.48549301614740104       0.51401138320094231       0.94033407935092150       0.52423479149307994       0.54340417683439912       0.47586396676793247       0.49918595345702327     
  0.60198437134698679       0.75451178591090362       0.49663817011694084       0.61575599984006113       0.61107700218749283       0.79421980217584365       0.59228326725129499       0.66220328173592025       0.59285239484591779       0.67399990893545014       0.65803667914650921       0.69060679125917190       0.61601478662779063     
  0.76082661849294786       0.82563821929729275       0.19848363304726616       0.73178799682344686       0.50671152594913305       0.50296586640637364       0.50303599233620300       0.53000165563240353       0.94331556056849730       0.53137997458718289       0.55925863305128087       0.49119981218113917       0.51426909343172544     
  0.59071134534551129       0.74453561646266286       0.58018671676764078       0.68070447897425457       0.53350901665845640       0.57988340260516746       0.70585999838531444       0.62139395691887689       0.60241138503588332       0.75481055863141200       0.76756086832912385       0.65844221160063399       0.74154186087111607     
  0.76844698044051096       0.83335471913509707       0.21093807000663184       0.74435089728668224       0.51975865780205266       0.52023065440129956       0.52082309409272454       0.54539649901456400       0.94623317416923924       0.53867512642910087       0.57470244365829715       0.50574840865040349       0.52936097633878298     
  0.58250106535581525       0.63232419931937345       0.59620647779530223       0.55429017453755991       0.65770737262667722       0.60429135896942099       0.66920879868022232       0.63761132348823168       0.67438544755084451       0.71019703630605657       0.60633374339311108       0.59041849465706564       0.58959161875290234     
  0.77568117862548380       0.84094539615957953       0.22452410331049683       0.75606173333724191       0.53295056147900910       0.53724026474169084       0.53745851812810719       0.56073555596863289       0.94866036912795493       0.54613893494720522       0.58986450206628271       0.51986012229909229       0.54390498978301105     
  0.56425470887029250       0.60390250437167470       0.62483411552893953       0.61650900865061453       0.59617413806760744       0.69790764978386388       0.58929231284216466       0.69898378288902685       0.70569193331621427       0.60221199954957139       0.62648206723632760       0.54343701299217584       0.54955514513314230     
  0.78468113909120174       0.84757194564933269       0.23944394037898470       0.76725210181736347       0.54826568063804881       0.55280296227750936       0.55392258207138589       0.57668638202735523       0.95077414084150713       0.55380654422484044       0.60545122874174295       0.53418117661579301       0.55819659327426641     
  0.56039830937655466       0.62030422120947115       0.66553833960703279       0.62760647164917671       0.65248113449442080       0.62736853872306930       0.66614559274592922       0.58482259278726090       0.58605389318845780       0.64738738176315769       0.66584678515815576       0.66212137896656809       0.66475594705467644     
  0.79387583362761127       0.85423656378455015       0.25512021831649406       0.77840285487725991       0.56485885429629967       0.56836921947360608       0.56845919928385891       0.59317616728564326       0.95295138728126272       0.56152945694415590       0.62161295321354815       0.54836966792042985       0.57597395369610249     
  0.64689537151077336       0.58649041103009136       0.64169598268761185       0.63117632989447248       0.64094227044415064       0.69908273781464714       0.59654986721413417       0.66207043288950118       0.68755257530612079       0.67471618719352011       0.63593529195903864       0.58132088392182968       0.65586285896919416     
  0.80265033589978618       0.85997220591359413       0.27119565059509254       0.78936173231298845       0.58102597005208423       0.58383003840519865       0.58393827452690206       0.60976183895581593       0.95501997331011379       0.56925940598319735       0.63751952697876479       0.56068086933406291       0.59341402722589109     
  0.66985660454053619       0.64976260276329234       0.55962329644526532       0.65807917238819491       0.59517961568921385       0.60604129805640494       0.62483150292334289       0.70024504719240788       0.59199860179262032       0.69830407604560474       0.61250283353846580       0.65414793009538630       0.67335509495200419     
  0.81113357569957056       0.86594545902827857       0.28906984048324968       0.80069451350645482       0.59677331950079959       0.59967345429336805       0.59957978333096384       0.62681775081420388       0.95718938624388983       0.57665472831138165       0.65343352311575631       0.57418691016687595       0.60926780832529082     
  0.57300281521412744       0.59798425537936906       0.58191075711265705       0.79891004444187763       0.68826317888991373       0.57672227149025868       0.69624645231030224       0.64112845882109937       0.66546538039810721       0.70310981461769873       0.57982292590656959       0.58277838202246157       0.60798398486074867     
  0.81938497907115171       0.87230800820903476       0.30712231693873393       0.81160673046954068       0.61229382146316336       0.61679845834692348       0.61618588963263365       0.64380231259666876       0.95957096411771003       0.58367488371658882       0.66940833743498973       0.58822487457016093       0.62442072841138774     
  0.56985500091223473       0.67868575212590798       0.71247557102067405       0.66692118826816038       0.66798444583251126       0.68154391550952820       0.74964144693393697       0.66316687516286799       0.65041845639040485       0.70565497725342730       0.61817118203040666       0.55329557053483891       0.60806662732812067     
  0.82716248115011437       0.87892318012629200       0.32542328114535557       0.82069194845742399       0.62812322142112986       0.63408303291549140       0.63277324312403238       0.65889119313593680       0.96161900509547726       0.59080945539032037       0.68613919259073752       0.60307410307816856       0.64151193234148218     
  0.73270316174497463       0.65869258552427412       0.68175952631308678       0.58436988162337300       0.61089433518203629       0.66030897438215352       0.56876132458334094       0.52996197016499691       0.49479288935678362       0.65518981465392034       0.55483965762979714       0.67575673528953095       0.61091115300999799     
  0.83495564463385308       0.88530378625371653       0.34364302771442634       0.82890951283942094       0.64485889132631125       0.65100722970283564       0.64992485466634575       0.67379495034755965       0.96365846268032862       0.59744512265039840       0.70329553117367283       0.61805462789758181       0.66110960736156421     
  0.73243291273398448       0.60624554661260055       0.68424420905587979       0.60085741901862177       0.66694500792006139       0.62732965438792843       0.56082739746689936       0.71778163165861397       0.66425291839191147       0.65436698955549011       0.63223334255827845       0.61071673675093152       0.72399946008731930     
  0.84266636962688302       0.89155311802340509       0.36248456596927975       0.83688130822859608       0.66209642899866772       0.66800004125587320       0.66668236253348556       0.68869662263079734       0.96550477691366432       0.60410164087323426       0.71995508528024643       0.63281823451860808       0.68049197977031151     
  0.65403556787192874       0.64050935748535776       0.66165033682794760       0.55066637678370722       0.60508316899515813       0.66453678688089013       0.67865203366896110       0.65399311935954907       0.64010905837452825       0.59141574593387480       0.66564549321599964       0.67683245705952011       0.57109749873579674     
  0.85030888565822160       0.89728466877257618       0.38121330458605335       0.84472675385813945       0.67972483797623651       0.68507551624152541       0.68233589992034061       0.70463594113932171       0.96732699538731748       0.61080738479037344       0.73569189218882680       0.64711243179831857       0.69753637460180062     
  0.55155001703848971       0.71163592891419369       0.63099796415607290       0.55893236229770105       0.65087658621805777       0.63259284120454851       0.57186431436629592       0.58099307799409350       0.62592539013598736       0.58318617354968005       0.60970565358602535       0.60853485176615429       0.62248614251835477     
  0.85791412228860775       0.90291159787641451       0.39991965344991232       0.85446068487366778       0.69762120661540217       0.70156532848225628       0.69789651690775034       0.72180631353375413       0.96915977759184613       0.61739579917787979       0.75208406310931375       0.66070732019462564       0.71362359855673552     
  0.60054985068576860       0.67124327939208828       0.57171767903718329       0.66027480554720530       0.56955115528415501       0.78440585632910098       0.63739643573166849       0.59840297159049738       0.65333007327098203       0.71513110577810057       0.56073896928072942       0.70128871523399616       0.65396323396058098     
  0.86545376395622731       0.90805169873662661       0.41969694943218921       0.86445934857620077       0.71484485009466603       0.71743951317500498       0.71313793360641531       0.73779980881020113       0.97092998891294580       0.62425418217488815       0.76872814621196883       0.67384469340389130       0.72879583140348503     
  0.63857946135408539       0.67131682211628385       0.56276351574241490       0.64863536961000190       0.62613451663390995       0.73918123454859663       0.58073092892129108       0.64428168686621701       0.61438223425593208       0.58564213448771996       0.66316796606561290       0.57785199256241604       0.74124011806360657     
  0.87296196995877740       0.91321307670093477       0.44126780937627880       0.87406730009265843       0.73197230197876717       0.73406013923508828       0.72701558916886688       0.75267922168086332       0.97270261753315423       0.63242881902205283       0.78611794691806969       0.68724913920040831       0.74612298477144912     
  0.55547676464095463       0.54847521471012439       0.65575487533417209       0.73763647422637701       0.62062739912350784       0.70749358260356709       0.59446507635028067       0.62219037909953101       0.66658969246362454       0.66800369305203944       0.67683128969196749       0.58114476963423434       0.63910362706033708     
  0.88005606177036244       0.91828848507570393       0.46488815751989493       0.88266379227947267       0.75057133639303497       0.75103154109322157       0.74005516821308626       0.76774214738206858       0.97443617349434386       0.64118104174541690       0.80312170615292866       0.70153573978843209       0.76387850587870665     
  0.58247059418088143       0.56842332677299579       0.56009676011532461       0.64927363709937491       0.75761249346860837       0.70985103353731160       0.62220405785751587       0.66759242898393178       0.59741466368832097       0.75090220787635831       0.71006387557260142       0.60089891415762597       0.57538058541676851     
  0.88715657499600087       0.92336155122107066       0.49095394333059011       0.89052824402667408       0.76666902652770352       0.76776841619232339       0.75428228466097469       0.78309129285712020       0.97618008823523883       0.64903772068514265       0.81908766751570916       0.71890155122742661       0.78179851789204202     
  0.59224836092394428       0.57949237580426405       0.64341774301034871       0.66808791438915105       0.62021802861138187       0.57960503001115382       0.64206059969587892       0.58090239233418062       0.61250902868736035       0.61186445587545546       0.63296214817979257       0.56805465792670229       0.70061938100620780     
  0.89459926676334878       0.92828162790544477       0.51626115559751395       0.89827406357935680       0.78271916793284335       0.78493798798273540       0.76867896612841613       0.79900731820764970       0.97777681630706270       0.65620480359627764       0.83421655883358403       0.73893113832676349       0.79988479166366078     
  0.64707293513344621       0.69899170757632989       0.67851751153885886       0.59428311037967108       0.64845866285118392       0.63140967012021498       0.61986046720962351       0.79362962511649937       0.60719313816716247       0.58813870695131742       0.67351140211369442       0.61597768342277170       0.59101198449725989     
  0.90225129646007607       0.93303706471964631       0.54302921977256513       0.90665594327236443       0.79661984005995512       0.80033760200137416       0.78430247623910554       0.81525798765844359       0.97919688615178913       0.66325232357604413       0.84894298485132347       0.75904921610081943       0.81752984153289032     
  0.62628826823122219       0.58054225727268283       0.52631203154201900       0.57925283761772450       0.56339970101221537       0.62084423116003729       0.61819081310440904       0.74237019813594562       0.58253311737583313       0.66255192301819799       0.64030486123873143       0.62160702676346702       0.63553853187241438     
  0.90969575143123338       0.93791414090420566       0.57051292192323977       0.91504255978921067       0.81059376622143020       0.81337592442746887       0.80089719346447830       0.83163074842910611       0.98062276028500539       0.67020697300990129       0.86356093256639599       0.77867261657303910       0.83462553365380487     
  0.74409608308560216       0.53607639569658960       0.55048428796994575       0.55423799461772338       0.59444138809475711       0.61721685185641229       0.62491402918165428       0.64242563853703938       0.57856438665804377       0.61184805212959992       0.60764875463077528       0.57119864220509819       0.65089385101716868     
  0.91670011508394089       0.94284094827456599       0.59888367260530995       0.92318545692752918       0.82595221716614697       0.82542241361605861       0.81841216118217563       0.84716824749175756       0.98211182587512247       0.67891035310974390       0.87740713031948714       0.79832788949294486       0.85140471245786586     
  0.63671365457042395       0.72055019901402828       0.63676258728653823       0.64602404197375218       0.62056773829934997       0.61821507828881606       0.66526003671326672       0.61162830012016178       0.57021538716885212       0.62991589263050507       0.62368712800412296       0.60593164858978821       0.65317667942580537     
  0.92361381974418377       0.94782555389540446       0.62855786552781756       0.93106193828897932       0.84076829278844412       0.84077784033284519       0.83502187392558669       0.86331189968499944       0.98359377281158999       0.68901802565323289       0.89017223717246385       0.81837633716799607       0.86786720137613194     
  0.67066745200106292       0.71096241972372443       0.67589648246038314       0.62054263112147723       0.53378486434963124       0.66371488253272337       0.72645003253816010       0.61199226050653166       0.69172969851533617       0.70210375941800851       0.60695121294260290       0.63620095114380826       0.56605963534410197     
  0.93072306831367535       0.95278348082580333       0.65827194964155433       0.93835627152459933       0.85586627499062651       0.85760632052680597       0.85141246638756463       0.87859458557824166       0.98497979491285459       0.70019748587068531       0.90301108780260275       0.83665256141631605       0.88424259392632110     
  0.67393299847543420       0.57739534803936576       0.57761951755775998       0.64217208964905270       0.55307661673872521       0.61235188591844913       0.65948946076615445       0.62467178549035152       0.82762792792511797       0.63029395803761612       0.66552033555368606       0.55238851421050583       0.64034476959323394     
  0.93769832481758608       0.95784204639179205       0.69067729427417890       0.94522148729500766       0.87185979424917448       0.87324012423583630       0.86816758890084700       0.89254127505168979       0.98636311624364470       0.71177290513935132       0.91543610661573949       0.85433543400654721       0.89911909048654648     
  0.69711958198823487       0.65598231489630210       0.58305155611785220       0.61710566850354265       0.63014221803652082       0.57741822342221416       0.61438201907189938       0.65093823338021939       0.64801073178144186       0.55152987549252930       0.61913620935484237       0.57176223620235878       0.61201480428007649     
  0.94444449303848210       0.96307886255122410       0.72405567476166610       0.95210055711154007       0.88745406340825883       0.89012645135244062       0.88553636754426579       0.90254247432095747       0.98770005826313301       0.72295792531538372       0.92728782714753955       0.87265051976021368       0.91077333886728029     
  0.65888131222400803       0.69897568967101642       0.65895456475562786       0.56621068428511467       0.68435698872317607       0.65713440023860203       0.73253839360953044       0.56668947439487882       0.67825202532570350       0.70297491301198689       0.54026671279861782       0.58835324604240591       0.56453158296355332     
  0.95064503672364664       0.96808262483062735       0.75892924387178828       0.95914092323982825       0.90247540736873622       0.90630987822910614       0.90189723305431435       0.91269092401986052       0.98881863651121105       0.73480107053255572       0.93906799546195519       0.89181997594937046       0.92149061818086286     
  0.61169750882824581       0.75253153461883848       0.60616941548988501       0.67778005217617576       0.60892069837810570       0.60553898948614804       0.62993251709132025       0.55114911531158928       0.73930323870921943       0.63554570637537600       0.67903134927367814       0.61586600245102530       0.68228288064387421     
  0.95671302888246745       0.97283455756531856       0.79417778623982593       0.96615120646695629       0.91737324896126737       0.92255881423062325       0.91737319003706019       0.92390911493522920       0.98993975587248939       0.74815181678604026       0.95049666990690251       0.91126110777187186       0.93277652275990230     
  0.61700931420457283       0.59790024811903553       0.61568519139200251       0.62647532011744667       0.58570257892029609       0.63664749475037119       0.62317222034945441       0.56306456801713145       0.59544876281244019       0.59608076255627418       0.66759946185143659       0.66398002121700161       0.59308095990463361     
  0.96251928390398633       0.97795078963973892       0.83014558339811839       0.97292198342447900       0.93266269273739255       0.93875483029509987       0.93321362894687587       0.93883286223961027       0.99106412670118016       0.76497575561360409       0.96154913897127370       0.92936142367354280       0.94342726283411316     
  0.63270083404738831       0.62110165594019284       0.64561331457519855       0.63234317529930273       0.78160091885663718       0.57131332870763463       0.70055866855306859       0.57579771429610449       0.53946011150548123       0.70070557960470237       0.58890177292548596       0.57076829585098177       0.55098174827154245     
  0.96954569203010621       0.98312538183372766       0.86831801552516663       0.97940194538119341       0.94956677824768887       0.95471068632654887       0.94899452330189349       0.95388906556067254       0.99236024141660839       0.78518942747610865       0.97276500756550499       0.94637194838403893       0.95658382430171718     
  0.79715649674086020       0.74206548762997715       0.57872594950959799       0.63978525383402129       0.57074261995690823       0.66755892929529181       0.65043498096952224       0.59983418879639139       0.67084045321492891       0.58457593744125280       0.68222398447650390       0.58303225331683817       0.63398162532585334     
  0.97743831151043614       0.98837825347730124       0.90918765067340046       0.98614988410499838       0.96593641097453609       0.96941494185558175       0.96473705644211838       0.96857852773814246       0.99405839714718480       0.81550556023088583       0.98219367541761238       0.96364501593864937       0.97060323459259079     
  0.67346145438504579       0.70248620119002347       0.69304843913667813       0.76720640539906582       0.61501576416071146       0.67031064952798680       0.58020538221414231       0.64887238184043816       0.68801996471413807       0.58830994020181249       0.57285815381111371       0.57342698210270049       0.53218237955607806     
  0.98783259705051896       0.99411502305702482       0.95363524269284161       0.99279837544532290       0.98255173881212188       0.98471423450174966       0.98191542561516909       0.98451708134279992       0.99655813364893653       0.87238242160947310       0.99087558814029175       0.98199478184229150       0.98526118275642061     
  0.87985688589851740       0.67729465464308714       0.60868920091358170       0.60452454413611778       0.74619925324885172       0.65904760671612250       0.69506925434850775       0.61522400028012081       0.81807749925837270       0.63973124941210147       0.54419811883858948       0.58207780751071880       0.61569931478774953     
   1.0000000000000000        1.0000000000000000        1.0000000000000000        1.0000000000000000        1.0000000000000000        1.0000000000000000        1.0000000000000000        1.0000000000000000        1.0000000000000000        1.0000000000000000        1.0000000000000000        1.0000000000000000        1.0000000000000000     
  0.68883019206657292       0.75564782524734520       0.61361684261734195       0.73812799964417120       0.65532777040338097       0.59932108821360686       0.59788915840630230       0.59687790802672025       0.56036564134009081       0.54026671279861782       0.51221472215030861       0.55051352948043863       0.83523458689312780     
   5.3306422589559146        8.2905537911068379        15.831792429042688       -4.4442237744728246        7.3985751968340141        2.6893868012389968        8.2326638101063470        4.3992485239976560        0.0000000000000000        7.1974074086148443        8.1553720852062970        17.819695091741963        12.298848892475112     
   6.8789931285424704        13.429622153978228        13.757612189927089        2.6831742462827064        9.5543210295621108       -1.0810779694630537        7.5180276292472801        8.8417360037507251        0.0000000000000000        10.539641123624172        10.921631104641367        12.505321591843359       -4.5772661039741251     
   6.7656280447511001       -14.370266953733497        10.158852219624508        3.3534070422565536        7.5698287570880272        5.4298601343470940        1.4332739190356643        6.5037969033020007        6.4419969749053294        9.1417749335993292        10.585445816322274        11.425056841775078        10.466197895302345     
   4.5861781612340504        9.3730098484247399        4.0574922380173746       0.46097687021459688       -5.8066651350490393       -2.4512814272268248       -4.8966747531921220        11.823802982037938        6.5433095043590601        4.4837919312535730        7.2923783606580699        7.4083222242446540        10.602877033121301     
   10.950287506644369        9.8997619238407761       -1.6647499899033743E-002   6.6885299012031449        14.175615487764858        12.448777692155382        3.8558387239359928        15.709667802122704        4.7328770243099934        2.4891137749125147        3.3257757313891063        5.6734160787645314        9.6232954845937897     
   5.3723914596604656        12.558774936364630        2.2354796103801786        8.4823049743768699        9.5723294022628345        6.6271558973011260        5.1102161784364792        3.6488708020181067        7.4565614195243901        11.091261904626272        13.278414457068077       -3.8705112256464904        8.5519604969236642     
   5.5600961720349655        9.1664875978795930        6.2172757659881972        12.667361253127890        3.9109736653660989        11.582953049252579        7.0262175616103821        7.7702061594304928        9.6208123611605423        10.024823238621918       -2.6037641235935225        2.0738022084932255        7.3213952761031820     
   8.2351967368585122        3.9413791610649418       -12.886669732594347        10.691083035965525        7.5293571611793020        15.154750709910875        11.683914783653238       -5.4835347700591415        5.9719000704106513        8.2221756090805620        5.7526533381540084        6.3338378916479501       -1.1362976561997833     
   8.3921722931624515E-005
           1           1           1           1           1           1           1           1           1           1           1           1           1
   8.3282961111220483E-005   3.3454707522430646E-005   2.8084002888478723E-007   6.4346516988199483        7.0374354904051119E-007   1.0661318512022016E-009
   1.2912867732223337E-006   1.0404779580430993E-006   6.9137592117083653E-008  0.76756694106441936        6.9090169313802132E-008   1.0607701612889783E-010
   5.0000000000000001E-003   7.5915277450137504     
