   0.0000000000000000        0.0000000000000000        0.0000000000000000        0.0000000000000000        0.0000000000000000        0.0000000000000000        0.0000000000000000        0.0000000000000000        0.0000000000000000        0.0000000000000000        0.0000000000000000        0.0000000000000000        0.0000000000000000     
   1.6369038157660196E-002   1.2672125976024432E-003   1.7243865848028497E-003   6.9026538521986175E-002   1.6040188115678380E-002   1.3990235705290812E-002   1.1300735410401413E-002   1.7714239391376195E-002  0.27479181768115507       0.10808982706131359        7.3784297804624088E-002   1.3077330178803312E-002   1.4652504626072715E-002
   1.2049433227518993        1.4463694886726608        1.8039516226822052        1.1055592254985775        1.1292016354839152        1.2748636135821396        1.3514866780353210        1.1240101988136797       0.99026140573619092        1.0868432318249606        1.0858200285994397        1.3080373354841208        1.0800379226425214     
   3.3163551084953606E-002   2.5390173253179819E-003   3.5441690151574905E-003  0.12288529544408462        3.0821242358402681E-002   2.8429603646905006E-002   2.2559186304454065E-002   3.6162710648167062E-002  0.41959350582096749       0.17287476890633638       0.12696229139442211        2.5928485811256324E-002   2.9842666793902069E-002
   1.3568888661938983        2.1768847974870074        1.2151971991413011        1.1115738771489261        1.1575787648151221        1.2400009297139531        1.1143493088203063        1.4063326956412421        1.8619376777571817        1.1296875290245108        1.2099661260950338        1.1931757501945193        1.1472114189800837     
   4.8946812281429289E-002   3.7859482893576827E-003   5.5465624508781045E-003  0.16453857044332781        4.7099636477759589E-002   4.4049671049362263E-002   3.3451029212793540E-002   5.2599679581730528E-002  0.45028708360301428       0.20728108562392367       0.16262624571643355        3.8734904902160867E-002   4.6233096386332176E-002
   1.1828189164871752        1.9728776511803021        1.4917442429068892        1.2364984578526990        1.0641109443364773        1.2009322380952339        1.4381357783364288        1.1354193810360182        1.4859686960457907        1.1924481838775753        1.3157915205152100        1.5374901285085147        1.1444197206306506     
   6.3945228156063405E-002   5.0526428073100291E-003   7.7777296078609549E-003  0.20103832419063086        6.1708344594635763E-002   5.9828018649709533E-002   4.4461997054506597E-002   6.9605476584101766E-002  0.47781258440316998       0.22800776323869545       0.18966108150960409        5.1971337610978968E-002   6.1735132040109948E-002
   1.2848251488010631        1.8831759685338707        1.4572029776125446        1.2001619561948049        1.1430512615574500        1.1317181476489302        1.1945808080011158        1.3463896330498406        1.2490732081230473        1.3265878099633157        1.3485142142837110        1.5243704721389271        1.0723194233165401     
   7.9181904248527585E-002   6.3964989717671698E-003   1.0195341006628207E-002  0.23232694267089818        7.5933012960519908E-002   7.7594508620060565E-002   5.5435290767905827E-002   8.5743321521349572E-002  0.49999374526956503       0.24433327799155094       0.20986551898604783        6.4989624918829939E-002   7.8153097416465409E-002
   1.1215090496845703        1.4474185143549938        1.1586996427214646        1.3024277251476535        1.3092289179837595        1.4941671126746132        1.4034243364760384        1.3194742048785573        1.3975677774394915        1.1250004484189953        1.2227318434876884        1.4163890192455126        1.3053320559554826     
   9.4435265482422454E-002   7.7692696262134540E-003   1.2782540044111678E-002  0.25930789461319426        9.0086660067357605E-002   9.5117230624943705E-002   6.5685127384173841E-002  0.10207107816903541       0.51992562581945911       0.25826503224579883       0.22627125655450803        7.7462319676052008E-002   9.4332235162793099E-002
   1.2278989524555834        1.5727588688564826        1.3073177489489551        1.2593498668165461        1.1962298510450122        1.2961225261955240        1.2394030180145501        1.0863953555908599        1.1226294897757032        1.1800350220210958        1.2655081888704722        1.6229028345657122        1.2589106381265320     
  0.11125662524477510        9.2723746568977444E-003   1.5634250540878532E-002  0.28388201356270176       0.10565541953223760       0.11198378042282399        7.5428983309312081E-002  0.11870747810011856       0.53806992954708455       0.27064042525092374       0.24043047843022594        8.9595816219115498E-002  0.11161222367803379     
   1.2487175883870421        1.2244712541915272        1.2077314218788797        1.1080251972444339        1.4401938771175822        1.2489209445358456        1.3242927843833474        1.1327149130907619        1.1714882413359957        1.1723045005791894        1.2138388089503451        1.2385224751789492        1.1654371434590260     
  0.12808210782328136        1.0852421423041908E-002   1.8747753208235109E-002  0.30748635026060389       0.11999904173238403       0.12896234585499056        8.5712667564568204E-002  0.13492771376108814       0.55493481842266257       0.28120818432056788       0.25338575431332283       0.10142567521822747       0.12914430182842834     
   1.2479565211865669        1.4885623989620400        1.3332467855625418        1.1610837778559693        1.2588567021656545        1.2017757173978354        1.2818580625620237        1.1297051597541616        1.2829634240559566        1.1605373535332404        1.3345368017719894        1.3954901839265264        1.4309017881711734     
  0.14337637432590472        1.2565212600435005E-002   2.2045746353834533E-002  0.33079216335214889       0.13655120420749661       0.14532132818171792        9.6122247536753691E-002  0.14934488224829756       0.57041950144346243       0.29133651445359338       0.26506346729130459       0.11222125622396099       0.14496368970132673     
   1.2411954700669634        1.1239873107459566        1.2213498341804863        1.1543775226853397        1.4587440328958832        1.0999372185497673        1.3599948949699461        1.1386331753198466        1.1104370432536743        1.1184334441418029        1.2573402383008383        1.3479607712159019        1.0248310790772974     
  0.15821853377341497        1.4440312731225731E-002   2.5595113911356257E-002  0.35216890314812788       0.15312589115975739       0.16085381932692394       0.10649064061782255       0.16393298506945864       0.58458668023885940       0.30072500634843041       0.27638277516959864       0.12277007477993218       0.16137672339363768     
   1.1179805849563398        1.2247136843176709        1.1057001751280282        1.2839112579924203        1.1918417487255992        1.1555362577169213        1.0629895795335622        1.3351555276825096        1.2691667083379654        1.2131221597921533        1.2905419420577366        1.3386453908736868        1.4269054901547260     
  0.17367634833427342        1.6548620462447924E-002   2.9307926448815205E-002  0.37260748306494895       0.16947849111247001       0.17581132771687935       0.11676636216639838       0.17958302900849471       0.59775952491082396       0.30913657982132531       0.28710674699343536       0.13405026378769253       0.17662624270072716     
   1.1915952705602046        1.3821560429177315        1.3328347925392057        1.3226638229605174        1.3009818522823982        1.1380333822555833        1.2781574833720555        1.3151275477731608        1.1177363122641555       0.96200813879686231        1.2444903370740199        1.2978945179647285        1.1367723623853094     
  0.18948310426641138        1.8801267089675541E-002   3.3103680630521951E-002  0.39277652233318278       0.18622993297458801       0.19047226007018925       0.12706459476322993       0.19506653291221598       0.61026624286768294       0.31725417719095333       0.29800121115729888       0.14577880834474585       0.19301527219435488     
   1.2080807938742266        1.3999588885497278        1.2416375684485954        1.2019379691359358        1.3019772310170847        1.0747112588360870        1.2695793504363653        1.2128748353966541        1.1938977121415859        1.1755104220953900        1.2724761312940185        1.3375020721005697        1.0255899436027851     
  0.20518268464789363        2.1108157514210277E-002   3.7039755982845556E-002  0.41232672937621762       0.20252491229071393       0.20626616717247845       0.13702959569369075       0.21086709440558385       0.62201631470987417       0.32568619130815185       0.30952737057632795       0.15786162585308433       0.20931643589384261     
   1.5383413554983376        1.3457476691582757        1.4329153928262788        1.2627626075352147        1.1065960038904450        1.2492321322841149        1.0846228051710609        1.2832933901975301        1.0930057807219480        1.3586608963296365        1.1995933606846607        1.4674226963884160        1.1412795349520071     
  0.22003464160085789        2.3578466162190958E-002   4.1214225491343473E-002  0.43092434354940407       0.21833284337162637       0.22237770845897989       0.14694349086926797       0.22662420482146575       0.63285296328691509       0.33417149467792040       0.32092262600058674       0.17034208614987303       0.22573343856382302     
   1.0501693814027617        1.1593370935677232        1.1590664494537488        1.1287110815753880        1.2774607486741303        1.0639991855089523        1.1856347990633904        1.2727315917404911        1.2118204345375942        1.1622989049593870        1.2495626202798586        1.1036094216188199        1.2068051511770741     
  0.23444483318216117        2.6284940587218829E-002   4.5670663192717981E-002  0.44737453149985995       0.23361465361708558       0.23749715361047602       0.15623355703198799       0.24210262168317462       0.64314898142236310       0.34206026965285041       0.33194051628043059       0.18358159696373261       0.24248627296737693     
   1.1648894995694716        1.0288731818213899        1.2789201459460457        1.2278509367333790        1.2799724255701925        1.1718986908485067        1.1362586102819052        1.2000061989934325        1.0356542442696142        1.2856941391666814        1.1688730332421651        1.2341268546875028        1.0989968760142721     
  0.24893369358246892        2.9131655245524826E-002   5.0201795489891995E-002  0.46130614194044062       0.24861757041253166       0.25293832793743021       0.16548801431221116       0.25630819984258801       0.65297890518714685       0.34992065557853697       0.34211255349758224       0.19765028809591825       0.25982524274035423     
   1.3136818252159685        1.1524638450456970        1.2140860467352845        1.0056840044864879        1.2503631115136338        1.0604653545908105        1.0934046779906492        1.2435893038506856        1.1100835488891203        1.0842360596804139        1.0692197578568476        1.3087834096300324        1.3010278439845870     
  0.26425130701102950        3.2147944969010030E-002   5.4637337900682502E-002  0.47427860448261183       0.26446820281006256       0.26849806289199390       0.17508078437768512       0.27016367228694682       0.66270256997839416       0.35745529458322539       0.35249724946201727       0.21210547236507069       0.27712277075741265     
   1.1498286817060497        1.1112141072628245        1.2251724238122776        1.0513239347312058        1.0672034273285769        1.2204595239537162        1.1632508324355357        1.1876197723017157        1.3373595842525188        1.1173336628955379        1.1560705133686282        1.1757040998147108        1.2453487252464384     
  0.27965062716313305        3.5414595198056766E-002   5.9475797017482748E-002  0.48775001199251489       0.28112291507075654       0.28398509145500184       0.18546472743057452       0.28440617844821814       0.67225781484417124       0.36484001416302209       0.36337464775872630       0.22675802928119468       0.29409974091267704     
   1.1834344562706385        1.1151743580781983        1.1650204430613933        1.0806839137047648        1.1619628262004018        1.2932987263633520        1.2592940317531447        1.0743757374012364        1.1223131218115585        1.2262535449000724        1.1919774661933733        1.2712078488368099        1.1462969725086014     
  0.29469558638136828        3.8896539633772931E-002   6.4616767154994439E-002  0.50210641067926653       0.29828140693194621       0.29910195983122789       0.19694577628782339       0.29899654072618304       0.68182730256758517       0.37229822704740190       0.37440799363326877       0.24106345554193626       0.31058857723494249     
   1.2405561613574172        1.0788485149489535        1.1783838843539183        1.1944591759985292        1.4530212569479430        1.3610768995369198        1.2429929019416501        1.0863811670950572        1.2147540827731700        1.0392480637328616        1.3350633444291351        1.2167491571614588        1.0954168528321335     
  0.31038437790196394        4.2670135475515597E-002   6.9891028737026573E-002  0.51692444760924783       0.31615542411680325       0.31380968056482095       0.20813462056856488       0.31378767532326235       0.69117815122810178       0.37949732565100064       0.38471365930140494       0.25485941179485144       0.32646907284785176     
   1.1858329203994478        1.1002885861163434        1.1167459881231590        1.2484230447416365        1.3012095249293840        1.2366393312199158        1.1477964622536367        1.1757074671635475        1.2038211326328474        1.1799792057789038        1.2987991083073536        1.3319979875090080        1.2969672751366867     
  0.32668462590753650        4.6685534738360353E-002   7.6058278017275285E-002  0.53079329597881286       0.33328267700765313       0.33038208872316349       0.21913893791921954       0.32867149902958170       0.70039163912989721       0.38665200525174276       0.39736045046835189       0.26886951547941201       0.34026505224835057     
   1.2682745933787349        1.3463937570225173        1.2709173601122954        1.1555357044037606        1.1121663670007134        1.1704335202613718        1.0771673817965326        1.1903853133879034        1.1490102811183678        1.2735264004811819        1.3766556637417036        1.1362756121032871        1.1687953479586071     
  0.34255789685234656        5.0838302115075666E-002   8.2439478822569814E-002  0.54413861101011718       0.34952777181159483       0.34668197785029908       0.22996306722259230       0.34423926381647940       0.70922037995564069       0.39406444986707212       0.41109571929841016       0.28437124729649488       0.35430608337436725     
   1.1211883307231210        1.2478975223834956        1.4565466596852379        1.3569916137607030        1.1085291472017247        1.1010045151229175        1.0198166456371489        1.2593690088788494        1.2521337627623652        1.0800115259072152        1.2133564597063979        1.1948951275928759        1.2585291324819974     
  0.35829778318211236        5.5272560368414540E-002   8.9444480839947521E-002  0.55733897572469626       0.36559600660697417       0.36278790080661183       0.24083977533908413       0.36026707706398747       0.71752785344090686       0.40143584000622212       0.42525234030133863       0.30097425593734473       0.36957933858389264     
   1.2647665844677514        1.1461935003991077        1.1150623501029988        1.0475576566548785        1.2227284879019829        1.1215089686147570        1.0550543582741720        1.2742525910993296        1.0418559025778973        1.2742288621766429        1.1130832528243606        1.3765946941432459        1.3128809906837335     
  0.37388320300200484        5.9993479824856713E-002   9.6470586711051742E-002  0.57054479910317357       0.38134680464617671       0.37927013756475697       0.25212258739916432       0.37606594325244186       0.72540372619699245       0.40883808823744472       0.43957734520859332       0.31745111026056849       0.38531577159173241     
   1.2775843453274831        1.0581948891015174        1.1641410473888241        1.0503173700624207        1.0711726411553157        1.2383421586214785        1.1700210348635800        1.2976135125850696        1.1223827151350443        1.3313265123558502        1.1434554627107150        1.5451536916290434        1.1870242806758360     
  0.38900676525062489        6.5274407222939534E-002  0.10356343190697820       0.58360468255975406       0.39767104344716581       0.39491688501253508       0.26395329421645952       0.39131048909157484       0.73296295688056678       0.41614042368028442       0.45302145161748136       0.33348949180215415       0.40085189760998741     
  0.99026140573619092        1.1114847827753451        1.2310462570456473        1.0564132667252888        1.1242067849638291        1.1608287254274456        1.2313693344752754        1.1447192633493883        1.2486528516498421        1.2928296880830756        1.2217441828388005        1.2614020408298234        1.1943081564266493     
  0.40458833357862306        7.0660998729163413E-002  0.11085912827851117       0.59672049987309994       0.41442298013300055       0.40999618119545378       0.27559032308159764       0.40654410352488984       0.74020535974069657       0.42318796344854681       0.46595204008195601       0.34879086482500282       0.41632199169612216     
   1.2440171211055702        1.2007103262360790        1.1645728624033804        1.2977042628403224        1.1349606117975044        1.2818913990343546        1.2552195492216680        1.0687677438234731        1.0632012437666827        1.2039085207616269        1.3413397664627731        1.1222394393059860        1.2652292520617217     
  0.41988769621974303        7.6268180679438816E-002  0.11873331943664550       0.60960681707965714       0.43044366971830395       0.42403514073136361       0.28692332627229161       0.42169722203698379       0.74735011979962573       0.42987735359621304       0.47936452604459118       0.36404301437189640       0.43076997956214724     
   1.1025435062700211        1.3073954775205654        1.2553726146931932        1.2345313989751974        1.1007058624528527        1.2373194298102319        1.1026261961911399        1.4993376029495422        1.0667025751693078        1.2447615387992972        1.0866414759384566        1.1063816498394314        1.2504697370142042     
  0.43461150362988543        8.2658230183559250E-002  0.12685702057579482       0.62240862066262825       0.44535031276988113       0.43855635307534430       0.29876027743896399       0.43668273671058139       0.75435241168807687       0.43626623565373729       0.49402898389556249       0.38015840974404896       0.44497676871568503     
   1.1745663272541662        1.0883202669439203        1.1688074295408106        1.0834288817701083        1.1054661655350819        1.0784407030044878        1.3165561238677077        1.2642866349897683        1.1855295210813113        1.0527906995974348        1.1308098891042893        1.2424301060728233        1.2118563143133763     
  0.44910212182937792        8.9680082877457906E-002  0.13464718052222574       0.63510168711704829       0.46048754017953308       0.45262359094883664       0.31046285102996052       0.45165219134818657       0.76116826386587322       0.44247537562297568       0.50811766076049114       0.39619955801778839       0.45753350039775659     
   1.1517802855310011        1.1543497584781861        1.1852474961443500        1.3386109050054802       0.98728661422204955        1.2056722287745756        1.2513126182666092        1.0842184253186031        1.1922880182025286        1.1824332548354350        1.1027629322182986        1.1074001623156906        1.3464113183145057     
  0.46397833564778179        9.6752601697879609E-002  0.14286842507044961       0.64750565690937845       0.47542184194624038       0.46742251903566462       0.32309902627947679       0.46612387856857840       0.76791119602376789       0.44843496219459356       0.52182487582579284       0.41163086437441238       0.47015195489615291     
   1.1144616076283227        1.1350274365801343        1.2276746040534567        1.2173199426644923        1.2203734783031244        1.2137559697678397        1.0301660137176725        1.3515896942900250        1.1521205274649555        1.2095253838547610        1.3320222925352725        1.1364726408855919        1.3208573180323933     
  0.47947446980794017       0.10425469566986248       0.15185156954861778       0.65969778349181907       0.49099831887088063       0.48298884460604108       0.33592504843544752       0.47997371157149882       0.77461514639929485       0.45467356229885331       0.53594645472258795       0.42738762610124909       0.48316856430302169     
   1.1182473813044331        1.1353167136426103        1.1781877251579975        1.4563473782858600        1.0852014100194862        1.2210645354338256        1.1290164402966618        1.3518428921363121        1.1039678842849565        1.2468018034390722        1.1103975846322436        1.4114995996265658        1.1195537107583651     
  0.49598025715356814       0.11253358494239597       0.16120912841432444       0.67182113819407985       0.50665712936032592       0.49936362863422323       0.34886380017733160       0.49350221119227344       0.78147738080372031       0.46150729460434536       0.55100467577696721       0.44344380893972057       0.49678605304175055     
   1.2457041591794653        1.2261940320939715        1.2482076300599083        1.1958166827682701        1.2643563734623555        1.1951090511071056        1.3145235318891919        1.2620009232649274        1.2447201197026119        1.1951110663216225        1.0874737714000475        1.2259952720070189        1.2219435708853050     
  0.51272130295281249       0.12142387339890273       0.17100902420434466       0.68378868429090600       0.52236333600377838       0.51594163987017616       0.36205937979517583       0.50685166520754155       0.78829606029898280       0.46901210734385629       0.56633373287953237       0.45935550850553014       0.51027914358710824     
   1.3991585042051757        1.2210762191608180        1.1945804253771424        1.2671404377498980        1.1177923130513410        1.3397744173266013        1.3370313329216992        1.1547267020310168        1.1980445612905062        1.2602200336203684        1.1841608751866113        1.0974078821641906        1.2994647529010761     
  0.52822319844872589       0.13076943684401374       0.18088140369190700       0.69548587324313593       0.53811411075485582       0.53230837073391546       0.37512659759487499       0.52040815738161939       0.79509388817767634       0.47633954828375702       0.58273098362396702       0.47511792158187077       0.52247736905475217     
   1.0867117945187630        1.0986204215304363        1.0868057392242960        1.2251220198356814        1.2649139590001219        1.3379777633962615        1.0450598213972206        1.1502921826170713        1.0823743574864304        1.1557596629865809        1.1093840292487682       0.98757584123091191        1.2648523844182051     
  0.54353058894152806       0.14091204911919786       0.19237317611886731       0.70671800859506495       0.55378753234038924       0.54827806997922202       0.38791803946149411       0.53445201125651298       0.80182325761650741       0.48364612321986633       0.59920227608506360       0.49071202571969769       0.53452505850573617     
   1.0551755600105996       0.99755003679428100        1.2456071321402102        1.1555787680205074        1.2263852763359020        1.1047667944373094        1.1202051630013985        1.2170612180952480        1.0573202057488886        1.2657569444187002        1.1883604952214024        1.2298370715601266        1.0631926432910821     
  0.55941926095473338       0.15184538671363640       0.20420448544087055       0.71750489813343354       0.56921018526337863       0.56406327381467047       0.40070951747280098       0.54827555265260042       0.80838111495689513       0.49083040905727909       0.61531723476582434       0.50597613321501489       0.54727492151896762     
   1.3835594932834960        1.2104895861147897        1.1275101237482172        1.1257007332907107        1.2272706145876189        1.2308020955443397        1.2636940810844353        1.1363110906919196        1.2982864717929261        1.0822153609798275        1.1544774874153270        1.1897338326024878        1.1866388309913369     
  0.57581011759796219       0.16332195374786079       0.21709425248674963       0.72842345508933992       0.58416383333526378       0.58006486754885989       0.41357036706453448       0.56178623654528814       0.81484365195878816       0.49777390635736868       0.63105079959176946       0.52111121794755999       0.56015644810472676     
   1.3077536165160637        1.1820474920043820        1.1052657625709592       0.97453931694921192        1.1994998503593384        1.1539160020261421        1.0443160590912963        1.1033581633382787        1.1163019535858310        1.2635866862443372        1.3083453201582733        1.3012700312690435        1.1851608494237311     
  0.59192276845551672       0.17551783069786381       0.22976690278169687       0.73918048743759535       0.59913792203707672       0.59669209313206728       0.42637835136975127       0.57570979558168300       0.82138245880055694       0.50415883297509845       0.64625285899054574       0.53627706656800767       0.57318803134971841     
   1.2371804202587635        1.0699417193117482        1.0598320872036067        1.1680285492180513        1.1674089704772062        1.3822738096293667        1.0787533388560648        1.0371514993507687        1.2071854496025889        1.3348547305152165        1.1430431597166151        1.0478169467636278        1.1725505094597493     
  0.60717899826207555       0.18862919629874805       0.24308686058410375       0.74969596057566323       0.61419348561586673       0.61315775640309378       0.43910038606383861       0.58976473491752801       0.82797959200752747       0.51027620785913874       0.66112877747580245       0.55130789197663466       0.58628358423349280     
   1.3269198077300364        1.1621441763371305        1.1788578484937298        1.1796395290685213        1.0885526877056917        1.4151169020475400        1.0623711112364616        1.4097117903174485        1.3955596287035676        1.1714491568375527        1.0688741958496875        1.0732788695191329        1.1076436655032995     
  0.62137661979027470       0.20242431492665353       0.25647076791685364       0.76024646021173903       0.62921711112073642       0.62960854649855869       0.45248180035500690       0.60334292528179989       0.83447572062185604       0.51640720664381357       0.67631213156264947       0.56627402986012620       0.59992780006905588     
   1.0729619141274971        1.1656849094354356        1.0903296571570118        1.0472812152505222        1.1474834313000848        1.5867142110096557        1.2282272992392029        1.2074602991242795        1.1046666650896448        1.3304444431396945        1.1396064797555239        1.0366118940357354        1.0982629034250857     
  0.63516908482152079       0.21668739197317527       0.27134274580017897       0.77059677311105779       0.64443121257810476       0.64619558347438022       0.46648497561694113       0.61660100491558001       0.84081535421494269       0.52403091775312483       0.69207506622319359       0.58103357031890823       0.61435764521761538     
   1.1958502269532016        1.1798634068771217        1.1303772028879264        1.1680133194912290        1.3771155375610520        1.3775597605862859        1.1206632256327271        1.0440082751265294        1.2765113109864750        1.3232664630943067        1.2533197010897739        1.1002274291748955        1.1044908541411631     
  0.64924672713231335       0.23189731818313597       0.28660720852925792       0.78050656397556550       0.65946012223279915       0.66257466448499791       0.48113976157426852       0.63025831526805687       0.84694875810488068       0.53231580300569115       0.70816978877900871       0.59612599256231513       0.62959803950810045     
   1.0920981743698808        1.2106749904027334        1.1669791773950318        1.1824380981079126        1.1321967981621783        1.0957989121438612        1.1902580351293950        1.2735462158150523        1.1273499793457435        1.6534104175233244        1.2936703547159729        1.2490845727035051        1.2311988182566631     
  0.66362131667964719       0.24821017730128744       0.30372268224288673       0.79032147648785001       0.67445357475774970       0.67924574691024431       0.49605837802820885       0.64556422436554317       0.85289882833495534       0.54024363138915277       0.72452222653088472       0.61154796088475050       0.64533472436240857     
   1.2119469825790790        1.0338665671189120        1.4238212906906382        1.2373949949404697        1.2256725712031868        1.2530484371430854        1.1646654575097186        1.2714513498040656        1.1290571665169393        1.3041027794749018        1.0895168125044874        1.0723804146094400        1.0535334796268745     
  0.67920881378745979       0.26605817848530566       0.32134400681046149       0.80038626630621790       0.68942492909030795       0.69543131191857666       0.51109068500820110       0.66177321639563003       0.85882074627163985       0.54805198048898696       0.74072267040866546       0.62669614910068472       0.66162562763396149     
   1.1665330714230986        1.0539057508938845        1.1819238851607445        1.2539670520211097        1.2005623834617136        1.2469548857219321        1.1090005160545255        1.0725340206953762        1.2932993878153294        1.4000077289184645        1.2421918717149789        1.0537819669027046        1.0364786039196818     
  0.69538336555119451       0.28497574810042647       0.33940345513662468       0.81104234123105079       0.70502100949077484       0.71107767889456852       0.52606562084117914       0.67765719685520498       0.86462822508022386       0.55585697188841909       0.75637986285703673       0.64168477864519680       0.67855998158226849     
   1.3066894379088405        1.0954886594938065        1.1287416747310168        1.0845832425847590        1.2942744746500923        1.0998174890571999        1.1225997629238895        1.2721700467201307        1.1321984028781693        1.1896884706090736        1.1828147872119914        1.1058283987736579        1.3146384257384809     
  0.71078570982968503       0.30515120665153056       0.35784800419021079       0.82172205574609991       0.72166972405607743       0.72601422246789404       0.54108318463781135       0.69266600242431042       0.87021008708512937       0.56401925476039816       0.77151693786416708       0.65604487768309927       0.69616752693145334     
   1.2711331162328177        1.0205509362237370        1.1820400025477731        1.3167003338361223        1.5634094413855084        1.0773679913587537        1.1223211365503125        1.2641083307130105        1.1250982323970855        1.1977675279139040        1.1371838437583330        1.1650226500408449        1.1748623284557558     
  0.72529629687633412       0.32566221931163708       0.37739619339372704       0.83201010915963225       0.73883656107256945       0.74038498321479373       0.55619898432267834       0.70718622552979704       0.87562356938204533       0.57231106681404931       0.78584591316361785       0.67003099287474677       0.71337699118742448     
   1.1278035679387322        1.3096549228657808        1.0782674232301621        1.2560055706218090        1.1502200146183053        1.2668463944104009        1.2898370153624441        1.2617935562305382        1.0502029927592504        1.1602587652344476        1.2534607750338496        1.0102574293896074        1.3034569012900925     
  0.74004502617820200       0.34909354938815579       0.39851276496847760       0.84192565037640921       0.75581119089225535       0.75544932689647293       0.57135428053408865       0.72192640736455527       0.88104019898990160       0.58066051391474971       0.80026494016423055       0.68430306430573717       0.73033377777604280     
   1.1616383685365756        1.1576907632598858        1.1772781368464902        1.2313995696593161        1.3221695174231065        1.1028608578571555        1.3903292137837366        1.3575150006435426        1.1106727953635824        1.1512175328741852        1.0698223878421473        1.1407759338682200        1.3260593022976068     
  0.75531099417042680       0.37341745495498802       0.42268729638648861       0.85181490504618140       0.77160953436288771       0.77073101167860947       0.58690554407395845       0.73764933255424692       0.88650902320972380       0.58965181775999420       0.81562813402948842       0.69984639521334280       0.74759187295195051     
   1.1460841807289048        1.2989575693755884        1.0679098793702679        1.1731646269404830        1.1532118313219122        1.2727905887798336        1.2861360085529583        1.3457517638709104        1.2486809579843807        1.2072100299130777        1.2587893523160025        1.2057972442906868        1.4575207820094547     
  0.77117990398729885       0.40018702235856918       0.44866097678137434       0.86192431542638881       0.78691790996755440       0.78671045651815941       0.60292815198550920       0.75464952320367973       0.89214748854086912       0.59916138630821636       0.83123562192009015       0.71749566594662384       0.76551269085207563     
   1.0917467926199398        1.1987662347448409        1.1955583894412611        1.0643048880406523        1.0935763142688855        1.1576832838912734        1.1438329032360384        1.3933756473661068        1.1674157436395005        1.0316485004485973        1.2377856048103248        1.1459992269254420        1.1868683997900402     
  0.78692696284376040       0.42743672741266431       0.47534239988171456       0.87211710589403935       0.80229276433404251       0.80286499572390679       0.61889175465410873       0.77066752303708874       0.89787922765647343       0.60883226027627779       0.84509125194647061       0.73668028211729719       0.78362979343144679     
   1.2529921276527116        1.0800241158123003        1.2363462133729526        1.1008837128333417        1.1572871430107172        1.1828207864259979        1.1974215190070097        1.1641697632656411        1.0742541421219238        1.1764342520744506        1.1322002280102434        1.0545001666440379        1.1838046745583810     
  0.80351487895092921       0.45566061203111896       0.50191927258078928       0.88217121081342553       0.81843409783139875       0.81807364374242009       0.63510683966880865       0.78632730179334176       0.90355548016936527       0.61864970328828761       0.85832363561605307       0.75640875560957288       0.80194194552877485     
   1.2429949040689945        1.0119093621403674        1.1089015412201890        1.1636608895441070        1.2981132012147487        1.1750331954971016        1.2033014100301549        1.1023802985569635        1.1628725818329826        1.1290687975645488        1.1521298321124300        1.0148979339291115        1.2539875991055955     
  0.82030178205887883       0.48681327571412042       0.52868897392082603       0.89199957691641518       0.83426736663583123       0.83301530812424840       0.65103941841011248       0.80144305515077907       0.90923469905097087       0.62847543816714480       0.87019372734238898       0.77603394376074597       0.82019668049463157     
   1.1610712435477122        1.1563634574788964        1.0819717809190250        1.4099521660794587        1.3550966584756412        1.1334670463075331        1.1412984718229811        1.0849062802903444        1.3732863994384750        1.1853984653198311        1.1315503830272242        1.0252014829192257        1.2158933544221031     
  0.83592690592678243       0.52250255302917004       0.55705894857340688       0.90195763702927467       0.85022594176017752       0.84803179663049189       0.66613368850907828       0.81795600637663934       0.91497304493469700       0.63863741310045619       0.88272725684237574       0.79660377628075019       0.83833195375381753     
   1.1557575007268681        1.1364379774887678        1.2890080233113330        1.1839881814769755        1.3442689907947678        1.0956973629307010        1.1231396145847810        1.1688872397839547        1.1236525371849431        1.2087499286902268        1.3970915342323125        1.2476573212514728        1.4876699408035525     
  0.85080978050153067       0.56095421957913316       0.58804760052983018       0.91211019275919158       0.86591633615238328       0.86334679954077564       0.68212248466376491       0.83441663066868266       0.92117738809186411       0.64962591080639920       0.89552591842161167       0.81706588157709514       0.85641335191389922     
   1.1291655418307547        1.1951546726009439        1.2748471238421335        1.3220983804393449        1.1516699966053172        1.0593457674524795        1.2776886154386706        1.0417506054487544        1.3071463925161084        1.2184835120794442        1.0922809104483155        1.2379489222537796        1.2540222314739229     
  0.86696441496419840       0.60213134503614041       0.62234690311929775       0.92231540398668843       0.88212874605298552       0.87921066258077196       0.69892609321772814       0.85110663873713432       0.92742288239742143       0.66143791273863251       0.90790923656950229       0.83765848385460595       0.87429335005269493     
   1.1770613469387921        1.1707397452006407        1.3566169296512605        1.3671810014586885        1.3879508903063014        1.2741644136592201        1.2805041831927697        1.1686740600328049        1.3311801998581398        1.1316036956244797        1.1787058903082677        1.2070658575940387        1.3568828122541936     
  0.88342962663956548       0.64364785128598956       0.65920685827171133       0.93239283001968554       0.89843229740451613       0.89497380895308276       0.71798094406606405       0.87048973559997800       0.93337182055503398       0.67347749253440115       0.92013173697031614       0.85836456849872467       0.89196769069859760     
   1.3931977624904506        1.1772137912980798        1.2025902528121257        1.1403544922442075        1.2853204481479319        1.3387461575027777        1.1488535539689733        1.2896612392578690        1.3197728096478103        1.0344324258835726        1.2293460586526919        1.2028858765645190        1.1447132463085272     
  0.89989121757946444       0.68693634673545356       0.69687081090246161       0.94197008411805050       0.91380819268495506       0.90960241774501915       0.73798184897624375       0.88933619447226187       0.93923850748834792       0.68751856860723626       0.93224701243750763       0.87993697794966719       0.90808968545870805     
   1.4293743112131698        1.0859813156278342       0.98767162186317692        1.2289711234288045        1.1556237552008162        1.0667427668266933        1.0909957081642114        1.1618524917286606        1.4480560064190235        1.1075840819650076        1.1423293945101811        1.2382146480259459        1.2440234626812630     
  0.91532732066554257       0.73290653680225926       0.73714796652396630       0.95104802400893462       0.92809979358469197       0.92386039636379969       0.75995023477249291       0.90924273402820255       0.94505439125654855       0.70279493543609006       0.94308237551273699       0.90096208672171907       0.92324653470943752     
   1.1167199468739473        1.2272599789895482        1.1166804709474305        1.5540519668094637        1.1052838621496683        1.2095927861332434        1.3125541834627357        1.1376458031486145        1.1415269329411233        1.3172279194332894        1.2731034909562593        1.1066814112908905        1.2076121718665112     
  0.93158645788407290       0.78205981390495871       0.78180481238366983       0.96025823109364572       0.94281828058446948       0.93798261395422522       0.78271710712586728       0.92869768919074813       0.95191893208628842       0.72105947799681946       0.95373616818507956       0.92218946086008580       0.93777351250463192     
   1.1846629377892632        1.1109104675502255        1.4199999901455869        1.2850686615864493        1.3215220462893025        1.1643935365091063        1.2295953900968128        1.0915111691178669        1.4367155045571858        1.2984514606241571        1.2676869220358202        1.3142988891497385        1.3510282329077015     
  0.94873013495196379       0.83306501975024672       0.83148986984975481       0.96990559058548220       0.95703776789367812       0.95343916010861007       0.81289813354570806       0.94604899317425495       0.95988960669448786       0.74322955147292802       0.96420471311701428       0.94257035611427709       0.95219725641711483     
   1.2265510156563757        1.0593989827535808        1.2002321465021790        1.4260358082254223        1.1887416981864658        1.0177848631108775        1.6285912873627495        1.1155772763737923        1.1289787234343134        1.2749396489317064        1.2807649156718743        1.1443623669357674        1.0790221755892684     
  0.96607199594957838       0.88653049005101014       0.88362884394468533       0.97959288355906837       0.97098388176218020       0.96921243620750785       0.84549266700300896       0.96280750751448752       0.96855512482737649       0.77530879517307150       0.97531014991735376       0.96127135857401302       0.96732375584636909     
   1.1653813539555042        1.2339070096218030        1.0690161349527327        1.3381395935691036        1.0828310738859777        1.3668645803059045        1.3799359067583388        1.3483055823428081        1.4491784297286738        1.5907575134688812        1.2674518665301959        1.0406326554596972        1.2147865715680595     
  0.98337477814534402       0.94339759844789350       0.94029802108101190       0.98973902425659832       0.98588425856898954       0.98497659100715151       0.90604586976032409       0.98252947005419367       0.98157578051811234       0.84311208522941905       0.98737615861557793       0.98143318272375091       0.98345065179061719     
   1.3232135387829620        1.1141942553034241        1.0210756060543926        1.1514957407760362        1.0444941376195620        1.3469850460589101        1.7529383776298817        1.2223505843920377        1.5749264415847586        1.4949030511460273        1.1903294190045259        1.1182051070514401        1.1132526879479088     
   1.0000000000000000        1.0000000000000000        1.0000000000000000        1.0000000000000000        1.0000000000000000        1.0000000000000000        1.0000000000000000        1.0000000000000000        1.0000000000000000        1.0000000000000000        1.0000000000000000        1.0000000000000000        1.0000000000000000     
   1.2885347542001822        1.0965990836307429        1.0822691699874309        1.6355091482407687        1.2815305011562681        1.1106439053586588        1.1340753337608891        1.1363597287881613        1.2845044597669821        1.0131429631487561        1.3182292673984350       0.99204258002970103        1.1738411481333320     
   7.8856364050098238        17.286418457993953        21.097277097977617       0.73337389286261023        10.315797855786997        10.674209249663425        21.344533240369316        6.7020061166382847        9.8829686384737609        2.4679899104594258        7.5517567463262463        12.150491118496877        9.2152386443059946     
   10.484993281251137        9.9803898113965044        15.068505146452141        9.1869107762472684        7.6142877877432937        9.5348352487036276        8.7439655647789198        16.992873522798224        9.4250511427898278        8.2800178142430898        5.2741728533815539        3.7970788856214028        9.6814687290794623     
   6.5663257871791885        9.8743114614940719      -0.54011636115208672        2.0982187517032522        8.8244317453334418        9.7609088891579976        8.0738445642704662        14.285195021675611        12.001854625221430        13.313297109527008        3.7690454410544687        5.7199947026000295        9.3270415289860917     
   7.2814902376909512        3.5542235723672588       0.93227345628651903        7.8721152022780956        9.5373415438317526        13.434076245144198        6.5541763064341829        7.9232069201710633        12.730621535929819        9.5155793208167374        20.683026244864404        12.233635620786190        6.4858871377467251     
   6.9698440121330272        4.9970028388886680       -2.4351992719295845        9.3329744295347652        15.501374414873386        4.8886884587435029        3.8467642327368439        8.6540981496056713        7.9169615877948498        12.563971484624735        7.1343347233445602        11.492699676033130        10.723578596108148     
   18.012896452947565        7.6920298461400067       -1.4743143700637196        9.0455388830710834        6.5624471346234117        3.6222697920684341        12.164874366779632        3.8078142577316090        7.5639591383300475        7.2527471968570492        8.7342681744370072        11.726786455135068        6.9784364302622492     
   2.8336398091951769        8.2071136917690559       -4.2235865777593373        8.6632731253293009        5.8688008509696159        10.084816016179291        3.7562904957444530        6.3085405134041483        10.639636124015830        6.1339515652936374        8.7293851374154148        8.6866784073799899        2.2362840660798176     
   12.940661602090193       -3.3746881178218588       -8.4007013113522522        18.314946382612757        9.5931179956213182        13.648080867103765       -9.6804240953495260        5.5020768969799096        17.632094065960413        9.2653029089322398        10.761281599386523        10.461896413812045        20.738558991256628     
  0.42171120199738521     
           1           1           1           1           1           1           1           1           1           1           1           1           1
  0.43905828139592168       0.14208285683379529       -3.0775801701540665E-003   8.0588944502229616        1.3108211680221294E-002   2.2901772798074434E-005
   6.6176106551353977E-003   4.3640890065008301E-003   1.3685345978505525E-003  0.43907273937405922        1.3675590064448088E-003   1.9459776597691847E-006
   9.0973550481522857E-003   7.1606567691952829     
