   0.0000000000000000        0.0000000000000000        0.0000000000000000        0.0000000000000000        0.0000000000000000        0.0000000000000000        0.0000000000000000        0.0000000000000000        0.0000000000000000        0.0000000000000000        0.0000000000000000        0.0000000000000000        0.0000000000000000     
  0.23156778673276271       0.59808928883538881        1.6154804923850811E-003   5.7544075988899969E-002   1.7053972316866804E-002   2.3348571371119313E-003   1.7799614094197651E-002   1.5651718520169382E-002  0.24287970019626939        6.0904891969186165E-002   7.9178544844565976E-002   1.7834864140909523E-002   1.3826527224772825E-002
  0.95790657801505441       0.99135796943171228        1.4135683078948407        1.0553802502013796        1.1508259414981574        1.4440312256539687        1.4607184365139314        1.2160576850001965       0.95790657801505441       0.91070316506530635        1.1403314864801690        1.5142427772317317        1.3873105521990168     
  0.31321280298170301       0.71292134848052280        3.1377665485497778E-003  0.10564998154249708        3.4102800296489551E-002   4.7520321691343504E-003   3.3601838562022396E-002   3.1639846235525501E-002  0.41911350836030387        9.4518472749934163E-002  0.12749403046145874        3.4629723676031288E-002   2.7642917970236349E-002
   1.3965590352596116        1.3022278962155589        1.5548450164667167        1.2549189051883558        1.1308917289934319        1.2855891647395730        1.2446198893144547        1.3630910959242382        1.5410200771771274        1.3826669028482421        1.1118642155360194        1.4675652678831546        1.0940840395625926     
  0.32734766782491675       0.73584718705391006        4.7110896750589965E-003  0.14157808226534585        4.8415942323856154E-002   7.2914971534841153E-003   5.0643702156489716E-002   4.7321929710129558E-002  0.44810245690823652       0.11246248408771374       0.15809996091271616        4.8816443666839057E-002   3.7704372481413881E-002
   1.2345284734346829       0.92411010261095028        1.3413587995621643       0.95552025278115538        1.1868626419284980        1.3222962308248751        1.3010784748349418        1.0987430007696926        1.0874997358305523        1.2372971527814161        1.0627337564252928        1.7215500131657298        1.0241403675402314     
  0.34004620499823135       0.75125888420627984        6.2969069110457819E-003  0.17355341894377888        6.2246478021973917E-002   1.0042237777653611E-002   6.6593102910151122E-002   6.2842228211594936E-002  0.47647301115277607       0.12569321633860664       0.18288062799515864        6.2429320167842063E-002   4.9331761738522550E-002
   1.1885994184506063       0.92269738702979165        1.1146489360824217        1.1824553446573036        1.2871861737514960        1.6875159297601263        1.2031264921549805        1.1543234521852461        1.5867925179997320        1.1679979435739840        1.1770043522852853        1.6285955075999021        1.0153428445623676     
  0.35308891289502797       0.76440496725371843        8.1278052816199948E-003  0.20250324457343677        7.8507066048898233E-002   1.2976034777938118E-002   8.1673544970127313E-002   7.8585820272825957E-002  0.49960718412831306       0.13690005785439252       0.20300963317965043        7.5288886355149701E-002   6.2041602267540602E-002
   1.3004632551270581        1.0451832909705192        1.5229392039434642        1.2898160637823544        1.2637243297658698        1.4593314355511713        1.2583534221861414        1.1433181805611623        1.4583744720313097        1.2575598099576821        1.3017286325854247        1.3699408408737721        1.2063533007400877     
  0.36671783823862586       0.77607777353221963        1.0350656723153297E-002  0.23149745369383892        9.6887335551990708E-002   1.5933695607490583E-002   9.5727581914036491E-002   9.3717986809587442E-002  0.51911827030321933       0.14783517701503526       0.22107541987091608        8.6403638951978126E-002   7.5438315702296976E-002
   1.3136821122769959        1.1032697314021895        1.5401523770976615        1.2391700028036863        1.4612909647925980        1.2887255055747977        1.1323298554237451        1.1018015218123007        1.1195335098579622        1.2146907413705539        1.2588557421752875        1.3203024750013117        1.2542236521966905     
  0.37992243880014126       0.78703840504617295        1.2601867615619143E-002  0.25525175603770850       0.11489336224348515        1.9049268383871016E-002  0.11094761233594960       0.10702267492914129       0.53768227654025291       0.15793423753788990       0.23707079255057875        9.7214920458277482E-002   8.9611073235591657E-002
   1.2216216472635872        1.2495902174383664        1.0704690569567745        1.2736144968722323        1.1167568510141226        1.0622569128979005        1.1919247057387941        1.0108711802773191        1.0331763583440636        1.1743532708887694        1.1225958844954542        1.5141988630299290        1.1864526961001383     
  0.39146568211955474       0.79729790827817693        1.4957756676589091E-002  0.27811033504779109       0.13134930344806706        2.2565426173212114E-002  0.12625924192190927       0.12052820336858881       0.55606853560150182       0.16679234607904583       0.25186514826537121       0.10824659228278545       0.10574443831798133     
   1.2030676987966966        1.1199457267736959        1.3508817801529245        1.2345497867118176        1.4601254631704264        1.2419330071289805        1.0883923122828425        1.1188554566737661        1.3522598538262334        1.3307449333460011        1.1145138287449570        1.2191625586298245        1.2424926005107442     
  0.40317799078562033       0.80686090889639650        1.7543371723961892E-002  0.29352566322767115       0.14892711552747737        2.6156496924510709E-002  0.14132634980391662       0.13347087430658316       0.57025176568432290       0.17495052637518085       0.26484564548397566       0.12014289113014547       0.12173874483865832     
   1.1618505322768473        1.0794412597293610        1.2826063460938626        1.0937155901726723        1.2484023480949307        1.3089619970742201        1.1019211023350965        1.2325944335317944        1.2402579442116135        1.4625833753685611        1.1252152168577911        1.2838529335979341        1.1999129127711141     
  0.41417543989974115       0.81657587022221290        2.0153672721466780E-002  0.30758917340488973       0.16756403295240010        2.9916470410426999E-002  0.15597916089851088       0.14740288785390701       0.58412164526975452       0.18269352362826075       0.27623590960666711       0.13320738007357191       0.13515828669562685     
   1.1969560552834491        1.1288767881206561        1.3497255998847579        1.0952683983809899        1.1149785177647364        1.2929172518920911        1.2138797698067332        1.1422645710158563        1.2604012112304968        1.0837956188962792        1.2116244482550500        1.2272358778178740        1.0047526237041169     
  0.42542668778778459       0.82486121975315430        2.3199999724911102E-002  0.32437323621633390       0.18498304886306205        3.3975577413194694E-002  0.17019355566859853       0.16113189823370924       0.59759879715663222       0.18986760086757096       0.28720579446148792       0.14609648551560653       0.14656628290481466     
   1.2576698555224586        1.4201808044725945        1.1470331106436866        1.0973825430926907        1.2289929566813624        1.6389140919270053        1.1612544418419297        1.2850409273744563        1.2606845965805524        1.1061349319159770        1.1184917131279821        1.1332871593457432        1.1125639560102958     
  0.43664526777819584       0.83193595638709028        2.6399276941393060E-002  0.34022503369223728       0.20089332339783042        3.7608321654501856E-002  0.18292290557964749       0.17506103637762263       0.61055585584501371       0.19641800436500134       0.29751717811672812       0.15982991390205054       0.15747073421749672     
   1.1311311396107975        1.2332047094356753        1.2591603329321881        1.2355910212668828        1.3650474993259387        1.4417349119174541        1.0702120006696900        1.0759566857963316        1.0545284423654671        1.1784233174536753        1.2384004688925345        1.1324626285030928       0.92817439566222459     
  0.44853786760157571       0.83966992062656165        3.0053579855956070E-002  0.35906516236163538       0.21765087262974719        4.0739993309061577E-002  0.19538307622828252       0.18888166194928888       0.62290391460359107       0.20217845494862025       0.30807601192789275       0.17429344384696990       0.17408271461520294     
   1.2948292906847112        1.0982323100548339        1.2246053584623335        1.0672214467823553        1.0980295182077557        1.0684208957754786        1.1772184986424610        1.3044783163687552       0.96659606228825112        1.1928507907213757        1.3263880450331516        1.2693340869173291        1.0770864661595239     
  0.45963348961535549       0.84737715910535694        3.3902627325957016E-002  0.37658704346019467       0.23441522989025909        4.3897304791354591E-002  0.20676258660293145       0.20358928641244756       0.63493841533970108       0.20735132440220602       0.31893865404058469       0.18954757424277840       0.19031698326929114     
   1.1437882205190391        1.1558842108173728        1.1887475925073456        1.2257063118539591        1.0764091997081184        1.0315563142384911       0.97941216658997021        1.4051023860785992        1.1780872760166154        1.2223702821257041        1.0737668997490282        1.3246112445913445        1.0942357565509269     
  0.47022147686788413       0.85398415506928282        3.7865125223920076E-002  0.39543091898719379       0.25127108688875394        4.6959707267352047E-002  0.22091924916986080       0.21837819193331942       0.64669251604739852       0.21270719086405268       0.33057399450528385       0.20686137182657738       0.20947918736559329     
   1.1307977719248896        1.1024758878342351        1.2879803478508189        1.1645972289947137        1.3882377569296758        1.0984965260036335        1.1377008696596376        1.1173654059565552        1.1460845374674427        1.0745260470380549        1.0418121332686450        1.2896577894946424        1.1363230031617271     
  0.48086290026394179       0.86069411328568812        4.1853285349636393E-002  0.41393207196905840       0.26922941654222904        5.0906292913144177E-002  0.23621071806912564       0.23153027240585264       0.65770158039979854       0.21783796480616593       0.34304506541955782       0.22444421178122981       0.22778860257879732     
   1.2252171133781793        1.0225567468341605        1.1177017133909790        1.1751369012107646        1.3610125883228412        1.0740337903601660        1.3589112986949268        1.0565080746438857        1.1106934948608644        1.0491292949153237        1.0569226766270070        1.4548779811564523        1.3068289920059599     
  0.49066541977046235       0.86643106757652810        4.6040620117212737E-002  0.43183105577428127       0.28673153776796995        5.5257860681298940E-002  0.25245398357752108       0.24533906750552426       0.66829640974689464       0.22404771475455215       0.35555877041581146       0.24087546492393833       0.24662000339069964     
   1.1255873141437327        1.1857252664128415        1.2202977161186166        1.2499094070062269        1.2298084981136796        1.1081742632517091        1.1800500594307184        1.0508106594251474        1.0863447408152207        1.2526245645296357        1.3645021271232312        1.1920420172808615        1.2240760116726672     
  0.50008808977058328       0.87240320586439435        5.0793112371396686E-002  0.45002780255775776       0.30198137668046254        5.9658687280440541E-002  0.26718557851941971       0.26152329004006608       0.67892071298644785       0.23013265561535162       0.36779330081725103       0.25732119253099445       0.26475281114444199     
   1.0401032695625876        1.1249256792008642        1.0990630866089757        1.2505544682947844        1.0206802057345483        1.3284034034160506        1.1182479888797707        1.0230069524198659        1.0678853028541471        1.1374555965089925        1.1820397377647960        1.0947892805292367        1.2289414990226577     
  0.51125569709461094       0.87715896342167710        5.5656612524259928E-002  0.46848441704410559       0.31628222249678123        6.4418788260042228E-002  0.28214886020639973       0.27798125592359835       0.68857169434496279       0.23686002294449512       0.37939056197441284       0.27140243329640268       0.28068446317229634     
   1.1305970666632548        1.0242628771936746        1.0116039826750267        1.1801337283667155        1.0381268312957430        1.1351411791110519        1.2379226042867963        1.2371615577213408        1.0231831414571038        1.1577811048845916       0.98277278908926480        1.1990087592230962        1.1135442623751177     
  0.52256448928234200       0.88191920332751339        6.0839158805008703E-002  0.48555084068808230       0.33124847767884075        6.9794661650943640E-002  0.29742743588738385       0.29365780364061844       0.69839992471547541       0.24346755768742084       0.39070795280070325       0.28610065443231597       0.29673723006395236     
   1.2886726768720436       0.99412640905148597        1.2352352082941944        1.2970702172825226        1.1869884612674850        1.1512582055297429        1.1037393990019386        1.2574597352947161        1.0325519018939564        1.2739120797960346        1.1652600032787881        1.2276464251192529        1.1418622023948910     
  0.53469815226027972       0.88636232290791861        6.5972346243079918E-002  0.50165578247760179       0.34744692366754343        7.5451567341775452E-002  0.31183114423632291       0.30837160685749104       0.70808489852477330       0.25022073864955080       0.40223818087567959       0.30163855066586348       0.31323452462337092     
   1.2168851634087541        1.2062054382705392        1.0871957897357407        1.2055929202697286        1.3096277137421701        1.1930029478005544        1.1458093354259251        1.0137506772441218        1.2182486441514804        1.3677476407548741        1.2079103914064369        1.1214286825275384        1.2501795976169470     
  0.54697273186722739       0.89092248469565194        7.1438039314241947E-002  0.51753748487246765       0.36364574275049538        8.1187397261451924E-002  0.32642601296502899       0.32223356606331910       0.71759525359672993       0.25697104222206857       0.41371398868414633       0.31828628618054272       0.32879271704587076     
   1.0202156679149970        1.0103673629288994       0.99682350374396334        1.2421959714025352        1.1061877593842930        1.2056727522718613        1.1064139310005261        1.0609140468505360        1.0921413369325197        1.1389798699913856        1.0728655514425689        1.1200581437768156        1.0622287020882402     
  0.55784817515856111       0.89540157718598912        7.7127006085783309E-002  0.53345913946254397       0.37878959555660291        8.7289854272549455E-002  0.34149236066610267       0.33667835194496881       0.72646939132985688       0.26372964813470123       0.42608210259400597       0.33557915239913355       0.34605703351692374     
   1.2308935721604499        1.1153624692434372        1.1996391169239788        1.1523185979850681        1.0440553953977139        1.0323319074682866        1.2487460752129713        1.1309237863817045        1.0215554971037459        1.2167508863912497        1.1739514796101169        1.3065163198224079        1.2135207550413614     
  0.56891205129022737       0.89981080687763304        8.3343534492375304E-002  0.54914189672974778       0.39323017835831486        9.3814142973466352E-002  0.35685629184493589       0.35247738490819386       0.73514065597803402       0.27065559731019284       0.44015397127619510       0.35375224975178154       0.36404003415400027     
   1.0036222276303781        1.0766032484893246        1.1003131517591607        1.1518263730871505        1.1756201961797956        1.3033896602059152        1.1122862927309902        1.2689372417627249        1.1702168972920834        1.1008849830405101        1.0065600074222802        1.2565290796254744        1.1241354519490010     
  0.57903785895029758       0.90413793582101198        9.0217053583721118E-002  0.56441711508728720       0.40751476687331561       0.10064550533519431       0.37243188826863216       0.36861077018230176       0.74353862661795111       0.27782770768760540       0.45440002955095415       0.37035065318323235       0.37973187236009220     
   1.0241733798702461        1.0905986173272697        1.2192837026159871        1.3654921045620265        1.2288332605924293        1.1758810817571905        1.3377439744260482        1.0349171644595379        1.2766804189955430        1.2024742237859398        1.0873111773614366        1.2487436291076088        1.1235674424382882     
  0.58953186684625014       0.90810389728138041        9.7444999646727509E-002  0.57914729075575255       0.42220658114596848       0.10761797851651335       0.38853879002065816       0.38517596778032076       0.75185833292963999       0.28529399761609681       0.46786405036843937       0.38585047858247734       0.39606370137701952     
   1.1140969629455386        1.1468244151671421        1.2157130377248238        1.2929351025398235        1.0664991848554006        1.1651693573998319        1.0249427668390110        1.2543281639086674        1.2579148367461250        1.2846091742693895        1.0405651832412497        1.2628720437744330        1.1438600623452424     
  0.59956594143568409       0.91182564168508928       0.10506964643388679       0.59316684200755498       0.43753302015204359       0.11484168784417947       0.40319220659212079       0.40160644990317390       0.76011727160676024       0.29308470766429795       0.48072653361668416       0.40171427243169250       0.41145162374547561     
   1.2022395964883328        1.0832446500413400        1.1532976712526168        1.3366099478238167        1.2531447702588872        1.2799985944840839        1.1162125489075740        1.1734084225207928        1.2094436266828366        1.2333456211634017        1.1988273038433244        1.0541408036603854        1.2287058105328967     
  0.60928944715947275       0.91556085766386264       0.11318248499679924       0.60638090258494315       0.45311136341529551       0.12242758398173377       0.41814534740190673       0.41779573725295949       0.76813046998014356       0.30086438297526652       0.49313766165986345       0.41759648935651694       0.42702593301485986     
   1.0936248221118730        1.0265606885226048        1.2635941838096016        1.2448664216237335        1.1838100564242859        1.1563329069167443        1.2626298694552243        1.2310669742699041        1.0013386044562316        1.2023934498147550        1.2070459565554192        1.0019908827649651        1.3956484928976476     
  0.62000225802706321       0.91923183853216672       0.12193020888939483       0.61926422246276402       0.46869010482838902       0.13047010694665856       0.43482268478917413       0.43371626502535443       0.77591929567195606       0.30822632384576504       0.50618611925428614       0.43173123554285725       0.44409793958797938     
   1.0625476637932885        1.1333994439779056        1.4190193681357994        1.0964227766711332       0.99827213016729033        1.2898645914807230        1.1970997584845471        1.0103673629288994        1.2608802193618036        1.0995484266683240        1.1435162525399611        1.0516288666366369        1.1462241437379730     
  0.63057331081232582       0.92284913621575004       0.13045168835162674       0.63171290868296759       0.48427803027641597       0.13875630908893549       0.45227398884915027       0.44901874112179890       0.78364886328551242       0.31556669409601473       0.51917916234302131       0.44568952422199359       0.45987795860671815     
   1.2388458902933552        1.1379324794170556        1.1896974789298298       0.96005961842722243        1.1301165690062198        1.3413956437270738        1.4316497710835849        1.1217903828869442        1.1775169862706092        1.5647013564025554        1.0349557042164128        1.2620936087934298        1.1870185659706813     
  0.64207042440617546       0.92645976381915351       0.13946393056570452       0.64447136369929714       0.49983569165826236       0.14699893252584167       0.46996825661163744       0.46374175515248911       0.79118501450514189       0.32310451528053685       0.53243352933398436       0.46040167937398035       0.47567026298254561     
   1.1726174171038246        1.2098153948339361        1.0773228880958217        1.2817683969840465        1.3612930090008624        1.0879677288051277        1.2720637392131637        1.2143684168561588        1.0934766646148708        1.2310369482757815        1.1525067828930420        1.1029169450718788        1.4436521536358131     
  0.65308272122009992       0.92998240021988499       0.14859078060907566       0.65774694835045466       0.51532268692742755       0.15541425289871683       0.48800933871419250       0.47920319473354955       0.79819223892658586       0.33103297817266003       0.54488701649936155       0.47505109994764477       0.49083281733080941     
   1.2081015574745704        1.0940863014228337        1.0511815747879281        1.1666619171058861        1.1552594229708937       0.99727629146627006        1.1325900057236804        1.1662361669866490        1.1733734549687851        1.1670451318172501       0.96733524626036982        1.1213689850857458        1.1465871792794469     
  0.66489849116894906       0.93340031894958653       0.15872554610590164       0.67040025859853392       0.53109520439938140       0.16417856489812443       0.50441061425129941       0.49444363392635993       0.80467899756903594       0.33896810358972973       0.55713443048860267       0.49006222704801949       0.50646442545622272     
   1.0606369858674565        1.0379951411175132        1.0898994486082296        1.4545376904298732        1.1407357661335007        1.1069951939146616        1.2444759849452904        1.1553041008186142        1.1822985807354098        1.1920887922018595        1.1048491522260762        1.1452962579667401        1.0854936748632233     
  0.67640201113386322       0.93674165914390306       0.16915994498718473       0.68276441867457316       0.54659526269111491       0.17324469093824069       0.51885012599984348       0.51036978811614442       0.81125521400359346       0.34670990485127451       0.57158064280445964       0.50453052898430062       0.52234454382642337     
   1.2003330243256669        1.1559046015860295        1.4003293846851135        1.3372267519210126       0.94656233699229420        1.2271194179428155        1.2167915613888749        1.1635400665310378        1.1031729644932775        1.2293464900139814        1.0966494562139144        1.1319450756916922        1.1757025000394234     
  0.68798745900625791       0.94002465758828124       0.17953653192991559       0.69476097690288763       0.56209809440128766       0.18263309277535889       0.53406555115257670       0.52671403311448450       0.81719002845097422       0.35448348844408961       0.58571462204493030       0.51879653190229824       0.53991484527345157     
   1.2728078580890811        1.1891109010480552        1.1121350696348367        1.1977851482653457        1.4871539603480362        1.1151711431253943        1.1959821260875678        1.1912820897488203        1.0225235903221106        1.1716883630005834        1.3391501379167903        1.0657012192016231        1.2217460852101540     
  0.70011797891706162       0.94322670971484546       0.19031523165057565       0.70697754831892190       0.57898357785466925       0.19265294654183618       0.55051269858378060       0.54154848485942420       0.82352846434997629       0.36189169243089370       0.59942331694933426       0.53352118443763485       0.55554560673712006     
   1.1120673113713020        1.2243804330166990        1.1012962238720225       0.96718078315315970        1.1247603071357521        1.0443009946419783        1.0509161166556036        1.4207518390887559        1.1978600703647215        1.0787508768747847        1.3050761022050827        1.0242431162367325        1.1426282199274684     
  0.71265407487249532       0.94636138097797950       0.20149704311892949       0.71817816040659654       0.59709729408533319       0.20319366534344432       0.56641945461024501       0.55432216389071010       0.82983641431121014       0.36911058958664317       0.61364174454436671       0.54831726939074188       0.57052651695450629     
   1.2983159030385742        1.2743236425109130        1.2086223884207450        1.2788279855670066        1.1065878003592229        1.1487386201347787        1.1135607027486811        1.1593500710810891        1.1898436182262335        1.2243573972127653        1.2467624557733439        1.1458905299836946        1.2640212648009219     
  0.72437998092859468       0.94949062472130241       0.21309542353726960       0.72930779973377258       0.61433001031655243       0.21472699560067607       0.58078195879901162       0.56801006417370725       0.83640336768227619       0.37685283001310149       0.62763686366125582       0.56482113558740354       0.58563357434551810     
   1.1500594045705743        1.1351350573286443        1.1741834548756584        1.2780401675782331        1.4000716433880531        1.0631942509862313        1.1203942135651674        1.3911506157327342        1.1538755024936558        1.0519401306973939        1.2026868064432099        1.1391264306723115        1.1960400868426098     
  0.73562354372035799       0.95264768830827440       0.22672036309252705       0.74065234573012206       0.63044816272270554       0.22679427857244222       0.59608142588352508       0.58159627461204810       0.84280204707312600       0.38462088703076136       0.64117282142602849       0.58164870491107779       0.60144667236505300     
   1.2124792881398507        1.1871375908995836        1.3783080539939707        1.1392899000520513        1.1446577827114319        1.1354109179307117        1.1756845993523641        1.1034652819619293        1.1444875909033136        1.1063626277744329        1.3297988822300710        1.0978163589143033        1.2078014019305123     
  0.74545509493998374       0.95579769904964140       0.24120303978756455       0.75299621999126209       0.64642673284706542       0.23948933965067651       0.61177543343139373       0.59811293215506245       0.84935484970982711       0.39248749864988314       0.65415888410378165       0.59775474118968996       0.61856888176917790     
   1.1925091483581676        1.2996076339500582        1.3489177050902676        1.1190822015366382        1.1122888641364752       0.98426062045647111        1.1658017928622626        1.1275865725105405        1.2198577241448039        1.1120073507412427        1.1616546029538515        1.2161714640154480        1.3441532628282904     
  0.75584621711791355       0.95883943468326271       0.25574848707488390       0.76562260384453695       0.66249889424202524       0.25316820496848413       0.62776563953586229       0.61520814440590399       0.85522990270990418       0.40113237038972399       0.66909656207116885       0.61185566058977803       0.63533897797122374     
   1.3750202966836542        1.1987046048379943        1.1488731768843523        1.2413065163730008        1.0995543078953378        1.0942167989906948        1.2499806880487219        1.2256140720408357        1.1814470770180194        1.0964295918745157        1.1753356900880034        1.1709223101549220        1.1392087115108713     
  0.76588776137055581       0.96164409047118227       0.26967832258418856       0.77828568755031169       0.67643564765672992       0.26761702875480170       0.64339264729071866       0.63163326353284655       0.86038667940112579       0.41010118311794291       0.68323724118062878       0.62658445216229630       0.65024104785260217     
   1.1761748746837219        1.2394069191336188        1.1945917310200371        1.2760457259786468        1.2647006271087862        1.2481514146536870       0.96239736944677212        1.1493727520515706        1.0925644026971402        1.1005766462701179        1.3708921185439797       0.98606381252531616        1.0739232796040734     
  0.77702606004627661       0.96432181430944197       0.28407276942563442       0.79066123215959117       0.68899270395445555       0.28309172039519109       0.65896318505935148       0.64803930034386426       0.86616251783530562       0.41991079792920466       0.69821872405181662       0.64140100263290489       0.66530037125774777     
   1.0899125209172513        1.2356804071144789        1.3213685359801834        1.2072620001779688       0.97657130412504989        1.2000426676851192        1.2208086850939435        1.0670638504651095        1.1494941119645243        1.0663709099008849        1.0233711350484771        1.0944241589173498        1.0876730320808696     
  0.78985465313584091       0.96679633602062709       0.29672191240574236       0.80193733916087895       0.70147011512546764       0.29963108864708610       0.67450823720792796       0.66448150997414424       0.87228582060047455       0.42851185860227570       0.71381786274460690       0.65606769479747606       0.68061632404837058     
   1.1720754846000898        1.1979255666493809        1.2441164848965685        1.1820341229672544        1.1333700111939975        1.1233376030177158        1.2268081318295778        1.3087732697691050        1.0587801493218105        1.2286948872866783        1.4655872388237980        1.0296418960642708        1.2505582429118278     
  0.80286062785835643       0.96895949233998757       0.31033942769817546       0.81213931985615606       0.71376405929835440       0.31665175389588540       0.69049302685872693       0.68061579259819671       0.87848957895477986       0.43718947682792003       0.72639360167502420       0.67102401945279455       0.69655960346735613     
   1.2226939473745924        1.2413849687010019        1.1191236491100562        1.2449583941130864        1.1272131448433087        1.1391697220125638        1.1553721227879754        1.2278668930774475        1.2196322078304733        1.2974102263357810        1.3286421946969265        1.1614517325634988        1.1205734772648348     
  0.81605333661722723       0.97113417863452478       0.32286615833821469       0.82195773614477285       0.72721555139369010       0.33439595889938195       0.70727366516364709       0.69745844206401630       0.88485357083851934       0.44558630479510669       0.73823200971663150       0.68410070325438510       0.71204617327738007     
   1.3086791443135533        1.1838450413019306        1.0788618983811027        1.1665573308630883        1.1098914265700996        1.3091519598103101        1.2056001679661039        1.1417125365690730        1.2117314504533263        1.0587984807256368        1.0004365731781439        1.0274093903517503        1.0957267509430555     
  0.82900723563057976       0.97314483940483099       0.33667663718626245       0.83167079259209831       0.74144931860431662       0.35343754416669909       0.72359200672148960       0.71511068756453677       0.89149543475641224       0.45610272443330246       0.74968627398379761       0.69600983166725805       0.72895809139081613     
   1.4637418967530351        1.0349614705745109        1.3251253403724259        1.0450230219913670        1.3666390464569511        1.2238516728083193        1.1605029268728633        1.2899708034027779        1.2162164878837503        1.2128700629597138        1.1415864261754631        1.0533773197409821        1.4412163930614728     
  0.84088311761624179       0.97491672788128270       0.35117046233581162       0.84120617839966572       0.75650737100391274       0.37209942860663098       0.73973986566378036       0.73355537599727039       0.89825317521978076       0.46731724213704146       0.76076172168778256       0.70736149532366943       0.74653274895209509     
   1.1370867049892917        1.0692363109152936        1.0415764742788727        1.0924170908173032        1.1505065768938187        1.0263674558337941        1.0364331239714188        1.2610261514353938        1.1482047474562633        1.3129794055017845        1.1472549144750881        1.0371337910618936        1.0777079871641952     
  0.85273255127115211       0.97661400556102962       0.36783208394188455       0.85060445754336955       0.77283275761155157       0.39209077882581517       0.75566724160138188       0.75209713376803511       0.90479051161589796       0.47905893643657771       0.77524770935234699       0.72418058891557813       0.76336775048520567     
   1.2637883692835912        1.3041815137470256        1.2527077921514940        1.1259260271124854        1.0834517986080150        1.1299321596134593        1.3720921606649270        1.0036114673053904        1.2349583219069324        1.0857522398027386        1.2326394529316855        1.2206347091609973        1.4151146756178781     
  0.86460107520245288       0.97858724304387701       0.38590772759876557       0.85981646181375426       0.79071978801180454       0.41370511611401567       0.77045457038902743       0.77020612965429214       0.91083976135864031       0.49181370224691218       0.79011322948015494       0.74279124010005160       0.77981162536451698     
   1.1117467174182272        1.2375032138207251        1.1372215401033827        1.0980952020888983        1.2867378994010996        1.0722567219679631        1.0626018292590858        1.4757507429504877        1.2985781850714169        1.1223382199771461        1.2767350362290104        1.2119246237128540        1.1265326960107520     
  0.87561327948639245       0.98053687631869824       0.40622218091300838       0.86999741080630799       0.80695875550839158       0.43654126409714733       0.78581050505445238       0.78802489902076633       0.91649482887610023       0.50469834058229479       0.80654440382283465       0.76288186651680678       0.79625132711326396     
   1.2382017198584732        1.3707959200108246        1.0345245569203867        1.1212498497301275        1.3909046953941635       0.99974143994522824        1.1963857895009209        1.3523597874195536        1.2011270524022266        1.2288345280027093        1.1780305380429943        1.2708066952241424        1.0391124410459345     
  0.88495105520969652       0.98231808922704722       0.42593992495211119       0.88035300259726901       0.81948793759012495       0.45901956812139127       0.80099220795357040       0.80504476520825785       0.92182862714244285       0.51677855065234146       0.82100903352453758       0.78423383900921273       0.81278518063163774     
   1.2055929202697286        1.1189294558912652        1.1381232870225844        1.1050136725994240        1.1445867226793245       0.99755195601370339        1.0319665267529969        1.1916491426230500        1.1227100827009329        1.1299111397720836        1.1428294963611207        1.1401170630080577        1.1095446825240660     
  0.89414539670350757       0.98390538458497045       0.44449076538214211       0.89057828135006589       0.83269956251360688       0.47992781442038229       0.81630321550727380       0.82169234031883265       0.92669758174438777       0.52958563626664512       0.83419838436537364       0.80509993089330645       0.82936548412567779     
  0.97097907843580911        1.1709092058910624        1.0742389296529136        1.1553873222403361        1.0074477899547256        1.0525955046506361        1.1184160682903437        1.0628277124555054        1.0290814419817229        1.2427584563467575        1.1563641410071344       0.96524185665704587        1.0787934576867888     
  0.90363129652876806       0.98544733819753016       0.46531637102164142       0.90133105831528026       0.84845103810747635       0.50837458540729752       0.83268783054146267       0.83834533865792371       0.93181364728516647       0.54316266998721396       0.84712012550007920       0.82578493263860731       0.84595261104205899     
   1.1820959009888616        1.1512669377403029        1.1093522726639373        1.3008729510607786        1.0776347231989070        1.1828297097135192        1.0569361502712391        1.0624493963406831        1.3036971345042876        1.0740818933240928        1.2009133972477772        1.0846185578252738        1.2459679358554872     
  0.91275346033036187       0.98682411236877876       0.48819588809782921       0.91194531064527296       0.86464359142223035       0.53866548001601644       0.84908807266858255       0.85519704801987217       0.93741742422586538       0.55823180690943996       0.85983689617039039       0.84542294320926326       0.86287108106419608     
  0.97048244748641621        1.1014605730879028       0.99418563111900948        1.1397236581626171        1.1403284410499035        1.0771371607796063        1.3075556488713067        1.2910907593268359        1.1089714269779274        1.2934598037765805        1.1805564941949409        1.0563438822152491        1.2550103398906249     
  0.92171407752313028       0.98825728536485336       0.51159989537753481       0.92242634438548987       0.88108519313410127       0.57129440355648353       0.86665572420805692       0.87179748833013493       0.94378198832407789       0.57538983097277396       0.87283997244639311       0.86481711570930897       0.87917951403959627     
   1.2307220766732063        1.2674324348192434        1.1280208311591065        1.0571595723738403        1.1772742887208758        1.0839461287268195        1.1007882739884804        1.1114393575830583        1.3845087599313366        1.1769223092028793        1.2227108335980488        1.1645410561328660        1.3646100730296398     
  0.93109950652840334       0.98977549003747423       0.53744267602183460       0.93202487124533206       0.89752280300894638       0.60607020668557909       0.88453076458920443       0.88741855677408643       0.94771492372750710       0.59405390115039347       0.88778248177241026       0.88445760712847865       0.89463367398724791     
   1.2424239487878970        1.4731918316571757       0.96496465003200849        1.3565013491699576        1.2697820553087176        1.1404653765669688        1.3733633412519661        1.1196980062202180        1.0155102647539584        1.1606445939824628        1.1188711623060648        1.2566521086164852        1.2106188549977368     
  0.94042008097130969       0.99137502208825579       0.56618776693451800       0.94256495269646834       0.91379488478410575       0.64304625822717765       0.90259378515756028       0.90236092282924529       0.95193343323264512       0.61289176965303949       0.90287467969550061       0.90357202609367016       0.91103153470085307     
   1.1077564204446653        1.3541285039548436        1.0298209191888232        1.1260165577541794       0.98646724463794744        1.3858519976185153        1.3082315482489659        1.2851046193411266        1.0991117099471452        1.0657012192016231        1.2686745547462084        1.0922132277270296        1.1159995187383616     
  0.95021136828460273       0.99284289956146521       0.59974120704534539       0.95202277235349186       0.92974123125697072       0.68499212311764701       0.92154774164701025       0.91949338641082767       0.95527564717671898       0.63386935528844268       0.91845760259864262       0.92070113298840761       0.92778843509474584     
   1.0700866297266860        1.4133289179296697       0.98882579628144895        1.1936505850885548        1.1530766251543441        1.0881877043666273        1.2580735717193843        1.1799148474584609        1.0772381170588390        1.1092603655785396        1.6561235550370572        1.0646013659399465        1.2689870110739654     
  0.96011149134413343       0.99410257988834128       0.64428466230428227       0.96109073874545947       0.94549518427501467       0.73136275930008066       0.94066292479433966       0.93934941341322076       0.95981078525833285       0.65652776354876652       0.93379350161014574       0.93703789249695313       0.94343087088129474     
   1.1431774376159300        1.0490382391812889        1.0306191293734936        1.0736207826645066        1.3420303926087136        1.0316337759642020        1.1612640122623614        1.1701215900934974        1.2834875573942621        1.0580932943540446        1.3386434885770893        1.0443880240389645        1.1114490707822173     
  0.97118183667165037       0.99537116297455130       0.70435826679066071       0.97050727004087500       0.96046324949704831       0.78552856859586340       0.95515923737976727       0.95541125339805755       0.96663069466753548       0.68747312168835173       0.94891313366579599       0.95246235724864647       0.95720419135438028     
   1.1808545955412009        1.4310311780729750        1.2710794779051060        1.1164566658598938        1.1751527202628853        1.2029937347273256        1.0121920589553879        1.2761971751730294        1.4341938826683813        1.1689058093702371        1.1697641617884085       0.96468427468524831        1.1354505632792635     
  0.98198373900746683       0.99684651133052760       0.78108187681344388       0.97970991228841342       0.97521564260872451       0.84773762490588422       0.97072795094122177       0.97027241045641188       0.97432643921311557       0.72372737589902247       0.96364087865847259       0.96766384632757929       0.97086060262190410     
   1.3115818916199862        1.4909032575499432        1.0224137140638085        1.1277317083182699        1.0795759637219700        1.2765545413071793        1.2021012614911797        1.0974003940912500        1.3609061440595107        1.1577395861097382        1.3063010298124784        1.0170134264157065        1.2382521351159275     
  0.99094579209741451       0.99842888726490731       0.87928911641213503       0.98999531593101253       0.98817847023756689       0.92026286804500657       0.98534130882049786       0.98545771651107550       0.98675907313190980       0.82818524991465048       0.98137705381543694       0.98306955453169509       0.98534212169705149     
   1.1526579257004754        1.9237684511039110       0.97727929985377249       0.98083626620406128        1.0657012192016231        1.0930886500880419        1.2120659402993377        1.2103226692266733        1.4936352757087847        1.4032902459717269        1.2159983126916365        1.0529647666404518        1.3317168744695642     
   1.0000000000000000        1.0000000000000000        1.0000000000000000        1.0000000000000000        1.0000000000000000        1.0000000000000000        1.0000000000000000        1.0000000000000000        1.0000000000000000        1.0000000000000000        1.0000000000000000        1.0000000000000000        1.0000000000000000     
   1.1818304187933393        1.5856605330138518        1.0354294137706954        1.1281895056590570        1.1819576220789787        1.0847560368781708        1.1639655105946767        1.2242368846937337        1.2726680442750962       0.90816968745365445        1.0617539251840347        1.2235027643660481        1.1583178532445098     
   11.104884614821541        10.458640377566475        7.2904620444437285        10.667003337793870        1.9530029257020474        13.635930555806741        10.429349681723618        2.7977471027136174        10.580406832040458        16.781489828967612        11.125913509415804        7.0634666229443726        5.3365656308885665     
   9.7371330459777923        10.897927818987169       0.40692374652928370        13.858904748727193        5.4707914486407150        4.0128565825873030        6.1650570273163234        8.4976378110000876        11.665009951276209        8.1789138242537014        8.7343218983301991        11.469309559462793        5.5420399754949994     
   1.9768833566118991        11.355313322531158        3.7983112195597455        6.2712093496231889       -5.8608795686149708        10.205135712286111        6.0697742484343626        4.6584843969653544        4.1261761161850083        8.3804391741794078        1.8377722438655331        2.6611397844120539        9.2875415326070083     
   4.3793601444835266        11.336312766313560        3.7685423018013586        3.9856805109084306        10.469944947685340       -3.6235921771471786        6.5928817611965940        7.8372779296455679        6.4352616379142811       0.14616232448174091        2.7120630257793765        7.9162708613934818        8.1002009468514711     
   1.8482229674325197        14.376032788290697        7.2747863703697702        1.5004020195129970        7.0130352205142437       -3.3855713490150494        1.1269188362024103        8.7732078537596081        4.2917256048696668        8.5890231486059960        12.388068263764271        8.4714534944719642        7.7396578432869525     
   6.9777703787727505        13.871459185909812        7.4037233305068231        4.2615549547238700        7.7981919006369740       -2.4929975716148751E-002   4.5365120181820098       0.85773436393723068        6.0872871488427149       -6.7293437017812723        5.8062535165574323        3.8938135190167391        1.6377483426026644     
   8.8063356812473366        10.028680430649858        9.7918105401679263        4.6268214329211137        6.1089432159490160      -0.43349238542907181        12.383860155442649        10.790361818752780        4.1221444628269257        7.8184176218088295        5.4990313399047510        3.9656888493368454        7.4364441693105068     
   10.094204396050142        4.2809202542211366        17.815267104637016        13.731884943503406        12.855770023250939        11.427296367740064        2.5463509485235032        10.080395568468941        10.074305548374097        12.068005008068747        5.9948320456561843        2.8793141931593680        9.7119495458761460E-002
  0.32936302114035321     
           1           1           1           1           1           1           1           1           1           1           1           1           1
  0.27989364993589283       0.10579782059245600        2.2746700748936498E-003   9.0565880932620324        9.0560966500586870E-003   1.2579795352795898E-005
   4.0096405070410620E-003   3.5673676849906641E-003   1.1357600886240261E-003  0.46275487773253227        1.1354496647186939E-003   1.7347395131449180E-006
   6.4964752690620468E-003   7.8224492091484938     
