   0.0000000000000000        0.0000000000000000        0.0000000000000000        0.0000000000000000        0.0000000000000000        0.0000000000000000        0.0000000000000000        0.0000000000000000        0.0000000000000000        0.0000000000000000        0.0000000000000000        0.0000000000000000        0.0000000000000000     
   1.8170338552794006E-002  0.12226729152800700        2.2386911995247585E-002   1.6664887224905063E-002   4.9563129213477126E-003   1.1569936652387407E-002   1.0936536606087784E-002   1.3412942341028359E-002  0.35234853288763007       0.14699445331516681        4.1853541417169737E-002   2.5942919062363262E-002   1.1683087808444860E-002
  0.81321151351087650       0.60424829312233275       0.70148972851823155       0.77593828757574557       0.83807254820573385       0.72008691483721032       0.96723342018388392       0.72267470494876562       0.59211138789521678       0.59211138789521678       0.69721575938424651       0.68457699203147004       0.72568613168193463     
   3.5945019498312220E-002  0.21264074922991907        4.4284511969311664E-002   3.3185157436040780E-002   9.9678541707426960E-003   2.3674043331294511E-002   2.1897737948555315E-002   2.6591645852074977E-002  0.58710625776226610       0.24471087057069793        8.7559591353544769E-002   4.6963310681317386E-002   2.3424531765870140E-002
  0.72405295089606436       0.72978579482076777       0.65832416191676180       0.77428567891114153       0.76075631744309402       0.83538161549324130       0.87916462936642015       0.60090037399678320        1.0763082824203556       0.79360762743193913       0.64425059341482371       0.70533130380345932       0.68685062279034914     
   5.3355525814427068E-002  0.26728748654453932        6.7127237158463290E-002   4.7726007735234069E-002   1.5408574848193093E-002   3.8043852832297415E-002   3.3562946427342935E-002   4.2992978102988390E-002  0.61468309019070178       0.28601368963982499       0.12725131662377850        6.8414330504331128E-002   3.7013429950397678E-002
  0.79398829705058571       0.78549279431345942       0.69207479147762085       0.63371623576267022       0.91015988824479821       0.79591867223713686       0.96688063266379576       0.76450014035667513       0.65221113887982107       0.64996051783216602       0.70186928226238854       0.82007408219812394       0.69693476930183595     
   7.1860622516939407E-002  0.30866668040001288        8.9940181010099984E-002   6.1885477586136037E-002   2.1320818154281284E-002   5.2321788819180003E-002   4.6319461131215302E-002   5.9223906413679736E-002  0.63993469482852983       0.31518293378016987       0.15942422275230164        8.9168171413740810E-002   5.0722273591289217E-002
  0.78996005511816447       0.71637266276984579       0.67571583767919297       0.65269753821377563       0.85738224332444535       0.73654538920270629       0.83141216244122462       0.71443087361664237       0.73618123257626056       0.72444455131078844       0.67218140569465079       0.73419189908147453       0.67803811714073647     
   8.5727984486407449E-002  0.34017825788766753       0.11270288111201261        7.8365301621172070E-002   2.7566916668091492E-002   6.6369740184147707E-002   5.9198221087855038E-002   7.4926732942238325E-002  0.66274540059338360       0.33528076881905539       0.18783971502324787       0.10702276107781669        6.5645197617999987E-002
  0.61280777383837504       0.71827495047482348       0.72256775585036492       0.80591526399911062       0.87236747145711213       0.62681172147029063       0.94882618814389807       0.72068832284760276       0.62548372484076320       0.73401452717405424       0.81583896062428973       0.79754838133869399       0.75522298751001538     
   9.9458657796811539E-002  0.36573109805990484       0.13317757933751662        9.6310899893371785E-002   3.4346578788698803E-002   8.0224777410340814E-002   6.9516536457846528E-002   9.0595557276628338E-002  0.68206345543228131       0.35204474401598967       0.21006164949418935       0.12472333128319266        8.0458499468700317E-002
  0.69401475514742927       0.68387315473756272       0.68700230223698588       0.80094189715891617       0.90412803446560541       0.68577281756360964       0.63099837469351994       0.74004951829864818       0.66362830497195013       0.68230168592107743       0.74203986259443799       0.80520802471828490       0.70479117597527352     
  0.11468772266724191       0.38913963581870253       0.14994286596304710       0.11485095865077988        4.1044906625227806E-002   9.3997888375356831E-002   7.9740174920149218E-002  0.10552594581349743       0.69916200989185429       0.36783785595913637       0.23114385505973756       0.14295370925768450        9.4884549618762748E-002
  0.79009941951212981       0.69275879517555738       0.65148212657339655       0.81296582404443640       0.87936650182971876       0.65844951545909769       0.73091368787506683       0.67867292782775146       0.79390916967853375       0.68818407328417286       0.87168842675543456       0.97849773135673390       0.76058932655915856     
  0.13020857242989556       0.40949439055809472       0.16854139506900837       0.13385136616410828        4.7701263931002630E-002  0.10770577570891490        9.1278243616875865E-002  0.12078176406788442       0.71342143572425765       0.37970744767688808       0.24336642533267949       0.16203303677921005       0.10977345120784797     
  0.70496668639945437       0.70143673785351091       0.68010884611007494       0.81426359285486560       0.78114169242658016       0.69935902512426473       0.79481953926155546       0.68563441342487375       0.71819430283930574       0.68284314869826335       0.69903837590063134       0.83785276797228281       0.67486521442864911     
  0.14744858549035075       0.42931941532627071       0.18862126188846826       0.15170773182362149        5.4577936590109982E-002  0.12198457033123955       0.10310277628091033       0.13656447627376125       0.72648189815235908       0.39259691988410200       0.25706023331360894       0.17933697924843625       0.12492521690999489     
  0.77284510259085915       0.63212929393088790       0.71062664756514871       0.73832624487689846       0.93786748158901723       0.72102544297676785       0.71863446398487740       0.71588239623016947       0.76403724133484086       0.63080096806953412       0.75041803452277245       0.78305663013713811       0.79119301703041833     
  0.16385487216804323       0.44740512864243592       0.20916606918362007       0.16848210825330787        6.1756366243847706E-002  0.13626983546364030       0.11626983007530477       0.15093756753348384       0.73726592799146240       0.40832726716475598       0.26985574394077000       0.19579788069196169       0.14053890090125493     
  0.73415958710638241       0.60578057058873558       0.67765434863715990       0.81769181286368031       0.79667522708964833       0.67626031780389462       0.80729101690585325       0.81965199654631182       0.69894122634239797       0.73380059365106243       0.82180456241300359       0.80044872358704267       0.80308274447339811     
  0.18068902843892820       0.46583074726036722       0.23035688381674194       0.18461882471954133        6.8867698346977729E-002  0.15032354145544949       0.12979090662155468       0.16528324640015207       0.74748276353123133       0.42291290802802778       0.28289244319804968       0.21131889383280458       0.15746288012419757     
  0.66029891568041954       0.69468693656548230       0.96842457639055457       0.78519449032744248       0.78114168465949019       0.77675830259925061       0.78451295827340251       0.68243470096047931       0.69191513731510623       0.82373057374236658       0.87706903315668694       0.63207371037780835       0.88355959958939922     
  0.19756206058952364       0.48233128808192921       0.24676714021938809       0.20003783922835083        7.7276238897864086E-002  0.16492817049898340       0.14165382642922983       0.18041601500150070       0.75649121713861878       0.43681088891562248       0.29419346099446414       0.22649762125288350       0.17511938303802133     
  0.90421692267694420       0.75123970784026350       0.77587297385050424       0.73617859427470256       0.80656402855813236       0.71170348550766782       0.64558901452302919       0.70523903717182002       0.67033814571461070       0.80856931302553470       0.74297712163659180       0.69591653836386291       0.88764243187855174     
  0.21405715858015467       0.49848803600427399       0.26231948270639033       0.21657952298173061        8.6412085239254005E-002  0.17973164084528323       0.15404378584773853       0.19667695317745729       0.76542522496944554       0.44985838811188250       0.30543735678007927       0.24300198291564845       0.19313271109171587     
  0.70221551988893738       0.78915802316542827       0.68325983663362222       0.75040594822357520       0.76474211510173229       0.70089850264423692       0.75106454512026932       0.67578816084141824       0.74677025510500827       0.71647333422178616       0.72144953848290538       0.88632210493860364       0.71803128053351806     
  0.23090472707420565       0.51259053905168506       0.27467546449395419       0.23388234838111790        9.3608233796423634E-002  0.19510340872381252       0.16455403678857997       0.21316786607861662       0.77369498550658489       0.46147033283504119       0.31581870477919460       0.26062120147420087       0.21109185152819207     
  0.70657436250555850       0.72941567288802389       0.68446807864976167       0.71186152501976008       0.69692547631464929       0.70074398080830513       0.78916089748156903       0.72489126243257540       0.63912132738762939       0.67012158992617443       0.75541119214653474       0.73493999983353508       0.74961958686501362     
  0.24539870150014023       0.52663034019994226       0.28819242575144915       0.25169404413197444        9.9824724093066974E-002  0.21048176585484465       0.17447249829165648       0.22921038932269813       0.78182163424966522       0.47300481735762578       0.32600215847251562       0.27691341168343198       0.22790996065835137     
  0.68114543769911862       0.66985699350733552       0.72429546969172420       0.84006056950754604       0.64879138270174208       0.79777729573653078       0.66537145327750280       0.78401327040665159       0.72876019626263322       0.75429398178986018       0.80676136513509222       0.82659810720101756       0.83125926591365429     
  0.26025645222002841       0.54015105949055275       0.30511546247259497       0.27068856188769436       0.10744844260066648       0.22612197301714895       0.19027868412525512       0.24487829575921338       0.78940054160367989       0.48419400468758300       0.33628831618390725       0.29213647672934334       0.24493503970117703     
  0.73510534333960742       0.68490637882009076       0.76097251070832927       0.84913403325371428       0.72978873001585853       0.71491323334923851       0.76483982803136108       0.75521820382665938       0.69650254025891178       0.75111896246395793       0.64966630701633421       0.76923851400098531       0.85131475287191194     
  0.27611132965724600       0.55370349972428934       0.32116015642194834       0.28817474268001286       0.11520107598425165       0.24231353482280835       0.20570602193050358       0.26092580694022177       0.79694619898686658       0.49515578997399162       0.34650997135598960       0.30781639482849482       0.26250308823163138     
  0.78770652954029030       0.71505361593736050       0.76543232886596468       0.80610952739800557       0.68607400763265369       0.76775022468285414       0.79976874955981703       0.74450364063375341       0.76034415608972217       0.74347882229487028       0.70002491667877509       0.79044249824668977       0.66508914023040200     
  0.29077619424781564       0.56692086946815901       0.33729253428053196       0.30279663307984833       0.12507891720937242       0.25913623378596656       0.22146452074578102       0.27747781191711191       0.80376366425554968       0.50582884001793005       0.35798802703323884       0.32350342741605848       0.28049635987734878     
  0.71760730950986329       0.72310812837540628       0.68872078457530028       0.74886817473891987       0.77892157944765616       0.70792446738222914       0.79629521459093389       0.74857911418486367       0.62611854287743118       0.70572154576297641       0.84198908462594058       0.75247714467659288       0.70883143143600547     
  0.30601245692004420       0.58024388229770762       0.35310268282955676       0.31835788869544240       0.13572480049236188       0.27599748676045355       0.23693050747609060       0.29409797180082414       0.81043858035360183       0.51608907792223446       0.36932824024771899       0.33980033207183336       0.29911743140426411     
  0.68388701552331621       0.69453297115272361       0.69179476574781629       0.70193063503668951       0.80104378892176986       0.73645162971477751       0.74797579424654026       0.85625691904494050       0.67305544071730117       0.68576099438643179       0.88004765729373557       0.75776452009169437       0.78208688163410622     
  0.32009264830384548       0.59319512933661189       0.36850785382396967       0.33435782609804104       0.14680995998394264       0.29319726976527227       0.25342550030989897       0.31068769364388948       0.81657486882172625       0.52560024146870588       0.38187895482892237       0.35641121188765129       0.31735213203215312     
  0.80054585635878306       0.68285155957532029       0.77445673670147763       0.74553460239095481       0.69496518191663925       0.74959959251871267       0.73370976880352734       0.72678077458370460       0.71998983248202619       0.66119771461075583       0.81921259217067754       0.77575566611873381       0.68621896346652211     
  0.33679051897721091       0.60605137582703539       0.38378387083022980       0.34970791200803364       0.15851687191569921       0.31050503078410724       0.27050251858510677       0.32771707437637670       0.82272872199388403       0.53536999100892491       0.39446292122393545       0.37187788647791892       0.33475273138915818     
  0.74221189636633245       0.68448798555468282       0.76008812433466832       0.70375552154016652       0.76451388168428469       0.79748467585610006       0.74767110436846629       0.77861715141187593       0.74687372705204458       0.74813669844038633       0.71229133822237956       0.69578966104302797       0.68132523321725269     
  0.35327094523752373       0.61821985352841879       0.39938150518250731       0.36487006846385506       0.17055380115768851       0.32873683687135768       0.28788737905695078       0.34530414007855248       0.82828419486331628       0.54476211972256949       0.40841397212513236       0.38696163729553246       0.35213704326206219     
  0.70391830391760146       0.66831712251141373       0.75154167471026578       0.74511212927720527       0.85336184001195114       0.63832258334243597       0.74497705100246814       0.75796527295633787       0.71129076901492805       0.68736944639060638       0.78406496214568122       0.73645815398792303       0.73871201648422213     
  0.37026065372539824       0.63039597463836372       0.41468952572365164       0.38008326078303084       0.18311353653186738       0.34718478254779050       0.30485593771440711       0.36211877503211698       0.83384099820899760       0.55390834941074663       0.42202116200087814       0.40221420200587343       0.37008553381149917     
  0.75363830099033047       0.83308504964752461       0.81070830500655022       0.69741237636089226       0.77293831760296783       0.68513527998672796       0.82876093572658127       0.70952644777032758       0.70489530429238323       0.77020929957674023       0.85369848134745807       0.80226938358715671       0.71541299084998411     
  0.38710603261898885       0.64173175729250320       0.42905179493600831       0.39527744098402279       0.19609884077346951       0.36054210697799222       0.32167691692259048       0.37803113747369499       0.83904513688347693       0.56236913607104277       0.43559810115269781       0.41765793837858117       0.38739487758169039     
  0.72826446054008243       0.71767016964818897       0.84123159867909170       0.74424209537589725       0.73688447347223918       0.71577328760626502       0.79648288889118835       0.91242363037916430       0.72904273246005613       0.72835355313149108       0.77554789385849277       0.73904733384511390       0.79824398199284308     
  0.40200775950407780       0.65305308850543597       0.44341737465661429       0.40970573931692078       0.20924074504331755       0.37401463951441977       0.33845223841981964       0.39356133514299535       0.84437286176488435       0.57066837374085277       0.44827716192252653       0.43281514416492817       0.40360775546783717     
  0.70322493931509267       0.73935825143965850       0.72282992913018407       0.76354808741165681       0.84639672519084830       0.83893388699777094       0.78971480434997054       0.74674813989088173       0.68255167452673959       0.87101491183744462       0.81493348242180164       0.79812595019999610       0.68921120184393836     
  0.41702701975128109       0.66245006745041168       0.45689211608244690       0.42353952249557530       0.22256107806874276       0.38951527262267605       0.35578584058407459       0.40946802287479139       0.84941257478793031       0.57840483265457554       0.46073952255714956       0.44785497727092044       0.41881176628515354     
  0.80081355291733491       0.65767561149404818       0.71138687818049884       0.74461978069075496       0.80454665794310387       0.84632846311489318       0.75371219670423240       0.74531290845203835       0.80644095617894274       0.70555106238335630       0.70893570724837007       0.73951011602965266       0.71624830025115305     
  0.43175966957815121       0.67136150636099678       0.47033658945093842       0.43730227023410645       0.23698529591978371       0.40453358776270998       0.37334150514805881       0.42372123751407087       0.85439227685500785       0.58598966623290760       0.47296170200922377       0.46182755411987308       0.43275539160478538     
  0.69802374360436814       0.65563589813354484       0.71784684769420315       0.72677920006030960       0.81621577031883463       0.78998457331220284       0.70638210096359211       0.65817300739819207       0.76098884156883351       0.77701263321473613       0.74867720227815082       0.68262847839385277       0.72334871126935996     
  0.44720573405343139       0.67967952492945050       0.48346829870334235       0.45093574661299407       0.25178797561353761       0.42137665654622658       0.39140377856556330       0.43688361083819321       0.85928636347492282       0.59378981224471217       0.48656584151628290       0.47549347438551365       0.44699497684885958     
  0.66304613441926286       0.65780831777868110       0.83691358146231920       0.70013704788593156       0.65990675330909088       0.84352506767840962       0.74577501178603778       0.65371388106298622       0.73572697535037246       0.67605808249588040       0.73454894349512434       0.75619599527826065       0.69545695247395689     
  0.45868942732774765       0.68776767868237565       0.49617636299847995       0.46515981676585433       0.26689667968338660       0.43814552417807773       0.41013909601154380       0.45329863813621185       0.86407494447131794       0.60153753473882554       0.49972861223671328       0.48963771418243224       0.46206878397879181     
  0.66794328427700056       0.68893038198290757       0.86879944762460914       0.70701272802696080       0.79411832060323029       0.78596764277880016       0.69740917277874459       0.80291368535155261       0.80599505118042736       0.72577465656781193       0.70937810174182314       0.79609997637864327       0.62318488614043532     
  0.46964734821639886       0.69648297512588464       0.50941576605790295       0.47893550447384314       0.28247215545342041       0.45467130605698541       0.42815326861033681       0.46934464248745217       0.86866201389283304       0.60932769666666131       0.51299228365357019       0.50410107596451748       0.47791887461776827     
  0.71850182324029643       0.78987100560742685       0.76308724840852116       0.70041857241184080       0.82000830131552638       0.85795359568966101       0.68984196404872800       0.70523623194661356       0.82872484146286796       0.72871420508245133       0.66217479086414865       0.76653137244634162       0.72632425878181295     
  0.48050308536102071       0.70513478559938769       0.52211536231434452       0.49277286600798992       0.29725214332412547       0.47067220981153579       0.44557184140611239       0.48615350559902570       0.87312430179551825       0.61713815537033290       0.52643055305468445       0.51774822609534543       0.49322099568593430     
  0.67637773542708413       0.67508878277202922       0.64565029964661258       0.72552418366133220       0.70147677457795155       0.73018182233449380       0.64093985632042305       0.95916625751440121       0.67650644852738928       0.72744149252905710       0.75466547953385488       0.76907419074956618       0.76202089693658470     
  0.49196499000177996       0.71358283258090194       0.53453484449910038       0.50670778861540944       0.31242339591073609       0.48750835456575409       0.46323524173706127       0.50298121834586262       0.87729615594553512       0.62454915484614881       0.54011738537647680       0.53124583877157194       0.50722236049732095     
  0.66991832653704309       0.73338939703650763       0.69436129144426295       0.74229422929281397       0.62850496799966937       0.72899937323752761       0.74764192331195078       0.76425405762496867       0.68849165715633576       0.73599184702775700       0.69133048179824930       0.76240022134764163       0.72006841458303117     
  0.50727405578769469       0.72239111376647869       0.54705922541398977       0.52359445546813310       0.32927024344514749       0.50410169396648796       0.48094398352328771       0.52005513791343605       0.88107886774509858       0.63187883265997757       0.55372337530385873       0.54472622410834592       0.52109908075047751     
  0.84602305807391531       0.70925652563186159       0.92389677823158411       0.68050440270843060       0.72153937852798866       0.73745123791020306       0.79728894753852264       0.93558955813988609       0.74069767736626724       0.83279879768084408       0.75265222715800328       0.77819139142598559       0.74669318993909239     
  0.52234932102771403       0.73116747624231160       0.55923776898850919       0.54015656667453582       0.34603818352627791       0.52152343618969244       0.49964681109205972       0.53760338501464722       0.88498503504472170       0.63866271762988758       0.56764161404559921       0.55816746031849407       0.53508568235158049     
  0.66900844128599257       0.72358378171745263       0.73423826911514700       0.77300834324439593       0.78553128190092836       0.79809030164896821       0.62709454493376715       0.80831103596325571       0.77311987100037571       0.76716075103172587       0.74724466614619744       0.74090411624777619       0.68327606299242583     
  0.53680603676085203       0.73941279216086997       0.57139115506836791       0.55589089417288484       0.36356607958371484       0.53943963288783059       0.51839245488536323       0.54883712739141943       0.88907428896818896       0.64530544639625420       0.58245499800054745       0.57172123306955791       0.55179418479749187     
  0.74303802740521374       0.79809538983609185       0.73179980901745989       0.65954160385968763       0.67982602260554759       0.68029656887948609       0.77858720359239642       0.66475033929164673       0.73377583714847316       0.78002436114416074       0.73099160596909307       0.71047368814769007       0.68137538242752138     
  0.55116809140433176       0.74770463496450179       0.58344455462322331       0.57153037482351610       0.38078478706572688       0.55191038286663674       0.53857951519400704       0.56026491756722574       0.89317412707291710       0.65209929442693237       0.59773461549878315       0.58544391743818036       0.56841396851379056     
  0.74470375531842004       0.75675865099582484       0.72738789830485517       0.71702929895250467       0.66790178203813444       0.64833800377035333       0.66875497308623733       0.72001539360767708       0.69311636126444542       0.70804761444661346       0.75220330256245249       0.69765840390004241       0.76675358888740330     
  0.56486255098188776       0.75623042636517268       0.59558098957760697       0.58745704875392313       0.39949542275664829       0.56433454721085330       0.55924934846909358       0.57366689535012161       0.89734292389761883       0.65909798306919487       0.61286115516447559       0.59983714566051050       0.58524767411024647     
  0.79432139070696250       0.72775437024000245       0.77484718728894586       0.70407066165623944       0.65285919825223071       0.71035429303515851       0.72654546045952517       0.63631837573050476       0.74836248523567417       0.75962710062228112       0.77641595225960369       0.69933414800748339       0.71570445349640877     
  0.57844557658549678       0.76486273567563401       0.60801621380131909       0.60366214501799864       0.41835203556278255       0.57661457762983837       0.58079314185404862       0.58700628914360264       0.90139682537786825       0.66617318751146293       0.62628402372546588       0.61414521983066783       0.60221033510632305     
  0.71958355296849685       0.75240661113868090       0.68746847342454465       0.81020364529042188       0.77860057065168387       0.64595920221979786       0.84627480908618180       0.79982853581575630       0.82623153759378776       0.89253305989746912       0.70080383058452511       0.66258115809460016       0.72724307009934086     
  0.59225490605958131       0.77289132470904198       0.62009667552833803       0.62011463099476949       0.43835389442286526       0.58840469714154509       0.60295350067487197       0.60246324928606487       0.90521437959455320       0.67317700562503213       0.63733307788076266       0.62833309245292313       0.61952625657630511     
  0.69481930161349881       0.75486277490804732       0.72552536377675214       0.84456864763822403       0.77774472449500098       0.80128898011518823       0.78586341440395968       0.95777560356467561       0.74973101471553094       0.76191864190859226       0.67068372855567393       0.74116754317624001       0.73006902955960151     
  0.60685065167451513       0.78065631387599521       0.63205750880877487       0.63708761281216930       0.45850026568620383       0.60575897676098434       0.62499310615451653       0.61743114965884194       0.90899406219557632       0.68002050901638800       0.64848981628673985       0.64254658530476394       0.63711263114544270     
  0.68468906247754335       0.75890843250932682       0.70840276362918231       0.79438132689370855       0.75940193078915608       0.72303439471753428       0.76599379662250100       0.65274473878752159       0.69893207983290173       0.75833381034954095       0.66988823015962595       0.80849635693135513       0.74439116892945811     
  0.62342313793387738       0.78851458484761128       0.64590472844633673       0.65018691000319706       0.48005379310320717       0.62185086749289420       0.64717791103743993       0.63279536864857600       0.91271246182566734       0.68670685519538799       0.65928522957322266       0.65650611267930514       0.65529921469865837     
  0.67706122766219634       0.63795622448371425       0.84272187470077431       0.74542554809969697       0.76918296724321555       0.82131158686717320       0.75039817637417539       0.78216052728911134       0.70314486858899261       0.71758290550912185       0.70363711445089283       0.70800682280644123       0.87721512588923012     
  0.64005473078985120       0.79643861386614767       0.65997745507205530       0.66283260491540474       0.49999937729531918       0.63822921534954224       0.66847123580610968       0.64790013269819768       0.91634621263529636       0.69325005042375920       0.67362826738757486       0.67010792700501898       0.67375950080119251     
  0.72597174071165504       0.70337145848210236       0.82460978242470850       0.76437723117091194       0.70707698100493088       0.71287867858738829       0.73243732203359357       0.79470478739020944       0.80060264111399404       0.71001440079738354       0.73454112021528251       0.82214260636559489       0.95709193223164202     
  0.65793862624605581       0.80430654073579699       0.67514944225260665       0.67365099941802964       0.51808765076632568       0.65466507641475136       0.68935489555032869       0.66315646848094290       0.91991668513502189       0.69964914836294156       0.68871240720673621       0.68415887810173670       0.69135704367659390     
  0.83248381708263708       0.75902423403614139       0.82711853175499017       0.68993858293618748       0.68547686124152407       0.71318093739224875       0.67989889690817218       0.75462802352672753       0.72017283957230660       0.72889596969031734       0.79196283788008293       0.72316804941762636       0.76258691692759328     
  0.67560842092506534       0.81236078555582969       0.69042168002860727       0.68511946693265835       0.53602588804551221       0.67197117175502352       0.70944163998022225       0.67819132723196895       0.92343629614673439       0.70630126929579695       0.70457615269366480       0.69777162212025068       0.70874034459532587     
  0.80193537655112801       0.63414407296808795       0.70944069467709370       0.66722723690683416       0.70376980812628520       0.74627729240937002       0.75540052419837789       0.71207063897833267       0.67038411606044623       0.90150046399658001       0.69137073542727290       0.81960471628827591       0.79488768330862380     
  0.69340146397678681       0.82049425949076116       0.70517069746567218       0.70155706002952900       0.55499610855466164       0.68886617482710832       0.72890619904587317       0.69189901096981188       0.92693873219068246       0.71320873524560768       0.72047483095530707       0.71231421715093746       0.72492562225808588     
  0.82833367527346613       0.62565773538218616       0.80138988751746365       0.73450638618982800       0.67100596465522744       0.83263185852307098       0.78444893717526432       0.65562203477518410       0.77724534707713977       0.82202463130528047       0.72148329388600230       0.73363837134258159       0.74839902422476856     
  0.71109423901371893       0.82864464531668547       0.71978138972099981       0.71745057924884104       0.57492132566370724       0.70621942442346664       0.74685921624960805       0.70502991219895339       0.93036905024604333       0.72015441549679904       0.73681665824529452       0.72778616525263207       0.74095506801572297     
  0.82653269054688483       0.69298377411156686       0.71704282629606009       0.74013410239339261       0.66951096045138314       0.73462693092405973       0.75393572683457621       0.74408609023140160       0.81896337832884070       0.77998739533116956       0.80987323271892153       0.65538561389754746       0.75153659120618876     
  0.72903580002440393       0.83699614855535009       0.73409298836222303       0.73402749291122982       0.59790146736849881       0.72372990845477136       0.76373352493530278       0.71695979487569661       0.93383055652860159       0.72669451417604036       0.75334890956659450       0.74433259756210401       0.75739519282739465     
  0.71238499036201430       0.82025392480397619       0.78469252038127524       0.74377532394417667       0.80734855429209074       0.87101252737318946       0.68670079529939465       0.70432870634045275       0.87766634487824735       0.70741765485003727       0.69307162024182833       0.63064726378898106       0.78026214223564294     
  0.74683524789066269       0.84532703755437044       0.74818427792058895       0.75129539152169578       0.62096761678077783       0.74099728409539789       0.78180778324536493       0.73107137447314763       0.93723640346829740       0.73396634115415094       0.76981564244938960       0.76155131157738976       0.77401373362726111     
  0.76301987289011663       0.84856432606357179       0.75270514259088717       0.74227377707775932       0.71871751298562148       0.69038137730269344       0.76783764368576468       0.64053452446368808       0.70165518053127429       0.75658011562226546       0.80584470107317052       0.72113873253104110       0.72173470909327875     
  0.76154559561510937       0.85270734735000475       0.76231849779637895       0.76942087387828295       0.64518975883924323       0.75809892301175519       0.80112833727529087       0.74720978145782846       0.94045337828618991       0.74178782578604419       0.78660161395566131       0.77740526431984447       0.79160814154529702     
  0.79459924861958597       0.63130371574042599       0.72445246067004365       0.81630958218581917       0.69580572412250241       0.81831046453449607       0.79250445545569359       0.73867683365032488       0.77798578077314617       0.75051324945872722       0.74072886086204937       0.75885395694682101       0.72809661402391856     
  0.77635352028753335       0.85994645376726531       0.77652681324989226       0.78723306304043494       0.66927286441427714       0.77500254639587984       0.81697146779767105       0.76466200807066909       0.94341834235547728       0.74931257207345714       0.80340952507887653       0.79250510619615788       0.80908558495292604     
  0.82468820486418715       0.82209318130373488       0.80733043081378841       0.71096295010148880       0.69800394180035341       0.76678078240352032       0.64240588626206785       0.69329878646119325       0.68638213351962230       0.78531029750467773       0.71433343989030995       0.67247114351278592       0.79892361234106402     
  0.79108833063443917       0.86924713716425905       0.78931871949734289       0.80602798587948221       0.69299405687731108       0.79179084508458142       0.83159476363543772       0.78433868568519383       0.94683024907762603       0.75637857107535811       0.81982461783266614       0.80616965708331567       0.82661872816433346     
  0.73099490674033296        1.0291589679686297       0.75130485633619470       0.82811375504894158       0.68287148246504425       0.81406486533855882       0.70747287650560320       0.78181602094113045       0.76320351659537733       0.72221451161400108       0.64692476834952339       0.69957893220347522       0.72681644469756224     
  0.80604837563256082       0.87860474191005011       0.80161232655889259       0.82450882822960858       0.71639275028073157       0.80743490609267610       0.84657692515370453       0.80311030637410985       0.95038813025522295       0.76340814475816643       0.83489353605588867       0.81853450594392652       0.84398033755092938     
  0.69332690560597099       0.98310883492856682       0.70322128440142762       0.78580374559491784       0.66233922200676121       0.73942227768931068       0.63544730735606092       0.75665535132453843       0.74607845830041275       0.72159481531063796       0.72197082551023317       0.67766407214734736       0.76769019723109011     
  0.82180051068788673       0.88796146690336275       0.81526612952966493       0.83598415553183336       0.74017421547988593       0.82199332979073714       0.86162466595316634       0.82037371294865313       0.95402358782861041       0.77041941870291963       0.84919468230692252       0.83463448708024246       0.85907627317747270     
  0.71752035115633495       0.74075021490381632       0.68787801408672467       0.65682419791893709       0.74325536076965737       0.64664430192314692       0.70927897784394656       0.70714682874009716       0.83391145170622971       0.70404294866632955       0.71763597055397521       0.71412240851691144       0.77902895216980539     
  0.83785377679929041       0.89732861512045214       0.82891044178680473       0.84805882573179825       0.76005125919661909       0.83707441544869199       0.87751340147325430       0.83697662672381878       0.95776337694104330       0.77743210720915734       0.86338653467093196       0.85230205985046525       0.87270206432429953     
  0.74681851374427732       0.92574129815840911       0.69918762252303601       0.66363626555592292       0.63488722406739306       0.69582643701917990       0.67454387818523631       0.72225378127222850       0.83254280289966232       0.67570696050027090       0.74279407175162693       0.79197837235822910       0.70829021306775608     
  0.85449950450139112       0.90765126825861897       0.84369122870216806       0.86229523865632873       0.77811950120526074       0.85270064899317854       0.89272734146396004       0.85338113320087639       0.96152230518054294       0.78536029232596094       0.87770338598723563       0.86955469776589611       0.88700317063023271     
  0.86482075474814490       0.84590183170780464       0.73452408085294851       0.63306129481970497       0.66235189360999447       0.74174268418228861       0.69316921332431725       0.74182508531254343       0.87867305766732595       0.64406963575740162       0.73096180539074174       0.76850831871649283       0.67657441154210207     
  0.87120062758551153       0.91846645576388086       0.85931099958246648       0.87650776001007769       0.79979225745918570       0.86877595441494904       0.90746667225316313       0.87014288379138727       0.96515304280409042       0.79349975088428359       0.89119458149864972       0.88692532729752749       0.90200695761536820     
  0.78955568789195296       0.97060394759553426       0.65899559401606289       0.65006076760852505       0.65053610710190224       0.71339427397802668       0.63838761802902344       0.73287182862658795       0.71995952396968765       0.78289119079059499       0.64789690393617738       0.67823535191145767       0.77049389950636282     
  0.88713808842998620       0.92851211831901492       0.87509884725179077       0.89258564226520620       0.82200623593081112       0.88547730330740804       0.92169840761984456       0.88682940835262780       0.96883022527860985       0.80439902954703191       0.90392795905181078       0.89979898118523671       0.91441995751240079     
  0.66135839212701308       0.95505107093667430       0.71569013785818081       0.71871502952703881       0.67646909839115543       0.67080199838887822       0.77029644722993607       0.70806219821144945       0.78485391868322907       0.73117189525272963       0.69758128551478060       0.68207408680261006       0.72011474619674143     
  0.90285817976924920       0.93767162092215706       0.89079999447994151       0.90841154314016881       0.84616079969764191       0.90154739419017982       0.93553065499675603       0.90356649561396019       0.97312151057722673       0.81484981394019562       0.91748328735528639       0.91205856420737086       0.92470914567340790     
  0.62379994183475707       0.80126246204073615       0.69129467277081347       0.76064037793446848       0.71137699604611393       0.69740129074454116       0.65457406893948045       0.85329228428741888       0.87498604309625594       0.75311316819544349       0.76380433386288671       0.63920724447517829       0.73259348057954099     
  0.91839934723003647       0.94678181575741371       0.90740868078382642       0.92401697735484034       0.87028402475772348       0.91832794093014702       0.94780363070548612       0.91942082950186554       0.97772166664693383       0.82824724212101319       0.93134501044855034       0.92382706848465290       0.93511542038736684     
  0.75906051455104084       0.91843387699050005       0.78723516560885398       0.69905081665827051       0.68584735412423570       0.75903533081653840       0.66825913023386674       0.80344326287395884       0.76494712202193116       0.79289163382171435       0.71203508712304531       0.70503729877148458       0.64617731045788829     
  0.93414032187701734       0.95395613967955084       0.92397434605935214       0.93988671979557703       0.89417979036742734       0.93518459710629032       0.95951728043913587       0.93498802224398037       0.98179592188298481       0.84114107169350860       0.94527803382876263       0.93574162229200974       0.94530659412879159     
  0.79900285723437692       0.75327980627934132       0.75660396386172768       0.78607556779328780       0.69234873653240459       0.83995377278597849       0.67956056052898217       0.68068464069871426       0.75801044799060358       0.87599063119591702       0.86434604111457025       0.61617613027960050       0.61153463508078199     
  0.95014637242769773       0.96147209564522229       0.94242306935760367       0.95414861058000466       0.91969296682235713       0.95165465100986057       0.97077495578638917       0.95134503140347015       0.98625566969619571       0.86083288290686322       0.95947526160793339       0.95306856496496051       0.95907086981623402     
  0.76228627439839913       0.70600778767641592       0.72601312494946024       0.71787988556172688       0.63776951927058334       0.70577333728065639       0.64198272323300754       0.69418299832797115       0.92502880590362546        1.0711624515718505       0.71300246117662891       0.68473746542226721       0.73392896035588373     
  0.96592886756160368       0.96860862755577648       0.96126311583521040       0.96949234991167688       0.94596047652874315       0.96797309851429647       0.98190771410324595       0.96839936364322021       0.99092824944609603       0.88333465817889056       0.97315278251496717       0.96981096121757393       0.97386030987249061     
  0.75879330828351466       0.75984078877755312       0.80276334443627073       0.72469386029526450       0.66163101171036209       0.75152888463816125       0.77401609148976158       0.82387731903133121       0.76428747289708232       0.72909196806524290       0.75969148052483804       0.73448233381258232       0.77163605742234986     
  0.98296133935514884       0.98265014997216682       0.98056747104311281       0.98487813101897348       0.97338366533347198       0.98412922633835520       0.99118443377882759       0.98411317307877044       0.99548802124951052       0.93129683411174002       0.98667474404404942       0.98481517004790498       0.98678578002907202     
  0.84965196202782212       0.84598648131603515       0.79646851811185571       0.72534950826941380       0.74038686817054422       0.78491896917797088       0.70028896999069146       0.72621872087084161       0.73266161441788724       0.79219129700381363       0.74382770828712752       0.63080096806953412       0.74691405569494251     
   1.0000000000000000        1.0000000000000000        1.0000000000000000        1.0000000000000000        1.0000000000000000        1.0000000000000000        1.0000000000000000        1.0000000000000000        1.0000000000000000        1.0000000000000000        1.0000000000000000        1.0000000000000000        1.0000000000000000     
  0.78853998836715855       0.85105058191749139       0.75306121678766136       0.84166992300376786       0.72253196671438102       0.76632322281717524       0.70796168338251120       0.73112184626191745       0.62453900545034013       0.59827285123694551       0.71828440380911562       0.87394186554767672       0.82787939758849693     
   7.7159388750913509        8.5557661570350483        6.5349869096477313       -2.1248603088796845        17.933907115522487        7.6360111425850690        11.768490045060643        8.6516931842967253        8.9057038754078643        7.5363277346428958        7.2612968091451542        6.2594062395890493        5.2708750528995472     
  -8.7159778538050521        5.0228416329397767        10.960810846380147        6.8983245102208164        11.320779294618919        5.8127451273456181        9.4726243864344806        6.1657918709293238        0.0000000000000000        13.071865315401425        9.0096342625049761        6.0832428227732631        4.8268015757048390     
   6.9926470816792659        6.0908311098615160        11.446092967082729        5.3081645661674104        5.5196258892841392        6.5800103711280560        3.7679500217505821        2.2418123942194672        11.857667067859081        11.608481104033027        5.8558140825475045        11.132586034087106        10.454531070171628     
   7.2507730494860159        2.9003390843268950       -9.8108358947470755        10.800051879401865        6.2397707490674819        5.6883292246272212        12.254223844029829        7.3739751163483112        15.378485689632376       -2.8540991466072199        10.020913355295237        3.8486206691548275        7.3124557799885164     
   8.7728585611301622        6.2613991087620029        3.7557211686051999       -1.5862037235443807        5.3922436955392650        8.5066561229898081        6.1225623163350100        4.6045984826005855        6.5085374958434254        6.4195597839700858        6.4543996261612477        3.8004336990031700       -8.2383367325284915     
   7.0175136655973827        9.0264279054476830        5.4060318627548645        6.8650989502541817        3.0007465891771763       -6.6264902823287057        7.4715897250894958       -5.2361981585638899        10.697171207052545        5.5877516106936378       -4.3520822690349670        9.3825164082862678        4.6094312820070291     
  0.97765985005486933        2.0636073014662344        7.4370430034667026        7.7869581746523266       -2.0573835873288222        7.7948748520828781        2.3400228815251021        11.822054955810680        7.7879634134490292        5.1569561051795754        7.6334606829173417        6.5350196537774146        8.3104487233621072     
   6.8952469918382526        5.3233789787937651      -0.40520226630966488        7.7681831223234274       -33.908965361566366        5.8733674966986573       -11.180028807524515        9.3143110029429046       -1.4418132493667883        12.724135214668074        4.4740018734255003       -4.0224012038834278        10.622515967293527     
   1.2555153641759871E-003
           1           1           1           1           1           1           1           1           1           1           1           1           1
   1.0256649540517262E-003   5.4760649292718959E-004  -1.3171881174354231E-006   5.5108411843469556        5.2185483956876252E-005   6.8542273083174774E-008
   1.1896589316886493E-005   1.0437493371487081E-005   5.2339456479197533E-006  0.77794999463293024        5.2296252090853523E-006   5.4866744637191844E-009
   1.0242027478406530E-002   6.0461972284786878     
