   0.0000000000000000        0.0000000000000000        0.0000000000000000        0.0000000000000000        0.0000000000000000        0.0000000000000000        0.0000000000000000        0.0000000000000000        0.0000000000000000        0.0000000000000000        0.0000000000000000        0.0000000000000000        0.0000000000000000     
  0.23513244442789738       0.57361409303275579        2.5298603733344520E-003   3.0351711617646274E-002   1.6788492392625701E-002   3.5938186133443579E-003   1.7436824824685289E-002   1.7762360489953534E-002  0.31517220344347724       0.10168372037183736        6.9079255484878227E-002   1.5459283940671800E-002   1.7736513670791994E-002
   1.0453091322055030        1.0515231064428885        2.4735437457038270        1.0774154152729469        1.1346961806452052        1.5305979547680264        1.1237939846008356        1.3711740171120712       0.87046606879539024       0.84061821911736767       0.93813838315691878        1.2625101866801689        1.2572884128958111     
  0.30710061521071219       0.68654960349422867        5.0069472321776498E-003   5.8944600701651598E-002   3.3955359933275149E-002   7.3528217877150727E-003   3.3995466046700853E-002   3.4955299177989708E-002  0.43057498176822151       0.16139698204937897       0.12496545646053067        3.1445068629088010E-002   3.5721555199791824E-002
   1.1966704875337590        1.1128418092501720        2.5137369358187840       0.84061821911736767        1.1013522811091987        1.2601238591296446       0.95003417977936755        1.0859743917740703        1.2341820540092869       0.88562807537142452        1.0265245668966152        1.6777366325479430        1.0486311848205367     
  0.32267822013974651       0.72095684495503565        7.4548807394570864E-003   8.3666897572495041E-002   4.9339078471885671E-002   1.1777225427282670E-002   5.0767631311394806E-002   5.2024717196636476E-002  0.47137443219137065       0.19977994185828957       0.16174935833823770        4.3905714723008200E-002   5.3645151290495831E-002
   1.1708631578095845        1.1366109577609926        1.4697876179791134        1.0535369324503625       0.98301078952454135        1.4314400981814184        1.1534421996629678       0.98233853703069307        1.1598961973987452       0.97231020946225433        1.0614959205078756        1.6230211387314253        1.1202481609028698     
  0.33709699922612607       0.73245289140562697        9.9033784520530729E-003  0.10709057455687210        6.4599484509914859E-002   1.6545714129731971E-002   6.7596642801668910E-002   6.9036957748632763E-002  0.49713178338704217       0.22122721809371271       0.18976621296912344        5.6432717290887009E-002   7.2631112378178098E-002
   1.0951826532426099        1.0068264658153789        1.3942442220512969       0.95610511218559024        1.0464534944309332        1.4007379292970150        1.0777386206257271        1.0643440155561104        1.1371316583252875        1.2994753658011431        1.2939103944529482        1.0863020145034812        1.2320172082643557     
  0.35136928899409764       0.74406763042856960        1.2388834207221248E-002  0.12972442842640119        7.9558295647329996E-002   2.1221030608404041E-002   8.3837272288483866E-002   8.5920151280183210E-002  0.52222830480070759       0.24098852545805663       0.21121660069362769        6.5524311553982348E-002   9.1499543204438330E-002
   1.3599665829206833       0.98980790127274454        1.3178419265767172        1.0834021282394093        1.0642551525603616        1.2017280315696082        1.1044499692552947        1.0049483486869701        1.1188713396928867        1.0123685141098657        1.2634920406478214        1.2351090380630232        1.1929034853429508     
  0.36333673452564830       0.75484017116535440        1.5042814867899906E-002  0.15273954305183393        9.4218739054289471E-002   2.5787266229439956E-002  0.10035029878573225       0.10307890579912067       0.53863196925110912       0.25622907705355286       0.22969408391456295        7.5354525019621449E-002  0.10997073973212332     
   1.1465891191198794        1.0730253577596744        1.2190054561714954        1.0135745354629631        1.0830986037219730        1.3141057091881838        1.1970674113248678        1.0295214701034583        1.0266420391423601        1.0464122133577785        1.3728475370326989        1.1090235876780608        1.0089507304052900     
  0.37375590522007546       0.76543789840276311        1.7687642535034395E-002  0.17507254819580731       0.10858321956236069        3.0461604558749085E-002  0.11565849725294418       0.12042903509132724       0.55456535676767627       0.27158329167438638       0.24474305829825724        8.5534456501414807E-002  0.12770990574389990     
   1.0424962261253310        1.1029839166040445        1.3320189608940718        1.1108093173404876        1.2311153544787796        1.1690492810626141       0.90058640536813495        1.1317240479721085       0.94983847315403813        1.1433977840522227        1.2837259316979659        1.2523344334053843        1.1851752706110319     
  0.38502897000955166       0.77373487389273932        2.0364858123952032E-002  0.19690342194195429       0.12299882683476480        3.5336110730695966E-002  0.13023329530361757       0.13753299864483048       0.56973127679483027       0.28349048518007519       0.25835958524505204        9.5766507841702112E-002  0.14536887148305894     
   1.1610597301241969       0.95944108359238611        1.0020756364671555        1.0969930830345689        1.0660351201847931        1.2002367954045512        1.0385839025263013        1.1565755479221353        1.1082457415980087        1.1189441994951550        1.3868715500015405        1.0359999096069397        1.1890394422783972     
  0.39675395158949955       0.78224655615602445        2.3087683692426978E-002  0.21848110819705882       0.13747782642974035        4.0420087035251087E-002  0.14519688815623077       0.15466484234729685       0.58389386740698934       0.29607163978251699       0.26945251209752047       0.10669578009711500       0.16376069626775139     
   1.1384931122101842        1.1776752328563078       0.96191865653308795        1.1305547113929026       0.92741379390050993        1.1685580085486844        1.0117569650610034        1.0577968942734388        1.0601852471304818        1.0733881298378469        1.2300736189358235        1.1718339440951251       0.95710047220552152     
  0.40788720121753541       0.78965472608627729        2.6078591205766940E-002  0.23816002477173093       0.15213870224130308        4.5845705239306346E-002  0.16052477865850220       0.17221881463928770       0.59708569603404893       0.30758715999902814       0.28069997765457755       0.11831654943992925       0.18231733041760262     
   1.1941326065736830        1.1180594823134795        1.0117771639191611        1.0482530368565148        1.1118865346719817        1.0709358781463858        1.0473484548495200        1.0889902924506918        1.0456715992534327        1.1762267079749502        1.0770179764911585        1.1547300881351261        1.2474397517483076     
  0.41882459181992387       0.79732939231420574        2.9583494428627191E-002  0.25814737859994036       0.16680763752357183        5.1279191834032609E-002  0.17586041671534208       0.18997376346109851       0.60933514856728510       0.31887103338924527       0.29210380481312226       0.13074988441234361       0.20057002690989464     
   1.2092611568773404        1.0345557980855857        1.1701093471099226        1.1079191091615550        1.1196377947781433        1.3206960506835939        1.0409297103525625        1.0590066249611589        1.0786404492434114        1.2069088626619671        1.0525839692018586        1.3095462889820684       0.98833670565498177     
  0.42887473143491900       0.80462300806117626        3.3313307528505802E-002  0.27769149741148214       0.18178255977977578        5.6524145142091434E-002  0.19163059105983907       0.20759943406281686       0.62164851529029130       0.32761117316756061       0.30368001923728766       0.14352207381560569       0.21834654418302335     
   1.0249017686959385        1.1205845051972325        1.0129420240291516        1.1514591811116714        1.1153403606637484        1.1765144072205820        1.0263870845000551        1.0052095474794891        1.0721749331903128       0.99697724150795508        1.1987758906627306        1.0895679697553706        1.2315589205244486     
  0.43825915443644042       0.81169689989130223        3.7575715601056797E-002  0.29765699081595592       0.19776388213879914        6.2159002590430626E-002  0.20755681481662100       0.22408247790960190       0.63311118426992929       0.33624365015888935       0.31583852340607410       0.15627208203262491       0.23539985899253074     
  0.93872946491021558        1.2423527348963332        1.2554099371840992        1.0537074925941616        1.0332111715910195        1.1880073325855531        1.1939591486238899        1.0249151926213051        1.0408454339101620        1.2247950922612243        1.2735685119506106        1.1783133202258829        1.0231469377459184     
  0.44882480806461278       0.81827704056675787        4.1954851758907084E-002  0.31619410966735101       0.21407129704341721        6.7786050085432106E-002  0.22250172351252392       0.23917318473883273       0.64430560833832151       0.34424515630384589       0.32779112961635848       0.16826057817554382       0.25218108408994649     
   1.1822069134687998       0.99266324879395129       0.95899268314244723       0.97686077255625481        1.0099518375582359        1.0883592511232196        1.0837023211556622        1.1334890422059152        1.1582212923745936        1.0329497491038189        1.1936231951285827        1.2002391651309783        1.0980694452411599     
  0.45889836435648729       0.82484253676716546        4.6765710424968070E-002  0.33480973480884696       0.23004524397481116        7.3746901710917870E-002  0.23754078533284745       0.25464173318335365       0.65444454988058920       0.35197507097294939       0.33950433867735957       0.18007097191505508       0.26849745513248130     
  0.98965042146719073        1.1770672867659240        1.1407053465990833       0.97841241970394710        1.1767746038004965        1.1299753974877103        1.0625879712997175        1.0848567358491163       0.98579932889284738        1.0030823082063007        1.0563140804225610        1.1013798506387120       0.98869512365064760     
  0.46962578332429583       0.83086849438448929        5.1688208551312821E-002  0.35309829854865493       0.24603752936903167        8.0092443042696276E-002  0.25222063550740942       0.27003106832141782       0.66437774126536198       0.35958705456452467       0.35153679540269916       0.19207158714784628       0.28457690735023589     
   1.0101996809356673        1.0810417976291000        1.0988783509862345       0.99648301507795622        1.0492052545554780        1.2840693806856955        1.1306802182354041        1.1187271272589137        1.0087720877997866        1.0175746251264548        1.2859203667025827       0.96745590944321591        1.1314714738748834     
  0.48043043510456640       0.83673488627000059        5.7192381721247326E-002  0.37139436243033963       0.26211861517670043        8.6312754265383970E-002  0.26694185103154999       0.28649943849616138       0.67399107657494484       0.36716106439789120       0.36224893465307034       0.20442026677433409       0.30102601647058363     
   1.2010870121859603        1.1170368721225978        1.0607385891392258        1.0557137893795034        1.1174430634934438        1.3389426720433484       0.96777330755111390        1.1467084613998761       0.97628510550371295        1.0266700201153680        1.0659714228492649        1.2511427584351438        1.1058727688970389     
  0.49145246426608874       0.84225980419853275        6.2785464537857827E-002  0.39001207726523440       0.27827308623955427        9.2655868008655565E-002  0.28213600067353345       0.30374590114835698       0.68365212355744642       0.37459212104478967       0.37276927007534483       0.21741391257410173       0.31753036394031153     
  0.94385365138724231        1.1009159568208065       0.94045331392622478       0.98736404696545965        1.0191397158283082        1.0950816301213753       0.99896224642241782       0.96995048881260937       0.95587043234968327        1.0666846534894499        1.0883920150294213        1.1964593703898629        1.1164614212938353     
  0.50275169763253569       0.84760095870627006        6.9042476422030041E-002  0.40947957620359376       0.29386929755107838        9.8977650901156844E-002  0.29742450794605696       0.32048768090709406       0.69201148135168000       0.38195318129903455       0.38511048343283860       0.23060803307538197       0.33368142992365540     
   1.0413164787551803       0.98643224209373603        1.0612261568825783        1.2956717999489002        1.1638319867992546       0.96959580850605365       0.93558135736064840       0.99506610300188825        1.0771221090094889       0.98371750350552833        1.1295427503942379        1.0544623653746918        1.1394049075653794     
  0.51300972549839940       0.85244046546338414        7.5377791371146280E-002  0.42771258855809285       0.30929029338515851       0.10629031410819388       0.31293152329712171       0.33699920441875503       0.70045116574487953       0.38999577169865429       0.39727528535311246       0.24447300241284028       0.34952483607335860     
   1.0932496615979597       0.95254325996223743        1.0678396941654176        1.0546667936549257       0.95577652858223272        1.0746981223893051       0.95145322277421607        1.0214126930546745       0.99774313478178744        1.1694736554198402        1.0491047242196352        1.1064442951511551        1.1433443626673727     
  0.52362525676326288       0.85729409792704470        8.3093595973965581E-002  0.44577313607531927       0.32523277271544637       0.11349645059374185       0.32806803054211514       0.35238716448576324       0.70831610913852050       0.39777277745500800       0.40964598648946005       0.25870277945572495       0.36484296516384462     
   1.0342237477298140       0.98373643441836711       0.96091189625107742        1.0631987970928867        1.2121536877320107       0.97690655625596767       0.93919491663403454        1.0834320093942027        1.0684201542848395        1.1329358470131810        1.2293339141355653        1.1996153629119890        1.0932597862397651     
  0.53431805972476643       0.86126172277071489        9.0891727741203437E-002  0.46290522554756386       0.34120395701076023       0.12159426980015541       0.34311379794947877       0.36664945468786725       0.71599164817604988       0.40534899336472413       0.42163619733365787       0.27350266769921439       0.37969093603114840     
   1.2802376457274269        1.0260445969668477       0.96537518183364812        1.0613356161439815        1.1661879183362280        1.0372238913841847       0.93968322035408069        1.0019570725211417        1.1665318204945117        1.0062878156860819       0.95789393128358158        1.0519602972617794        1.1907738342694936     
  0.54515855921884449       0.86530892585147035        9.9724533922965597E-002  0.47983300542814883       0.35690686823157014       0.12952585576795819       0.35834554256916779       0.38077552581984841       0.72324225973998046       0.41292240956837717       0.43333476013589245       0.28850252468655962       0.39419021881676641     
   1.0578754872350531       0.92801202929550319       0.98521834768492966        1.1649152264840033        1.1999978215226061       0.98905067501457777       0.97607592470122873        1.1264911756458347        1.0654458101878557        1.1416202942197573        1.0376599164749021        1.1653965347862738        1.1220395426744845     
  0.55644988330974943       0.86936867124952455       0.10870353485826892       0.49457299560000167       0.37223302313152856       0.13806235155511257       0.37379475591208267       0.39482664367741765       0.73038753390442379       0.42068734245667361       0.44534054398597633       0.30288688855545082       0.40720273694392412     
   1.0737859421323965        1.0606271859390135        1.2539265943259652        1.0509182542216275        1.0107287993443173       0.88097584619368197        1.1324271327703270       0.99909366233037311        1.0012578916715740        1.0594548650074904        1.0142029945394295        1.0207487575468162        1.1527028064749332     
  0.56706276170509451       0.87337439951820073       0.11828931776531061       0.50747350158038007       0.38547341034551519       0.14606963941192372       0.38923219508329737       0.40922246522137651       0.73753505787595397       0.42870208952129446       0.45717508507842530       0.31717818195346487       0.42045690748876469     
  0.98211486050840979        1.0678120608348096       0.97639608980437143       0.97369191958922607       0.98461528507167750        1.1261532953313158        1.0826559401105149       0.91133185927226990       0.88536765849215227        1.1292155819644929       0.90607764650953793        1.0994551973962532       0.99479487681768186     
  0.57748390604259903       0.87719508922790057       0.12833399953503519       0.52123967732136578       0.39783049609838983       0.15487415879080849       0.40448076471584266       0.42372584433654714       0.74478058711068129       0.43558506147436071       0.46934248332881107       0.33277840780214246       0.43467375001773456     
   1.0144563966129438       0.87606640848093242        1.0288532840836626        1.0360891262528276       0.94273786834486839        1.2103456895389635        1.0649089832194141        1.1629957971252636       0.96941137364652097        1.0276732916798457       0.96821841558520982        1.0002614107286891       0.91495025774136818     
  0.58768739780455093       0.88090338036105753       0.13922583443466749       0.53515503627793704       0.41064470767756217       0.16396241611324366       0.41979258643969136       0.43821032533740734       0.75185025382443016       0.44254275294207601       0.48242748307426842       0.34883416777265563       0.44923643217084225     
  0.93443307167009926       0.95319812403944970        1.1457414319652299        1.0546132510571669        1.0745195387183073       0.98416892916679422       0.93992869540228907        1.0185206400333415        1.0635750865250224        1.0114434505331644        1.0588133160285298       0.95495503149996164        1.1815642156729282     
  0.59810434044722560       0.88458674675698545       0.15001558650229990       0.54906792843241126       0.42393656012948705       0.17459063617774331       0.43521924541134094       0.45232672948442582       0.75858716874261345       0.45038589039916993       0.49577336330986205       0.36515392528403795       0.46216807095584311     
  0.94636497833135347       0.94580879838590848        1.1407524468170869        1.1149997714468758       0.99551135655787359       0.97667554158501069        1.0606540479344746        1.0074287719209962        1.0880912116767179        1.0961837952438354       0.88214676880652620        1.1474474035847617        1.2242484168196066     
  0.60891853043834288       0.88819424281631076       0.16169390905639086       0.56349414009037813       0.43826008674832556       0.18546009156192977       0.45088355815710207       0.46695217655364291       0.76500069507445123       0.45846053137507808       0.51002831776401725       0.38151153463164461       0.47432900463247868     
   1.1682278657726579        1.0307192974923083        1.0280652165424764        1.0971158027092591        1.0422427997521804        1.1487703572761636        1.0972936515633906        1.2128304423399137       0.96609931041003450        1.2541038933141160        1.0012697927246912        1.0125258088966465       0.98086225742831634     
  0.61964232395714192       0.89169210082108996       0.17368583274680782       0.57809422022130552       0.45230751000943825       0.19673564995301537       0.46650155946965494       0.48213802598554023       0.77127239636463907       0.46665257392803677       0.52446098073031744       0.39887575828335614       0.48677958498866752     
   1.1486185562474593       0.86752756063862768        1.0399746200459772        1.0726329852188001       0.89347709260153585        1.0002353096160819        1.0527653049686436       0.99859550125033258        1.1058587571973415        1.0805596326138605        1.0522201731953851        1.2529813977068285       0.93425224254223704     
  0.63042664385341218       0.89522083388377172       0.18544128316314207       0.59331106233647668       0.46626154294116173       0.20793222473625861       0.48032441413024440       0.49753691912339598       0.77724644041055468       0.47487005340846322       0.53877202022245307       0.41606231217063033       0.49915450940073908     
   1.1158687598777843        1.0463522223287434       0.96033581844023874        1.0577914248957430       0.91395824481420029        1.0442169497015541        1.0484248283155901       0.97007256114190910       0.94629975816584488        1.2281709119671751        1.0499268070625065       0.92849671465952133       0.93599043397809223     
  0.64129919222166720       0.89877761874489848       0.19747411216792568       0.60853607877986216       0.48004388495140127       0.21973656702045766       0.49357927026278436       0.51342792252053659       0.78327657905730808       0.48276110241571252       0.55325971451164935       0.43230124360225586       0.51521878533823562     
   1.2900106080770875        1.0501427717323972        1.0333290637645567        1.1025954868047927        1.2920390783035540        1.0398275680750715       0.88911011308434640        1.0531963742157564        1.0988190891615370        1.1119252424186963        1.0876586008287676        1.0195457916325521        1.2349031607827470     
  0.65230154054437106       0.90209339106227915       0.21120687983935801       0.62324469930231985       0.49536332197463068       0.23218380453885068       0.50717968435182625       0.52948012269285272       0.78894773841727794       0.49024851849018897       0.56750866279641776       0.44884756083662219       0.53217276428371829     
   1.1277522642585198       0.97162307042674179       0.94350522800481251        1.0402011606477932        1.0496131215979987        1.0527746921595715       0.95747581410793003        1.2372660139347180       0.99970543315671989       0.99973595167699525        1.0208115734284142        1.1375828052405499        1.2738319244187000     
  0.66300208067484956       0.90506459019455043       0.22562079961571138       0.63753030483713125       0.51081892084908209       0.24522081019048372       0.52122004071026862       0.54475027472420001       0.79474397052729251       0.49761118968268170       0.58195252872575565       0.46460030146572384       0.54779584049009777     
   1.0651052037603574       0.86437733402058992        1.0004663662272184        1.0023187537710767        1.1318290829518329        1.0064848305187455        1.1332981127204840        1.0500405148501781        1.1060446636569372        1.0505472708668686       0.98081263984942835        1.1095681991009212        1.2196497159325370     
  0.67301465583227849       0.90825694618168362       0.24108646218684318       0.65081145445803457       0.52745160584814332       0.25853146616033806       0.53518274073366778       0.55980149557908621       0.80037577885572186       0.50517829014611970       0.59650451264282178       0.48050624489173926       0.56324357025425431     
  0.95849784360980561        1.0013344126160013        1.0939099129599996        1.0456731131537449        1.0060843334249752        1.1159525709071618        1.0966964319280201        1.2446865615365661        1.0183860319760318        1.0483601522892201        1.0730759367085039        1.0020160708146149        1.0461470323241764     
  0.68298884807596638       0.91168976411435731       0.25709953710596400       0.66392246922917952       0.54411029800548771       0.27284182638541926       0.54868138007237555       0.57417901399275084       0.80598784567424775       0.51344535982486994       0.61116054664493591       0.49757674628472287       0.57644977377373319     
   1.0104094499055731        1.0278446781614672       0.98564061031128947        1.1285117180393660        1.0516672452473468        1.0165653681711477        1.0093314712545067       0.98110437471824030        1.0020483034229484        1.2111959380956943        1.0961547253165886        1.0027383996107211        1.1545911613808890     
  0.69286681847285858       0.91512390488927065       0.27422094020139831       0.67504983050192102       0.56125705797934400       0.28766551236316262       0.56390022724444666       0.58823558368564532       0.81192038037858960       0.52070094334961747       0.62629088802160948       0.51493348792173588       0.58699393861662363     
  0.98361255923745339       0.98605551093771138       0.96437742017325068       0.96878366144266947        1.0069578537647230        1.1025371847632015        1.0961323877530222        1.0637948508775499        1.2825207413880237        1.0580535700552438        1.1433951350050109        1.2303811291784705       0.91600600540354149     
  0.70370801119481996       0.91851320858441765       0.29198112909015811       0.68689249071391645       0.57846383094615150       0.30334783055181597       0.57891015693590075       0.60081887169652448       0.81789448348020832       0.52820673491207848       0.64240394898058784       0.53206088220677084       0.59940228125563444     
   1.0592171556492453        1.0869653244438526        1.0713578516239952        1.0532265149700104       0.97344013760749704       0.93857208980232487        1.0058516629755125        1.1792369940702983       0.97528415818515057        1.0082452006906020       0.95296170291744853        1.0135888456153930       0.95431732431783212     
  0.71517808271506422       0.92179617469275299       0.31008225353420604       0.69991483947793065       0.59624844659145926       0.32004467206308290       0.59505435313256849       0.61311721368913819       0.82388487290591639       0.53437009907848609       0.65928873497150231       0.54939266711035351       0.61255136587452863     
   1.0556514032642281        1.0151583637112660        1.0652694664102738        1.0606438242615874        1.0741906732980446        1.0976368366188385        1.1156607657911841        1.0141573743566810       0.94487897570796142       0.91405246863430711        1.0283797806209489        1.0810608409722831        1.1014911883600289     
  0.72697694365160681       0.92501393776928720       0.32884401392873586       0.71278946216718542       0.61334776214573761       0.33717699460306666       0.61073127728856480       0.62516773176584017       0.82980225846695754       0.54056727240588076       0.67564001389565631       0.56662408459561286       0.62717763857420616     
   1.0691375449085574        1.1069329812626461       0.96641685412926859        1.1602588577278385        1.0433239750093788        1.0889872190493826        1.3435175506734132        1.0553896061387091        1.0926550028419919        1.0639967937844090       0.92532860589891852       0.98983211695533402        1.1365843104344644     
  0.73951638869655290       0.92821492031929509       0.34810699830890590       0.72679902307675515       0.62743481553161673       0.35532431250740515       0.62751433884232677       0.63865748859335836       0.83517956059285581       0.54675506680494890       0.69149041112016119       0.58328163111044373       0.64230986803566947     
   1.1848258573693322        1.1323105116106202        1.0054437302129180        1.3698078796390438        1.0482415859593268       0.95230623270050707       0.99807981535183254        1.1151240531376514        1.0204347877391202       0.94603130908139499       0.95392038782923105        1.1444748623670649       0.96482573419014894     
  0.75193012712039442       0.93137423662223884       0.36842818825379087       0.74047444352582681       0.64277865011547897       0.37322794746699589       0.64464757313306686       0.65545719077005515       0.84032839789970004       0.55326808455890653       0.70699215859516873       0.59986353277811044       0.65788008551346833     
   1.1242570930144067       0.89521999756586379        1.1256718998075734        1.1645934298239975        1.0801460731606773        1.0042286583214317        1.0693210363378844        1.0384470605608440       0.95560171770713509        1.1211699968162498       0.88870219391531036       0.96635242423516521       0.95514804655199836     
  0.76373171015233865       0.93455968215320673       0.38998034107704743       0.75379277217918617       0.65925972886128870       0.39024829923868104       0.66203747813250191       0.67185419394558954       0.84543330475805289       0.56024236902945024       0.72148013071508710       0.61663518825081742       0.67315449985314924     
   1.0954299333753543       0.99563450610503557        1.1188389417700408        1.0515669593361854        1.1229967848066358        1.0402354607560067        1.0612205904827714       0.96685294977335412       0.93294171076493626        1.0194363957801453        1.0266190973508575        1.0064245701397854        1.0825427345948577     
  0.77489743575530690       0.93780514849594387       0.41331543986387553       0.76708715300033870       0.67490841527120704       0.40767783112713118       0.67960741955715742       0.68763791043403655       0.85048595583922215       0.56733732553426086       0.73661969223058399       0.63415979408478418       0.68805487465317716     
   1.0124263286218957        1.1730413454994564       0.94842161892826993        1.0181807301002861        1.1021571880830305       0.98878595046713169        1.0848955836611192       0.99701670771705242        1.0783124852822119       0.96051481958290008       0.86007675866545930       0.99052441350288944        1.0575930986830500     
  0.78550035034755683       0.94101197853374352       0.43781005446003102       0.77989295369471656       0.69088544160368248       0.42505102364704750       0.69740602466941715       0.70225337896994977       0.85548367396231317       0.57479718167482496       0.75208169550910464       0.64987686303682779       0.70290266653096178     
  0.97889772313472878        1.1365433794230293       0.98007475448384174        1.2132979074037482        1.2736933855620667        1.0276346335104909        1.2539791367277007        1.0582184719666465       0.95355802399640111        1.0166644635408999       0.87559749360347028        1.0117235791798049        1.0568118246965008     
  0.79634905705365966       0.94414113182507287       0.46206597943615091       0.79274258781207874       0.70654319839307145       0.44341499019973246       0.71493520862828019       0.71623892551189661       0.86046610745802765       0.58219326749111733       0.76823717282474047       0.66600292101779945       0.71675161802957998     
  0.97362523740302187        1.1624954039102502       0.85693748329239205        1.2598176843890061        1.1065949575190568        1.1263307732837795        1.1323064177437927        1.0666863140672143        1.0695512825578517       0.96943991198482249        1.0960577020035354        1.0488018371586130       0.95691579802711235     
  0.80718696660895506       0.94721564267129332       0.48573407037572514       0.80549061969885893       0.72205921041851984       0.46385922156645343       0.73362348801262689       0.73071429836119317       0.86565388420986300       0.58972659752375289       0.78371413750162588       0.68268636467830046       0.73066586854611337     
   1.1536747711461901        1.1692866850239496       0.99257875596879230        1.2036217488880505        1.0352234341367821       0.94694481150643572        1.1525052706877543        1.2810934241508787        1.0138563340135913        1.2161309300937002        1.0265331782270077        1.0399817736366814        1.0932549075696798     
  0.81802801253421520       0.95014261576102321       0.51111914775582612       0.81759201915817237       0.73786107430602144       0.48637111602038074       0.75182150063871978       0.74541999482846444       0.87138914058497785       0.59739642881038291       0.79899642703322937       0.69889825937109162       0.74424384113217246     
   1.0298382463123792        1.1680296873858607        1.0786515586445844        1.2733008428987882        1.1625559148554567       0.87198911841126026        1.0871610338663333        1.0446582630900945        1.0213257313000670        1.2442796739490340        1.3317966810641444        1.0130442959107238        1.0049976880632689     
  0.82854218995780959       0.95306409618103738       0.53765892859224351       0.83065714067817253       0.75415253950764161       0.51305072517659989       0.76683054136425399       0.76050507463296713       0.87713918975840077       0.60570928600222818       0.81276974232126631       0.71863804697673039       0.75910102665263146     
   1.0122815648201815        1.0591454608259780       0.90073962383310358       0.99762107260586641        1.0775060851925151        1.0972837563013536        1.1639581221186652        1.3149927822398022        1.1012977070857659        1.0775159726675989        1.0700271412881064        1.1169982011924697        1.2502943692925355     
  0.83950414493863545       0.95595750953998693       0.56555492947606489       0.84396695014254675       0.77070693070088137       0.54057939717034686       0.78209847167787483       0.77503913973954286       0.88291592723046119       0.61461113152620273       0.82657314886399702       0.73925646997146310       0.77669980455975118     
   1.0492820607276641       0.98247622216452468        1.0267292185231758        1.2263152145560783        1.0901625113426012        1.1282409913957017        1.2015123876878813       0.90774744021145959        1.1853207437417865        1.0177648081448782       0.98581903398786663        1.0518504788539529        1.0238356662328236     
  0.85080279498463995       0.95883776690641676       0.59375034346389144       0.85709600383958806       0.78790664997605198       0.56783595500276185       0.79796130567065970       0.78971548040767525       0.88863446126831569       0.62372452881097795       0.84113539539032789       0.75965582161486933       0.79457747552331637     
   1.0482527768492509       0.99888268446471107       0.99070141520047428        1.1139681904295680        1.0886202982730837       0.99215923574904386        1.1712105671218809        1.0308907583312226        1.1254045430552411        1.1943539897566740        1.2028864090884326       0.95965917496881870        1.0698574114199269     
  0.86220943712746756       0.96168883315477049       0.61968361026656460       0.86964061211224886       0.80454775720928073       0.59406329500186439       0.81408610728724251       0.80425727893349219       0.89419424094836242       0.63309422119874137       0.85662702982602390       0.78040096417759619       0.81323558925939765     
   1.1716008104122431        1.0559740827818267       0.95735522476475121        1.1208909596921128        1.0983509837785559       0.99131545872005311        1.4319357838919629        1.0207060231823604        1.0744358273773038        1.0355674131023966        1.1482111152629881       0.98620681147065858        1.1678107313733488     
  0.87287724959728052       0.96454352152290523       0.64497892185709538       0.88155336817295549       0.82041860646526876       0.61986673395376468       0.83018558423214861       0.82018044296742432       0.89979206389570199       0.64338057839530560       0.87051335264388974       0.80091696199744689       0.83094065732013811     
   1.0743621598525090        1.0849755792126601       0.94845609011328758        1.0667096064696640        1.0445544488558454       0.91966228553658791        1.1340030994553900        1.1118693328507465        1.1237219038377804        1.1565940973154332        1.1558934974881367       0.92856475259156568        1.0264306266507459     
  0.88360207076145558       0.96740436480043346       0.67281483048173840       0.89350030533580405       0.83649785031381196       0.65035155880546536       0.84644877418150533       0.83594358227772814       0.90598464381163757       0.65455490536741545       0.88485689638188980       0.82135844740107833       0.84692678894855966     
  0.97105684004614257        1.1288215192120046       0.92355418848818049        1.0819765492130187        1.0530197542908741        1.1340659314621213        1.0287252770043063       0.98851121001373254        1.0846998076414633        1.2435471808507121        1.1707962925418298        1.0041600929929373        1.1969357900379618     
  0.89469788859933652       0.97028025875284674       0.70245774670225936       0.90601602877140319       0.85203212699883424       0.68314515079047666       0.86223722979072059       0.85158701068527787       0.91237162870496979       0.66611772920064216       0.89694674693244059       0.84094311133577182       0.86378448491370130     
  0.91505658994459893        1.1496736275130253        1.0181766192346307        1.0605457881669602        1.1846694488361944       0.93796014347850565        1.1063325674301683        1.2226180786996022        1.2816271116580458        1.1997967946800387        1.1663662157895198        1.0118881574263741        1.1139233359417482     
  0.90553383716703628       0.97338054662635254       0.73591662093366872       0.91886076312299414       0.86754709071030767       0.71743429254221547       0.87829636241448683       0.86724414635484159       0.91928509776663347       0.67799175152556279       0.90893130347985207       0.86009908621031617       0.88178558196335344     
   1.2239710413021223        1.3597759865414654        1.2557770675892244        1.2193534563590798        1.0950643803379727        1.0834306821968722        1.0656995612006801       0.94865036789672319        1.3026554263920691        1.0541143860377513        1.1513290037310804       0.91541265606664124        1.0376821440084838     
  0.91746644309011915       0.97649447357005303       0.77059112716944267       0.93070780453635582       0.88453992725568875       0.75244693137605745       0.89349067057377851       0.88349273793760297       0.92641580765607456       0.69167979949944702       0.92022618740444539       0.87832108904611084       0.89830263346035277     
   1.1689748912278699        1.1867280111123892       0.96962018608544753       0.91600063609329185        1.0085435130879690        1.1452420375995256        1.2046394191300358        1.1314198407589853        1.1247594231366469        1.1289576483317862        1.0774094903173765        1.0005832087911413       0.99363040108252454     
  0.92947830195843040       0.97945157576564501       0.80731499225626213       0.94211984118686787       0.90099870619751321       0.78616411946380860       0.90824831812489359       0.89998339905367408       0.93337844223527666       0.70806327219476750       0.93148010033421891       0.89621936418490145       0.91317057669318125     
   1.0297424118564686        1.1429051548286815        1.0574736975550556        1.0596409103280138        1.1428030199716881       0.94206099706785096        1.1198711726773229        1.0986744782850890        1.3836741486510167        1.2488369819193634       0.89330074050319030       0.93521422814824506        1.0401910952936237     
  0.94113778776425827       0.98221266288342224       0.84142882202623148       0.95323160453183187       0.91715557131736358       0.82117847514995590       0.92198416402957828       0.91647439172644274       0.94018420204414421       0.72574255915333907       0.94319889380355537       0.91446787894554471       0.92837167546573995     
   1.0311318930573077        1.1654648167430517       0.98308971612178009        1.0980503738675513        1.1703834030665323       0.92639105920988785        1.2371167106879848        1.1002073336112739        1.1253938303370454        1.1125580261989521       0.97044124663893805        1.0850649540729032       0.98104877278194780     
  0.95299192088713713       0.98526558230565275       0.87334871526459901       0.96371859842978969       0.93320569334974635       0.85789125155646162       0.93630745688865713       0.93132273899374407       0.94778222375829835       0.74527409433122194       0.95495168740274239       0.93310395460045348       0.94395462977437183     
  0.96585245725842739        1.3609440932838246        1.0514093319059878        1.1678781230187754        1.0010368812693431        1.0776948915377957        1.0011890737761575        1.1819214971957721        1.4115720836717689        1.1385515680724334        1.2505121678342479       0.90972782772024807        1.1231306336949514     
  0.96470028070505109       0.98821726632135920       0.90517678456213790       0.97305166999227100       0.94924505581213736       0.89456164643262770       0.95269411555698391       0.94781671940863887       0.95763190277856236       0.77122933911517777       0.96550871773694946       0.95054387521522044       0.95929136204612320     
   1.0276782304961851        1.0506192463730992        1.0355218881939554        1.0263640613606912        1.2667797768059972       0.95861478338618300        1.1279773974437977        1.1539270934626498        1.2446220636920859        1.1806486954808142        1.1125075216953817        1.0746292110327218       0.97835785619295967     
  0.97719751837980096       0.99170907619454729       0.93549991833277646       0.98201721805188191       0.96519976868070223       0.92924472022275684       0.96814200777051385       0.96444676901067194       0.96747172887457844       0.80903200531133790       0.97616599457657349       0.96733180959608289       0.97454881511531866     
   1.1962424133287421        1.2824801954462053       0.95468067293477643        1.0142744532273495        1.1468523216446520       0.94694331057880321        1.1001776521607733        1.2024060592912693        1.4507130314156689        1.1877017279232598       0.95513368984261349       0.94131316986490565        1.0907581332813132     
  0.98861385447169525       0.99591310604071359       0.96764346409555668       0.99106122302283339       0.98253446618964391       0.96454987307943918       0.98415442660270525       0.98209924938275561       0.98235995777231400       0.88084834395005451       0.98772221975148489       0.98377860497470049       0.98754585676763162     
   1.2166901275237083        1.9503799472741885       0.97680816763217104       0.93700298544772620        1.0546716616246592       0.91416446026101206        1.2141946909584134        1.2347839461670924        1.3575162359630484       0.97521969957913701        1.1193498642911925       0.90927022655274692       0.88902137242572121     
   1.0000000000000000        1.0000000000000000        1.0000000000000000        1.0000000000000000        1.0000000000000000        1.0000000000000000        1.0000000000000000        1.0000000000000000        1.0000000000000000        1.0000000000000000        1.0000000000000000        1.0000000000000000        1.0000000000000000     
  0.96051019039669416        1.2392970335395128        1.1131210513756673        1.1060366950713012        1.0783263883449341        1.0104816105468171        1.0617388147021498        1.0407109121113782       0.98643224209373603       0.84061821911736767        1.0750275714728657       0.90055259547112432       0.89290037300371727     
   12.434905449401077        6.9485599141058012        9.9023963832944766       0.21006908084908840        6.8505730549228243        21.999143998522911        12.463962787160934        9.0375991990651485        8.6917811862318697        3.9238087145497724        10.007076869132481        6.7538713762515279        9.2176907797786463     
   4.2738931286464785        7.6873293404629290        2.4923532089428209        7.0860199959279182        8.5650859605995144        12.231645520180647        7.4689959080283064      -0.91684300881296732        5.8300802237932245        13.567284427237885        6.4225881412432040        7.1120791444086429        2.8947561095534442     
  0.64548968783177674        10.537618283135558        13.214708857308500        11.945413169211029        4.0091507913800539        4.6735328500914797        10.679851205792515        11.141504924208837        13.472659939799755        10.852777850395652        7.5970660606166476        7.1774052521616953        5.4326334884638747     
   7.8592750158126776        12.571267398024032        10.839987973034313        6.7385843632210296        9.1350522101575429       -1.2571231691168128        11.555826083998037        4.6107278799491951        8.6673425489438713        3.0466503276815309        8.5417223326930340        6.3575358266688173        8.4599807873478632     
   11.132964753756262        3.7083322206401785        5.5745180409507595        1.8804592902408697        11.821560359385090        7.7905340153919048E-002   14.551430062098779        6.8096693495921174        9.6105806445151867        10.494577336134315        12.377063606413291        6.2826367041765225        7.4486263763175149     
   8.4682249812581034        9.5720682678058697        2.4591257848656243        12.001056897508596        8.4642959538589313        1.8142791114385475       -4.3018947003991777        10.322167112649321        4.4976588900073047        3.5256576221057538       -1.4988480521152958        12.047670426652273        8.4962617693957991     
   12.952197219177624        9.3175492932072022        3.9764748408339194        10.407486210038146        9.0577846318154620       -15.346628723344583        7.6832402388621652        8.1775723014639556        11.814647499880705        6.5576669844665672        8.9108776877853586        9.1450199628618023        11.739950039890218     
   4.3764028227384193        8.2879900300263518        12.641473835506755        5.7454053906863756        5.7513893204299480       -9.9733418080560838        2.4747533430476847        6.4677972068758116        5.0772053025906008        6.9461448271429997        10.995454667091806        7.4634889859633606        3.7556969353508647     
  0.10905309318760127     
           1           1           1           1           1           1           1           1           1           1           1           1           1
  0.11179768215715213        3.6348137403966169E-002   4.4182506556188846E-005   7.4028247229917667        4.0003426139439751E-003   6.3239521579998520E-006
   1.8186866069582544E-003   1.3849675683753723E-003   4.0647244685925761E-004  0.65059895971636594        4.0613209718792673E-004   5.0616516249732921E-007
   1.0072437851129467E-002   8.8110398118290956     
