     
 Collinear #          17
 ME*wgt:
   2.7114287958138075        2.2015733580979698E-015   8.1196060228356110E-016
   1.1708513321266805        9.5068515281808938E-016   8.1196060228356110E-016
   1.0116057241378986        8.2138399304450613E-016   8.1196060228356110E-016
   1.0007557405405034        8.1257423382799836E-016   8.1196060228356110E-016
  0.99998353161334574        8.1194723060241463E-016   8.1196060228356110E-016
  0.99997086494016663        8.1193694576283125E-016   8.1196060228356110E-016
  0.99998686635284062        8.1194993827950336E-016   8.1196060228356110E-016
   1.0000223738759844        8.1197876898938079E-016   8.1196060228356110E-016
   1.0000000004623202        8.1196060265894687E-016   8.1196060228356110E-016
   1.0000000000462517        8.1196060232111561E-016   8.1196060228356110E-016
 wgt:
   1.0000266466950092       0.13304259132836116       0.13303904627747068     
   1.0000025540231106       0.13303938606226948       0.13303904627747068     
   1.0000002543457771       0.13303908011539028       0.13303904627747068     
   1.0000000254240600       0.13303904965986338       0.13303904627747068     
   1.0000000025423008       0.13303904661569596       0.13303904627747068     
   1.0000000002542289       0.13303904631129304       0.13303904627747068     
   1.0000000000254228       0.13303904628085289       0.13303904627747068     
   1.0000000000025422       0.13303904627780888       0.13303904627747068     
   1.0000000000002542       0.13303904627750451       0.13303904627747068     
   1.0000000000000253       0.13303904627747404       0.13303904627747068     
     
 Collinear #          35
 ME*wgt:
   2.3377983641414475        8.7365896181164892E-016   3.7371014336067376E-016
   1.0527617895201469        3.9342775928621358E-016   3.7371014336067376E-016
   1.0021808624002306        3.7452515376091387E-016   3.7371014336067376E-016
  0.99956080368590328        3.7354601124316921E-016   3.7371014336067376E-016
  0.99975633144201415        3.7361908194893640E-016   3.7371014336067376E-016
  0.99991279937309308        3.7367755560189124E-016   3.7371014336067376E-016
  0.99997178455196944        3.7369959896154529E-016   3.7371014336067376E-016
  0.99997878768842852        3.7370221610467539E-016   3.7371014336067376E-016
   1.0000000004615766        3.7371014353316959E-016   3.7371014336067376E-016
   1.0000000000461851        3.7371014337793354E-016   3.7371014336067376E-016
 wgt:
   1.0000969596756786        5.3650625314987634E-002   5.3645423872087351E-002
   1.0000092927663486        5.3645922386477064E-002   5.3645423872087351E-002
   1.0000009254268405        5.3645473517002475E-002   5.3645423872087351E-002
   1.0000000925043599        5.3645428834522953E-002   5.3645423872087351E-002
   1.0000000092500529        5.3645424368310365E-002   5.3645423872087351E-002
   1.0000000009250012        5.3645423921709436E-002   5.3645423872087351E-002
   1.0000000000925000        5.3645423877049549E-002   5.3645423872087351E-002
   1.0000000000092497        5.3645423872583559E-002   5.3645423872087351E-002
   1.0000000000009248        5.3645423872136964E-002   5.3645423872087351E-002
   1.0000000000000924        5.3645423872092306E-002   5.3645423872087351E-002
     
 Collinear #          47
 ME*wgt:
   1.3108438201541248        2.6470536541267612E-014   2.0193509046833125E-014
   1.0316405611000810        2.0832443003654486E-014   2.0193509046833125E-014
   1.0024734466018486        2.0243456613164413E-014   2.0193509046833125E-014
   1.0000376201563577        2.0194268729800876E-014   2.0193509046833125E-014
  0.99993812481146427        2.0192259569653654E-014   2.0193509046833125E-014
  0.99997267246775090        2.0192957208063425E-014   2.0193509046833125E-014
  0.99999216553156756        2.0193350841423957E-014   2.0193509046833125E-014
  0.99997561767544407        2.0193016682141622E-014   2.0193509046833125E-014
   1.0000000004620135        2.0193509056162800E-014   2.0193509046833125E-014
   1.0000000000462013        2.0193509047766092E-014   2.0193509046833125E-014
 wgt:
   1.0000488100546781       0.26545908367501742       0.26544612723503302     
   1.0000046782353169       0.26544736905448019       0.26544612723503302     
   1.0000004658873745       0.26544625090303231       0.26544612723503302     
   1.0000000465694630       0.26544613959671659       0.26544612723503302     
   1.0000000046567534       0.26544612847115018       0.26544612723503302     
   1.0000000004656731       0.26544612735864415       0.26544612723503302     
   1.0000000000465672       0.26544612724739408       0.26544612723503302     
   1.0000000000046565       0.26544612723626909       0.26544612723503302     
   1.0000000000004654       0.26544612723515654       0.26544612723503302     
   1.0000000000000464       0.26544612723504535       0.26544612723503302     
     
 Collinear #          66
 ME*wgt:
   2.2102318986149307        6.0973337182412521E-016   2.7586850601795322E-016
   1.0429131989263165        2.8770690609420738E-016   2.7586850601795322E-016
   1.0018514739990378        2.7637926938399888E-016   2.7586850601795322E-016
  0.99968061318125767        2.7578039725342495E-016   2.7586850601795322E-016
  0.99981504392870324        2.7581748246288565E-016   2.7586850601795322E-016
  0.99993366248710491        2.7585020558737789E-016   2.7586850601795322E-016
  0.99997444076206532        2.7586145502916921E-016   2.7586850601795322E-016
  0.99993644621663025        2.7585097353068322E-016   2.7586850601795322E-016
   1.0000000004621075        2.7586850614543413E-016   2.7586850601795322E-016
   1.0000000000461289        2.7586850603067873E-016   2.7586850601795322E-016
 wgt:
   1.0000262513476830        3.9589275680144496E-002   3.9588236435585671E-002
   1.0000025161308974        3.9588336044770543E-002   3.9588236435585671E-002
   1.0000002505722396        3.9588246355298735E-002   3.9588236435585671E-002
   1.0000000250468626        3.9588237427146789E-002   3.9588236435585671E-002
   1.0000000025045825        3.9588236534737677E-002   3.9588236435585671E-002
   1.0000000002504574        3.9588236445500836E-002   3.9588236435585671E-002
   1.0000000000250457        3.9588236436577190E-002   3.9588236435585671E-002
   1.0000000000025047        3.9588236435684827E-002   3.9588236435585671E-002
   1.0000000000002505        3.9588236435595586E-002   3.9588236435585671E-002
   1.0000000000000251        3.9588236435586663E-002   3.9588236435585671E-002
     
 Collinear #          96
 ME*wgt:
   3.9671368399758165        6.1907789211581003E-016   1.5605155987500142E-016
   1.1127193352322873        1.7364158796607306E-016   1.5605155987500142E-016
   1.0047624692505805        1.5679475063041125E-016   1.5605155987500142E-016
  0.99930728201813512        1.5594346015337795E-016   1.5605155987500142E-016
  0.99958273199029712        1.5598644455120135E-016   1.5605155987500142E-016
  0.99984910837251140        1.5602801300115974E-016   1.5605155987500142E-016
  0.99994919775393032        1.5604363210525709E-016   1.5605155987500142E-016
  0.99990865639111293        1.5603730556234998E-016   1.5605155987500142E-016
   1.0000000004620517        1.5605155994710533E-016   1.5605155987500142E-016
   1.0000000000461742        1.5605155988220698E-016   1.5605155987500142E-016
 wgt:
   1.0000348509453818       0.11967937644483516       0.11967520565077948     
   1.0000033403564548       0.11967560540862514       0.11967520565077948     
   1.0000003326535898       0.11967524546116626       0.11967520565077948     
   1.0000000332516006       0.11967520963017161       0.11967520565077948     
   1.0000000033250223       0.11967520604870220       0.11967520565077948     
   1.0000000003325007       0.11967520569057156       0.11967520565077948     
   1.0000000000332498       0.11967520565475867       0.11967520565077948     
   1.0000000000033249       0.11967520565117738       0.11967520565077948     
   1.0000000000003322       0.11967520565081924       0.11967520565077948     
   1.0000000000000331       0.11967520565078343       0.11967520565077948     
     
 Collinear #          68
 ME*wgt:
   2.0016377856782248        2.2206898274115208E-016   1.1094364041789276E-016
   1.0421118446958513        1.1561568177316344E-016   1.1094364041789276E-016
   1.0025133000845039        1.1122247507873023E-016   1.1094364041789276E-016
  0.99993476153458472        1.1093640262504432E-016   1.1094364041789276E-016
  0.99989899534122484        1.1093243459334907E-016   1.1094364041789276E-016
  0.99995947088885306        1.1093914397075921E-016   1.1094364041789276E-016
  0.99998857418778164        1.1094237279669053E-016   1.1094364041789276E-016
  0.99995131748107713        1.1093823940201875E-016   1.1094364041789276E-016
   1.0000000004621763        1.1094364046916829E-016   1.1094364041789276E-016
   1.0000000000462401        1.1094364042302280E-016   1.1094364041789276E-016
 wgt:
   1.0000239766304388        8.3017985141861281        8.3015994698035893     
   1.0000022981092425        8.3016185477860578        8.3015994698035893     
   1.0000002288603080        8.3016013697102018        8.3015994698035893     
   1.0000000228765675        8.3015996597156896        8.3015994698035893     
   1.0000000022875619        8.3015994887940128        8.3015994698035893     
   1.0000000002287552        8.3015994717026231        8.3015994698035893     
   1.0000000000228755        8.3015994699934925        8.3015994698035893     
   1.0000000000022879        8.3015994698225821        8.3015994698035893     
   1.0000000000002287        8.3015994698054882        8.3015994698035893     
   1.0000000000000229        8.3015994698037794        8.3015994698035893     
     
 Collinear #          87
 ME*wgt:
   1.3612590608550066        2.8373138715055528E-017   2.0843305679988911E-017
   1.0246482612708181        2.1357056924136802E-017   2.0843305679988911E-017
   1.0018024947287558        2.0880875628606936E-017   2.0843305679988911E-017
   1.0000348286652165        2.0844031624504447E-017   2.0843305679988911E-017
  0.99995925149433185        2.0842456346429268E-017   2.0843305679988911E-017
  0.99998436255773404        2.0842979743999709E-017   2.0843305679988911E-017
  0.99998838315141203        2.0843063546462753E-017   2.0843305679988911E-017
  0.99991315562148586        2.0841495556060951E-017   2.0843305679988911E-017
   1.0000000004619691        2.0843305689617874E-017   2.0843305679988911E-017
   1.0000000000461966        2.0843305680951799E-017   2.0843305679988911E-017
 wgt:
   1.0000093198631761        1.8875940216417458E-002   1.8875764296876867E-002
   1.0000008933009830        1.8875781158615667E-002   1.8875764296876867E-002
   1.0000000889606957        1.8875765976077992E-002   1.8875764296876867E-002
   1.0000000088923924        1.8875764464727569E-002   1.8875764296876867E-002
   1.0000000008892027        1.8875764313661246E-002   1.8875764296876867E-002
   1.0000000000889200        1.8875764298555298E-002   1.8875764296876867E-002
   1.0000000000088922        1.8875764297044715E-002   1.8875764296876867E-002
   1.0000000000008893        1.8875764296893652E-002   1.8875764296876867E-002
   1.0000000000000888        1.8875764296878542E-002   1.8875764296876867E-002
   1.0000000000000089        1.8875764296877033E-002   1.8875764296876867E-002
     
 Collinear #          22
 ME*wgt:
   1.0000012145329542        8.1580681595869314E-021   8.1580582513563436E-021
   1.0000001259404396        8.1580592787857856E-021   8.1580582513563436E-021
   1.0000000290628324        8.1580584884526228E-021   8.1580582513563436E-021
   1.0000007192020850        8.1580641186488477E-021   8.1580582513563436E-021
   1.0000190999439420        8.1582140698116205E-021   8.1580582513563436E-021
   1.0000496781147861        8.1584635283105864E-021   8.1580582513563436E-021
   1.0007327547905323        8.1640361076214668E-021   8.1580582513563436E-021
   1.0010663717624513        8.1667577743120225E-021   8.1580582513563436E-021
   1.0000000000000020        8.1580582513563601E-021   8.1580582513563436E-021
   1.0000000000000002        8.1580582513563451E-021   8.1580582513563436E-021
 wgt:
   1.0000002379132376        8.4219717853124387E-004   8.4219697816143415E-004
   1.0000000237913198        8.4219699819841176E-004   8.4219697816143415E-004
   1.0000000023791320        8.4219698016513192E-004   8.4219697816143415E-004
   1.0000000002379132        8.4219697836180392E-004   8.4219697816143415E-004
   1.0000000000237914        8.4219697818147118E-004   8.4219697816143415E-004
   1.0000000000023792        8.4219697816343797E-004   8.4219697816143415E-004
   1.0000000000002378        8.4219697816163451E-004   8.4219697816143415E-004
   1.0000000000000240        8.4219697816145431E-004   8.4219697816143415E-004
   1.0000000000000020        8.4219697816143588E-004   8.4219697816143415E-004
   1.0000000000000002        8.4219697816143425E-004   8.4219697816143415E-004
     
 Collinear #          97
 ME*wgt:
   1.0008845098531916        3.1631735134639369E-017   3.1603781278700247E-017
   1.0000353809032834        3.1604899449029059E-017   3.1603781278700247E-017
  0.99998229013592543        3.1603221580029559E-017   3.1603781278700247E-017
  0.99999154663750223        3.1603514120480796E-017   3.1603781278700247E-017
  0.99999708823229516        3.1603689255830567E-017   3.1603781278700247E-017
   1.0000039802911689        3.1603907070951771E-017   3.1603781278700247E-017
   1.0000209814483310        3.1604444371804207E-017   3.1603781278700247E-017
  0.99973066670661270        3.1595269328204962E-017   3.1603781278700247E-017
   1.0000000000000013        3.1603781278700290E-017   3.1603781278700247E-017
   1.0000000000000002        3.1603781278700253E-017   3.1603781278700247E-017
 wgt:
   1.0000001533068432        9.0538007555805060E-004   9.0537993675711057E-004
   1.0000000153306825        9.0537995063720296E-004   9.0537993675711057E-004
   1.0000000015330681        9.0537993814511974E-004   9.0537993675711057E-004
   1.0000000001533069        9.0537993689591154E-004   9.0537993675711057E-004
   1.0000000000153304        9.0537993677099042E-004   9.0537993675711057E-004
   1.0000000000015330        9.0537993675849856E-004   9.0537993675711057E-004
   1.0000000000001532        9.0537993675724924E-004   9.0537993675711057E-004
   1.0000000000000151        9.0537993675712423E-004   9.0537993675711057E-004
   1.0000000000000013        9.0537993675711176E-004   9.0537993675711057E-004
   1.0000000000000002        9.0537993675711068E-004   9.0537993675711057E-004
     
 Collinear #          68
 ME*wgt:
   1.0000054580728777        1.2145559479560044E-018   1.2145493188573084E-018
   1.0000012633418092        1.2145508532482423E-018   1.2145493188573084E-018
   1.0000003559786201        1.2145497512108991E-018   1.2145493188573084E-018
   1.0000002431641459        1.2145496141921563E-018   1.2145493188573084E-018
   1.0000002982706704        1.2145496811217480E-018   1.2145493188573084E-018
   1.0000060449034345        1.2145566606906574E-018   1.2145493188573084E-018
   1.0000585953417349        1.2146204857897007E-018   1.2145493188573084E-018
  0.99947800363930128        1.2139153285329757E-018   1.2145493188573084E-018
   1.0000000000000058        1.2145493188573153E-018   1.2145493188573084E-018
   1.0000000000000009        1.2145493188573093E-018   1.2145493188573084E-018
 wgt:
   1.0000005841356778       0.11090261633547896       0.11090255155334185     
   1.0000000584135444       0.11090255803155298       0.11090255155334185     
   1.0000000058413543       0.11090255220116293       0.11090255155334185     
   1.0000000005841354       0.11090255161812394       0.11090255155334185     
   1.0000000000584133       0.11090255155982004       0.11090255155334185     
   1.0000000000058411       0.11090255155398965       0.11090255155334185     
   1.0000000000005840       0.11090255155340661       0.11090255155334185     
   1.0000000000000582       0.11090255155334830       0.11090255155334185     
   1.0000000000000058       0.11090255155334248       0.11090255155334185     
   1.0000000000000007       0.11090255155334193       0.11090255155334185     
