   0.0000000000000000        0.0000000000000000        0.0000000000000000        0.0000000000000000        0.0000000000000000        0.0000000000000000        0.0000000000000000        0.0000000000000000        0.0000000000000000        0.0000000000000000        0.0000000000000000        0.0000000000000000        0.0000000000000000     
   1.5972032602254591E-002  0.23040726099360506        1.3420227914432031E-003   2.2039519003361940E-002   1.6810873988921695E-002   1.5410611107660153E-003   1.6000627937206361E-002   1.4279367175077424E-002  0.35032582829468473       0.14976867189557888        6.6226181476659277E-002   1.5159439175741959E-002   1.5820479464755378E-002
  0.89705629610552262       0.78627980178825685       0.86616833281487904       0.88721702950409087        1.0948829398986806        1.0427385997067318       0.93827814777246443       0.99683558412348527       0.89541148026259376       0.85791513417404452       0.77965113803072938       0.96324145663985705       0.99502929290551667     
   3.2066446711079111E-002  0.34845582521071422        2.6931383912999155E-003   4.3853482857017553E-002   3.4567220140595822E-002   3.1350361985537094E-003   3.1513772853220934E-002   2.8438657280223413E-002  0.46971670279398348       0.23298025811905160       0.11219056120255864        2.8356593924843736E-002   3.1374883702822869E-002
  0.87798577019598045        1.0948141110627270        1.1408088618096541       0.89931775259831725        1.0103988505205879       0.96506148214659360       0.94440635479081148       0.80333728319119446        1.3257355739319185        1.0760386063319862       0.84012112456942722        1.1185833897400475       0.88210305076496820     
   4.7641040525150002E-002  0.41792379772128524        4.0943107960649807E-003   6.6624374240945763E-002   5.2131902499260821E-002   4.8523835388439738E-003   4.7752049923057142E-002   4.3906135529646187E-002  0.50060974061072716       0.26369633899753175       0.13939356107507078        4.0263664552042819E-002   4.6837792995995602E-002
   1.0508840943060682        1.0479927094847472       0.99058517247625621       0.93334994330903331       0.90195346608276905        1.0186723967232847       0.94281562217246662        1.0932536227216985        1.1910221230350302        1.0278854908362647       0.89300920541991158        1.1525696162997980        1.0177051308267331     
   6.3789964602049887E-002  0.46738749200717039        5.6207543032732324E-003   8.8591053492150629E-002   7.1773442689498368E-002   6.7247763337729537E-003   6.4292307208391866E-002   6.0176793491586791E-002  0.52737816933743020       0.29075773796147558       0.17408009628989057        5.2127577239061140E-002   6.0989726416360489E-002
  0.84953940325912591       0.85044766621367140        1.2335364644786979       0.87943517920456171       0.99101480621660742       0.97035796740604352       0.97326304539585384       0.78286521178321489        1.0964944848667260       0.96532609831202321        1.1321368567623076        1.0971777382205394       0.94152145485051153     
   8.0033309847939660E-002  0.50564421171373541        7.2975276664690152E-003  0.10880984295291897        8.7189922233031597E-002   8.8560190179052378E-003   7.9107324100021359E-002   7.5170709535054892E-002  0.54997857312814913       0.30990310653098169       0.20059065750714872        6.4787265586789142E-002   7.5334172225093116E-002
   1.0000221770037525       0.85337880433532509        1.2337424486429269       0.90055255423234470       0.89244016045360774        1.0689175369048540        1.0967108818452138       0.86790229233752736       0.97170407868128794        1.0384846189490367       0.92166983838873484        1.2630208772053890       0.94344453428117725     
   9.6782956970631856E-002  0.53813454566058305        9.1453330293571472E-003  0.12894840543618966       0.10179183622267213        1.0990182377189819E-002   9.3808185031122579E-002   9.0603657943334984E-002  0.56871969675094580       0.32922410319160333       0.22170401959553648        7.7517321768952666E-002   9.0007297256381583E-002
  0.95214618043511678       0.95643376111440548        1.1119267733663625       0.88911053452507327        1.0425209200337002       0.86242319458415950       0.83309902781116807        1.2213670909361891       0.91706468035962652        1.0672489678153616       0.98458461034120781        1.1285205999919716       0.93716683682214219     
  0.11324868916361830       0.56636675663016101        1.1271709979598952E-002  0.14907230231818416       0.11478283034084952        1.3121036060887142E-002  0.10616397449527762       0.10575819029683153       0.58601650300875241       0.34534192048769602       0.23675740057594941        8.9103842711133599E-002  0.10544335067016621     
  0.82218888924830713       0.93002898276384849        1.1178940722304831       0.91951804944562154       0.81277369416278167       0.98346264909719838       0.95750654622926568       0.78647529655834092       0.93037936141840905       0.82468246182983251       0.90576514588838075       0.94365280370707860       0.83029943788750626     
  0.12792640769515506       0.59120888531505356        1.3561122214242056E-002  0.16956728339736202       0.12940630421245658        1.5294968305088405E-002  0.12082767195597241       0.12175977062175290       0.60246870033111533       0.36022304310388376       0.25054259796234640       0.10022859101214987       0.12117246877242861     
  0.85078383810978153        1.0216396851767005        1.0945158405543560        1.1114766200890509       0.89619481701350234       0.73866956674750583       0.91500719626934690       0.91206372859543827        1.0745521432629352       0.87089756348174041       0.94658777479173462       0.97736103188266932        1.0391026067996911     
  0.14283411343932453       0.61397173136785355        1.6250250873707069E-002  0.18930053202686903       0.14678099118356436        1.7582002081525046E-002  0.13625586243837820       0.13703046979683647       0.61777794167329358       0.37492085988948215       0.26305191376964515       0.11025352069828144       0.13570671431842352     
  0.94644073185865218        1.0008520303760022       0.87133785460471791       0.98602372970570773       0.98416486823131588       0.77265608538575503       0.90774067316512086       0.93897222642137279       0.88072884662408013       0.90374376147657931       0.97916178817580590       0.91036781265671018       0.95440332387045967     
  0.15922323328816101       0.63455843964591496        1.9091618835592631E-002  0.20933129927700164       0.16374561210103528        2.0270460650622497E-002  0.15293705540877023       0.15214024290878814       0.63076501254103090       0.38600556707651834       0.27485030541911870       0.12065633375706279       0.15011935114051680     
  0.98248576252657582       0.97852146518268746        1.0868996440037550       0.87473506675962354       0.96062715736933912       0.85064086970437436       0.89822512338548499       0.95003497855178698       0.83172100072599153        1.0013434707009925       0.90377794197495465       0.86195781277515826       0.88599431668241757     
  0.17499725816899153       0.65397744116131851        2.2052272122517945E-002  0.22889774851465083       0.18000222829369950        2.2947318427701792E-002  0.16945729070245566       0.16761882668827227       0.64289555182179825       0.39598158666899236       0.28744025937086526       0.13234182630342559       0.16503761700350969     
  0.82640438434390218       0.82456132530152704       0.87204996899036102       0.97769190003631845       0.87837558403543459       0.87296553746151007       0.89832937719147787       0.91809445320225980       0.80514482060175907       0.73489687705904438       0.94542880069604562        1.0355462624594121       0.83283025583242720     
  0.18960308342856139       0.67190967040337046        2.5127341412725098E-002  0.24779356744999931       0.19710974406913714        2.5769127365416599E-002  0.18686107318644604       0.18282611942316782       0.65462205089857284       0.40482027385764346       0.29998762607590851       0.14460830497437269       0.17995761269839566     
  0.89027804623631823       0.90363535368037040       0.99240492735499963       0.95067609782366891       0.89804262504654175        1.1509569359156320        1.0076062076826413       0.80344199588231657       0.89412040745019905       0.96687653066632739        1.0381830321725816        1.0222441732366085       0.99879596255923431     
  0.20437010361442759       0.68875988165621793        2.8407783456332370E-002  0.26636230346073564       0.21367443328617233        2.8735908928150092E-002  0.20411934868175557       0.19755281706476321       0.66591096434868691       0.41369519694538393       0.31246584669943495       0.15892866865844560       0.19468356279876983     
   1.1431496542795792       0.89343148268903516       0.87312611966865139       0.87932274293331047       0.90592688740616145       0.98784689577206197        1.0348037057322583       0.82380065745303388       0.82494006084892280       0.86542241450125523       0.86486525530221592        1.0708260047552693       0.92536501521358971     
  0.21995634980120640       0.70431966277316649        3.1910047110939400E-002  0.28515323642842538       0.23019435288263873        3.1992439756179852E-002  0.22113765750418399       0.21415396788070926       0.67663619318505330       0.42426204737066309       0.32496272823558614       0.17236484423384596       0.20893618611004097     
  0.89614852067710682       0.80035069105118251       0.96696035271182845        1.0025442912564420       0.95352627669608381       0.85677615134693330       0.90865753475596089        1.1077521571601452       0.99861337533134897       0.89915878738540511       0.87521203727656316        1.0205509752099566       0.91661225011995684     
  0.23624733696591055       0.71924569584131604        3.5792380957711666E-002  0.30294222859315134       0.24808617922110651        3.5257273713942494E-002  0.23748698557782483       0.23027365077560835       0.68693617435615772       0.43631883349263145       0.33711908016556064       0.18646751993851035       0.22283638423801483     
   1.1379843406540062       0.83034400566249511       0.90050285612040415        1.1371043758126351       0.89330249610331180       0.92381390328808544       0.96840480798139139        1.0313008942593007       0.84798231628915477       0.96326896814749607        1.0383075887949826       0.99842664156139660       0.87077774166662425     
  0.25234711001564825       0.73378350259891978        4.0307438080839683E-002  0.31915329881899718       0.26490956975418989        3.7989233236997599E-002  0.25254623179862618       0.24772860206346423       0.69701811427968785       0.44774390481437520       0.34895755763508401       0.20124292717167777       0.23879370685391765     
  0.90568204986927525        1.0649516265218453       0.89623506048220625       0.80607020000551721       0.88130493255100806       0.87965775741929464       0.98454587306855679       0.90180327631344004       0.94219726102843104       0.99766993199299703       0.85653040682251713       0.96118875297386108       0.90826339094765418     
  0.27026292747747649       0.74783824579897651        4.5200303692417822E-002  0.33446119927339246       0.28176290372871821        4.1022208064942015E-002  0.26706139918152288       0.26427976596487263       0.70675585806559915       0.45832586715316509       0.36099574391335892       0.21654031499940543       0.25694430220577325     
   1.2141016041465893        1.0395148981440423       0.99607456890237145       0.87065614925405965        1.0894939153236363       0.86112243358711527       0.85334548405940447        1.0195289168351842       0.88014274833031414       0.95286036853929368       0.88588271816031272        1.0919874231786584        1.0442462586678367     
  0.28441867756029443       0.76123958362523714        5.0186586395610473E-002  0.34924147362672670       0.29849038702463965        4.4770378466128857E-002  0.28141162205204662       0.27986826734489545       0.71627766619491628       0.46829266975510270       0.37346324803366104       0.23226314854130936       0.27585072876710798     
  0.88086887253104462       0.92278813211428468       0.86984991608599405       0.88060995809112375        1.0517658845370343        1.0000965716453198       0.87521816786329254       0.87745334270926878       0.89341284412046240        1.0953553612774647       0.99175350711756849       0.97182754873128074       0.85984013898045653     
  0.30067026493155657       0.77392804729622944        5.5445074352514570E-002  0.36421470987985249       0.31557179036565602        4.9069654813737540E-002  0.29693946507132662       0.29544644055350844       0.72528440641952574       0.47804816600670974       0.38644508493557761       0.24795000076441015       0.29415322043623443     
  0.89871828155062838       0.81530480337667199       0.96444519188247879       0.95652558270342503       0.93434757963289472        1.2378742384059711       0.81421626194043473       0.96318130068007823       0.82186678561350002       0.89141750952545773       0.91261829564929287        1.0024217571669307       0.92771348334084736     
  0.31674341001838507       0.78516511739612049        6.0890531949533810E-002  0.37986306952117005       0.33123408780573615        5.3539593990459988E-002  0.31418966816730642       0.31166064428720625       0.73331886714761774       0.48789204908223616       0.40024497373432921       0.26393926495828507       0.31095303923747875     
  0.95713803113050133       0.97519934571526223       0.95070155216280738       0.92747936482988924       0.86005731690751175        1.0838060076267595        1.0274397089827063       0.93401263581196370       0.84865988382040247       0.96131699876712295       0.92659698500738907       0.93116250878215867        1.0168272277179049     
  0.33269004242813904       0.79588618152145574        6.6332796772330713E-002  0.39619025220609416       0.34459346630552218        5.8278271597070844E-002  0.32929628147017120       0.32768085626310461       0.74064753839727748       0.49751906529693340       0.41531066808537120       0.28040355547099721       0.32691122601633932     
  0.99086871650682762       0.75860185399609692       0.92418951502648794       0.85145106197343223       0.77726105127668399        1.2971109361130628       0.89220910587267022        1.1065350172304498       0.93282936417458029       0.89761220823233101        1.0132777326823734       0.88821458487602112       0.91443092938497605     
  0.34867219840343072       0.80593452941971599        7.1864001750902212E-002  0.41303489092785295       0.35698574322601756        6.3416276429960686E-002  0.34246704040100290       0.34397647079463189       0.74726745469931810       0.50663984791491290       0.43084283482222041       0.29705187751927364       0.34326967335242770     
  0.87121258437783833       0.90955268670165901        1.0527797475301752        1.0145558226545714       0.90946384537979374       0.95171495148643603       0.84170453632955855       0.94826085983368791       0.85281704033275529       0.91868167438687054       0.98950883886980789        1.0677493661693742       0.90869019505156423     
  0.36442680649125203       0.81557966778182789        7.7571473772238844E-002  0.42959233703629257       0.36905997188238598        6.8725370717244355E-002  0.35602279905526890       0.36074670787330892       0.75406372580658099       0.51564500807120672       0.44607402992444112       0.31327927990356608       0.35916934613573681     
  0.95849345781433248        1.1396400744290607       0.93609452926377812       0.98718700517284685       0.89978931258702655       0.96430254488977474       0.83428989580292578       0.79208970256355071       0.82326059490539405       0.89654776720012375        1.0357749973062582        1.0020641301027733       0.98000481471554546     
  0.38010692249201794       0.82534958447946849        8.3472179200367147E-002  0.44526862617598989       0.38138645262938603        7.4118627863424033E-002  0.36979532455664815       0.37633828798311991       0.76115344472456936       0.52483101641010743       0.46021965969628043       0.32899485037945952       0.37412307740703671     
   1.1624201383804873       0.80590864299561948       0.94079398696460870       0.99389500729225289       0.77812409128091653       0.98834099589786706       0.86450821424066293       0.93390021234041876       0.90313620223106483       0.86976117956897714        1.1713810729799037       0.92807003500765972       0.87735595139495759     
  0.39601094580204493       0.83435829486545998        9.0299189556474702E-002  0.46107702841096115       0.39507903494873847        7.9070074189718273E-002  0.38522756890284593       0.39040622313592316       0.76849174706671841       0.53373090001207746       0.47467663529665916       0.34463187066682544       0.38745453595478935     
  0.94116625432741130       0.90179386901359271       0.79194230965240420       0.90583046610031270       0.94507103452690011       0.91593006498228646       0.91190906239803027       0.79165313563090534       0.83809256057960424       0.94518659829762197       0.92763956922665647        1.0339566916649445       0.86257979339397006     
  0.41199192754478781       0.84263899761408545        9.7315246618005891E-002  0.47608386157308619       0.40994427663134481        8.4561382615582908E-002  0.40285570502839679       0.40303542610388998       0.77568376607381739       0.54251399660512389       0.48919590677366620       0.36002200148943192       0.40100165637356283     
  0.88049180755909806       0.89069822247360630        1.1072307080787840        1.0838832778701866       0.92584918725723020       0.94840645139956536       0.95746970180435309        1.0017337862379379       0.87763262202386094       0.91271252499738231       0.95755868220793727       0.85710594430286458       0.95875807163535176     
  0.42953521368419950       0.85032613167848425       0.10475121433337363       0.49050849231778254       0.42526335877894583        9.0483009610785176E-002  0.42066563757654946       0.41804920813065932       0.78285171745832938       0.55031542387702026       0.50433026102826262       0.37555742148148546       0.41321263975229000     
  0.86738643143363314       0.82750905872954283        1.0154804377007660       0.82335141821141000       0.88287073965529039       0.88530768230088042       0.99829239595096808       0.86895863923798988       0.82487556611217794       0.89012577845169505       0.94458933013920821       0.82657767823293471       0.89351587509140129     
  0.44723174544248046       0.85717392058851571       0.11238555415671722       0.50548497337115150       0.44186327726018398        9.6542215930951095E-002  0.43901764751127631       0.43471916307616804       0.78993802183327710       0.55746646506069153       0.51888289205457494       0.39220480458576906       0.42666079297906484     
  0.93351335368698396       0.86099886083354604       0.94619958989320496        1.0194099457649077       0.92836707973953536       0.96562414987854717       0.83675577054720374        1.0328841370754631       0.90147897249520725       0.81502968697212430        1.0139970339508357       0.80876947845419589       0.85155524180556608     
  0.46381384765743960       0.86385131886510336       0.12044852464123015       0.52015208896412612       0.45899925479141918       0.10255332804882995       0.45697651116324006       0.45105185833174172       0.79660541388244055       0.56456839907414935       0.53281488970927460       0.40909216980864721       0.44214324996999521     
  0.88281026645642680       0.83473650262603349        1.1125458175597980       0.94602433042689626       0.81661857786503356        1.0821202415496936       0.92040835426107115        1.0142910537673966       0.92687654391460061       0.88665700497665390        1.0293965961272507       0.86718952509042690       0.90310259353208677     
  0.47962453312021641       0.86981184079240659       0.12878060274621730       0.53419677278391431       0.47649359169093058       0.10923395484788839       0.47286825047544312       0.46721217645505653       0.80297546912301965       0.57220326096531482       0.54597792552947633       0.42620650707079061       0.45679879066250551     
  0.93583387683408326       0.94765845783040459       0.85466996181376254        1.0131970552064435        1.0442914114562549        1.0194037587885949       0.94595696577124178       0.87130162111370957       0.83063522169067994       0.95484930460601802       0.89335280090359859       0.86739928081931172        1.0680243917672971     
  0.49569889581985738       0.87530406342535061       0.13759133778677377       0.54841390198774542       0.49341961752072938       0.11635609299710632       0.48871846662213336       0.48262028868311957       0.80912876086049867       0.58046256645324701       0.55958631011927717       0.44211262720157218       0.47091724689518544     
  0.96319651181126409       0.83182052890193081        1.0328270971934954       0.99909607272317702       0.93646402897954317       0.99199327423149553       0.89211275375904842        1.0079297983788063        1.0318495921300830       0.87803906224317652       0.86419507927640615       0.86101621387163374        1.0516536330728379     
  0.51250132723733621       0.88003895601556381       0.14633957242594378       0.56069716532769320       0.50977371174890196       0.12380759632079298       0.50470741290858578       0.49818365798122760       0.81519070166632912       0.58870956981041900       0.57519812947387539       0.45535718410785675       0.48423736559944236     
  0.93067146521197086       0.78276394246455072       0.92920860523778026        1.0237216587661897       0.96488077572892439       0.96223023443768096        1.0893918179311026       0.97749932471911793       0.81364361499147442        1.0288914741093704        1.1247624410809383       0.96695758679418542       0.97412172221544624     
  0.52983607820481804       0.88582029750829583       0.15542543329241046       0.57254299706140044       0.52543479534879178       0.13169779270660736       0.52287141421257632       0.51469554879818269       0.82129636612169765       0.59687088592133930       0.58970548483992291       0.46756156490919953       0.49850236407017079     
  0.85983566244333109       0.97628188494370727       0.91846266251696274       0.91828665267107434       0.94506743927776893       0.84948865688760322       0.96539189436401607       0.85883274792360509       0.82313180807682440        1.0579838429171060       0.80544555077184565       0.88056173669640092       0.95989959158036586     
  0.54735048585635171       0.89161203063206151       0.16482633540101524       0.58414176534570872       0.54033389120418585       0.13894335993073417       0.53696422896276730       0.52968563888873921       0.82741580666780978       0.60471134046097819       0.60262816468731695       0.47969423202085548       0.51379317736753605     
  0.90716099611462653       0.94354816244657569       0.86740406715883511       0.84490443615363986       0.85012170690588018       0.96182258503403995       0.95545953402868711       0.94795204532953548        1.0425464729841425       0.93737804847489581       0.88865981658725846       0.85255836677870278       0.95419174363036030     
  0.56439483084511832       0.89784738427719912       0.17467490888749546       0.59655582972946752       0.55633738064285687       0.14639466108745403       0.54993877767948318       0.54404168466321101       0.83352089960842679       0.61182995308093624       0.61449709295607702       0.49179100237686518       0.52830328153442396     
  0.99969617388346521       0.87542345818376222       0.80181916919625340       0.83181479315075801       0.88949117289413060       0.88991147299777551       0.85248992748262831       0.94396398368423595        1.0386579617788292       0.92138019909226121        1.0526500370091771       0.81251071417262910       0.96339076055272155     
  0.58062666526459394       0.90411240446987329       0.18418381441051840       0.60959533283499379       0.57256003614549178       0.15535001983888713       0.56258611144271442       0.55800912982543982       0.83960697248710303       0.61768147285427255       0.62535564313614822       0.50573895002553970       0.54164115336223140     
  0.86701305023227826       0.97271772994385697       0.84407538670396742       0.85053649449479518        1.0435568682839569       0.93488943822933157       0.85833218833967895       0.97044552591004418       0.88504801524429200       0.95393044975512209       0.88765083102700926       0.85820992472431912       0.99958527846531009     
  0.59682721453169085       0.90904590003818275       0.19250565687684423       0.62021215107297056       0.58755054720028221       0.16414793094931865       0.57550224737373601       0.57282891749125198       0.84574745449256516       0.62390103363600380       0.63616982928467847       0.52138312597221825       0.55588186047443411     
   1.1326131466415643       0.95420866554706862       0.91242913965538186       0.85558973691400086       0.94878814352452945        1.0591294120265360       0.91986377772606731       0.90044711995225557       0.95397490078879210       0.84056944261801925       0.89244295856590006       0.91768455818108008       0.91475594957475537     
  0.61211075362006639       0.91386713046543766       0.20131038377874078       0.62954681569565174       0.60126852477186510       0.17328081722952052       0.59070484110523502       0.58880831929107846       0.85172503099179930       0.63065474261383636       0.64758950839830587       0.53730615638566781       0.57279926402458581     
  0.92511378393864130       0.84706423629432870       0.87837112397961459       0.82370477741081927       0.84776687119457872       0.94789372025608021        1.0591176305488117        1.1307406759876160       0.75209725739841204        1.0038923077107174       0.92667764152744048       0.80844493550943486       0.87248469817561547     
  0.62705404055326686       0.91839720977136485       0.20862984280882491       0.63995465004253616       0.61658494767204575       0.18345975627925160       0.60640934655705492       0.60557429931410744       0.85765654649508494       0.63829893013483141       0.66072371264305885       0.55343195530390865       0.58958997658596113     
  0.82203801318337799       0.78194331783331505       0.78655025003704759       0.89997190743212108       0.91521927529584945       0.91418959934914379       0.85722292622087259        1.2316207444677665       0.87231564143652329       0.93387661938634769       0.91334916247740294        1.0344843025218748       0.99273210485600549     
  0.64178791207052588       0.92321189045774699       0.22018083553999382       0.65220720425478718       0.63189668375823804       0.19480570759653132       0.62130178739672248       0.62265311657169498       0.86355314372345304       0.64604477431602825       0.67505539653725111       0.56984789420545667       0.60712773461044689     
  0.81656677169360004       0.90978625942570435       0.92720856327528423       0.93741015227961744       0.78553369400673212       0.88467720095247915       0.94232974403059211       0.84912526474895000        1.1231028440673676       0.90672890195694622       0.99033623737122256        1.0048469296074132        1.1821143031694996     
  0.65475935639582628       0.92781584397613992       0.23156429734799860       0.66521800274153919       0.64787563051061481       0.20668601912108758       0.63648706554476497       0.63926093348101631       0.86948850118152898       0.65429354275498353       0.68800800123094907       0.58509839319828916       0.62361780017934998     
  0.84336391090444762       0.90667200713521268       0.94499239118675638       0.93471347797153437        1.0310632023912698        1.0169755740656972       0.94988966933887165        1.0503843417977574       0.94991156328056636       0.89168595062907474       0.95828583154875624        1.1147519901976841       0.87437207101320580     
  0.66791881378683493       0.93241684734531838       0.24377778751096468       0.67893767907463154       0.66446646080794203       0.21873949852405497       0.65203510195207937       0.65377481737109644       0.87515620123349003       0.66263455756745959       0.70043236096901695       0.59941724200227520       0.64017248768754864     
  0.88243635228510220       0.87667125360639575       0.88811128978614107        1.0613041096959388        1.1366776857917722       0.95349148662286187       0.91251191406299548       0.84655873205580534       0.89940178817541838       0.85338438188390164       0.95723911546723184       0.79931669920028936       0.88288587286323028     
  0.68235306602168766       0.93716284332477118       0.25622554946580561       0.69190297770074671       0.68241761527480160       0.23177420158718703       0.66792374193463599       0.66631641695425581       0.87946621744841147       0.67106516780531744       0.71266634767269610       0.61368619600541707       0.65706776535763800     
   1.0589322072320131       0.97410500458102567       0.82019014955612990       0.96903539289230411        1.0764526429325818       0.97857009177127130        1.0045736891822103       0.96244265101517290       0.91735293157436226        1.1286404743584297        1.0234469005351641       0.84077884508677903       0.84509731089634532     
  0.69886464928169523       0.94150352227943879       0.26945257391852695       0.70539570576034227       0.69940683844264040       0.24495564876277043       0.68373229716076644       0.67902730504189512       0.88381739197030851       0.67929766276865433       0.72414265931033528       0.62937927229992274       0.67372706483683498     
  0.99679699692408164       0.93373314187245204       0.90156927052913849        1.0371556097264314       0.94089090633796157       0.84192489348242738       0.82724268965334491       0.77575024374211687       0.81989368349198910       0.91912983086499511       0.90282931773231212       0.87787353774507204       0.92951363375186302     
  0.71521404792838894       0.94551353270454019       0.28354408984469420       0.71848719944179529       0.71688926533812469       0.25943124983259908       0.69952695107374385       0.69158592815756403       0.88818491324584659       0.68709858530530332       0.73522999613026396       0.64505282186619750       0.69052051109730994     
   1.0531671597954106       0.85683851154323765       0.82568615365715980       0.95852995739258817       0.95807886772926387       0.84524550255765751       0.96450543558739865       0.89710678828935642       0.98533944868763279       0.86472800978504571       0.87395840290378035       0.88370938731220283        1.0243966002267038     
  0.72869336907721161       0.94934145415659765       0.30008724641032058       0.73095431475437467       0.73306760451159458       0.27529952659025109       0.71520524876568581       0.70623948814188298       0.89285444633666489       0.69524198037638196       0.74601260460177088       0.66057570906225438       0.70811026460734594     
  0.82195965100984481       0.92145544412262725       0.88093041177055320        1.0285050789744601        1.0230018648616730       0.94512852629454946       0.84309997030343931       0.89194663597675683       0.97826307868986018       0.94761836896711682       0.82710403624713114       0.85943413783161648       0.92576472174555191     
  0.74240662757429465       0.95303290755663417       0.31718155179353030       0.74309026343882201       0.74965081645357245       0.29161004315842670       0.73021474891768112       0.72354361645376686       0.89803162570736905       0.70365189875555334       0.75819433202448672       0.67536796553367617       0.72590842793674748     
  0.94401319382377125       0.81633318752476347        1.0403523374775410       0.91735427657558677       0.98537252170002920       0.78376423042820276        1.0126667740330328       0.82854111197372204       0.93960198750448087       0.90310380474476537       0.97176844037522003       0.87031514975313040       0.88520225825858823     
  0.75535836566342585       0.95659703882411684       0.33481931062972381       0.75577598634903553       0.76458893483708068       0.30916947750542106       0.74506608907334160       0.74012093895688513       0.90355852082020549       0.71172074672562957       0.77149576848276746       0.69043389010344314       0.74368261819606707     
  0.82476169491870455       0.85596627770441536       0.98012807828464399        1.0600028177913998        1.1044803868211905       0.95609284874490996       0.90575201555691631       0.89011070877753740       0.91278408172212144       0.99617121819722487       0.87575237474245449       0.93363596858881170       0.94005743123487540     
  0.76618830225194268       0.96021313164650834       0.34884013663587249       0.76889717911441413       0.78029216619347008       0.32676994699329026       0.75990986249269310       0.75671392186080177       0.90921056103779707       0.71930700310780327       0.78437948041694516       0.70751192044584188       0.76095357434552247     
  0.88466951772433833        1.0964073729790091       0.85419530663419330        1.1081269663122868       0.90711577752161066       0.87715845530624970       0.95437479518705359        1.0686797753696544        1.0462808753784578       0.93595918039939596       0.88156041810007735        1.0346611757810911       0.85270992175943039     
  0.77754490791504571       0.96380595755285969       0.36178947961079572       0.78148980372987686       0.79654125798459186       0.34592626959508371       0.77415644520673665       0.77251465432649880       0.91490408151027680       0.72668934163677668       0.79710237081824875       0.72818808195205731       0.77788222077753466     
  0.73805589460647447       0.87655276574882779       0.87982722210318065       0.97154315393673107        1.0006504406623582       0.81483484126048933       0.86688606869294627        1.0863449482184504        1.0358964595172908       0.85384788795277544       0.91825109505758740       0.84486316928048000        1.0201287995173518     
  0.79007666964531742       0.96725733262671287       0.37582241490799545       0.79381449808744209       0.81308909677706742       0.36671831061541449       0.78777362409254137       0.78765570574201682       0.92068048179764006       0.73430840670958641       0.81000358799397854       0.74722751793382414       0.79381002785462451     
  0.87955951830368251       0.83528928391390578       0.87411176321195083       0.95863143657936367        1.1218756168355748       0.87496392084965113       0.91967591856636466       0.98289513765031644       0.91669537210308183       0.95251751238025151       0.95318280971584912       0.79749898928099205       0.97684936089528807     
  0.80661850116687228       0.97068575048671624       0.39194297203171730       0.80706177583956240       0.82839523745007537       0.39026201259589099       0.80144297803626008       0.80396218758084947       0.92644626829204235       0.74278801911298475       0.82334221364900972       0.76721420241765992       0.80924001360430342     
   1.0514954799168856        1.0350559227501281       0.99545598893151443       0.89292574136157166        1.0967396379516958       0.94119409528882170       0.93761611985950366       0.95863465328816355        1.1596901862025313       0.96613879518575163       0.90491502960759984       0.94251750643979437       0.99154842845275082     
  0.82336791893557437       0.97401631622244689       0.41162191433212836       0.82149957246588701       0.84177033636551557       0.41333478162774312       0.81570995685782566       0.82138022575109493       0.93216535276912893       0.75255952363172451       0.83665902475125120       0.78688039400091825       0.82425638194283757     
  0.99700911304404416        1.1465745449344473       0.91659298100254893        1.0929667640935872       0.81161491154241161       0.98715870422274832       0.88988309394304155       0.88403665415814414        1.0279476419796318       0.84013371111966617       0.87935308326194173       0.97891342021348005       0.89252653687883543     
  0.83979077618051534       0.97725087907951569       0.43420879621125869       0.83632228010096221       0.85500406170537790       0.43669508285947456       0.83090098408381607       0.83786922406286168       0.93695575154283239       0.76230204681438429       0.85027847287171976       0.80767688281728556       0.83994390312692757     
  0.99618080937815046        1.3455693538144671       0.88413891378342868        1.0071703290706882       0.88756496351969838       0.87398312374715870       0.94483676536461869       0.92814118577931115        1.0160041296140145       0.98739918465578513       0.85134239517572630       0.80759903859934667       0.89484808913724179     
  0.85669236336076682       0.98044195797125056       0.45737797718446976       0.84981751629148627       0.86873441407280261       0.46188025072517541       0.84623736952021045       0.85250931990161494       0.94137561458815711       0.77210873619264264       0.86375419062288583       0.82689370872815304       0.85646938311843857     
  0.92682579137680476        1.1558368071709628       0.94941992302839140       0.96417155985002767       0.87287188217985634       0.94246691673732041        1.1739932001961773       0.89656793367613996       0.92743492922276105        1.0267814039233727        1.0156752979581609       0.94708611383867147       0.95817833118266160     
  0.87300818455182805       0.98318393966374629       0.48286679132190657       0.86056672462119277       0.88451434709986443       0.49094130396971170       0.86279819749523112       0.86818892541526582       0.94568470523207804       0.78218700234545979       0.87722560074095657       0.84491106094086077       0.87297590798099467     
  0.85297872174667466       0.91803788756313021       0.88979643412271747       0.92637087312846234        1.1260706754688647       0.86249330090616261       0.87245398796495166       0.90746460984085042        1.0064875045809782       0.95599675498568215        1.0059334344489501       0.89653507599001658       0.96096226179421651     
  0.88898278306877065       0.98538913637529624       0.51080598925876541       0.87128911142688448       0.90095563546137414       0.52592530795779158       0.88114905206931549       0.88333980072008800       0.94957077666355483       0.79294190894665151       0.89149023112893278       0.86334878876767973       0.88955788176603545     
  0.95208488689543713       0.80347603893265873       0.85773592229348739       0.83661557352719296        1.0360398716940187       0.83581387415028174        1.0636611838303989       0.87997631477773419       0.93324439259917746       0.95061457974080532       0.87912915837155803       0.91892196110895552       0.89302158785278685     
  0.90504844420604846       0.98731381986825439       0.54174539874886019       0.88254540435996820       0.91661803936904673       0.56437389560481188       0.89926945447184625       0.89756676439105476       0.95496738683059867       0.80371887350700588       0.90692381430137414       0.88271572275077959       0.90547524520948097     
  0.91629940143251842        1.1268813190289231       0.99966317599966326       0.92714921906331849       0.89916125819009229       0.93344808293947534        1.1676078125959073       0.89565233484526419        1.1691083339602704        1.0071048208719207        1.0434098709657460       0.80446364059581310       0.84941585719209922     
  0.92129830197353180       0.98917791378482156       0.57471570764987556       0.89503494142963880       0.93143482784484499       0.60583109179930861       0.91606363436615257       0.91266274335896114       0.95985396649004739       0.81562141956752154       0.92301872766635895       0.90213907376827385       0.92233885534127291     
   1.0106116688945379        1.0553253711904265       0.98408902168585533       0.88222944769058798       0.72011597221751800       0.99855098196407643       0.95612905733795350       0.93554413617822896       0.96585818246295807       0.85761215380783395       0.99176269406660533       0.97367096312946944       0.96420811278970864     
  0.93791893936214898       0.99095403242728797       0.61212456654788650       0.91021670957416334       0.94587509936186764       0.65874871310198069       0.93308973175250554       0.92954286000920683       0.96579451885357259       0.82727336198138623       0.93864763917576333       0.92169795342909167       0.93825508176709793     
  0.89178415113252818        1.1972532974408281       0.90057293816893513       0.90542065816607131       0.98488654506293882       0.90668729423453231       0.89135794815741753       0.90617568001786697       0.92674562889771850        1.0863874453141837       0.90241053294138129       0.96098335683356462        1.0027071099214544     
  0.95489232157213910       0.99288248876715779       0.65819746135876889       0.92775976227477241       0.95826777695744392       0.72253419430994237       0.94925937090091594       0.94906807214752587       0.97204452681939246       0.84450090226385188       0.95311539438959436       0.94079685674141789       0.95406648731558785     
  0.97398049955234745        1.0550597248199338       0.96594798705964791       0.90845567399181870       0.92028328754825139       0.87591958309451989       0.92062060513204969        1.1249148081775544        1.0388788604907391        1.0563777296696093        1.0172047702841582       0.93335720270002065       0.94415128670061366     
  0.97093968779609130       0.99511060758388015       0.72718454746449201       0.94694355225023097       0.97122593044094041       0.79597378983311995       0.96554998844614370       0.96651509866595575       0.97896322005585279       0.86645251767725651       0.96637926917433981       0.95986108692923544       0.96941804939473963     
   1.1128218390380145        1.0981633250921905       0.91488413295527860       0.94696910713325333       0.95398357649594256       0.87218654461970380       0.97694492218491136       0.91302099859989083        1.1649009060950899        1.0358721533840636       0.97942344097165968       0.81206552489977435        1.0686621483610437     
  0.98562334114809935       0.99763455484883490       0.83825766451038131       0.97194606528123972       0.98528183144669279       0.88802970541737025       0.98339829970367809       0.98362502064133295       0.98777165860282257       0.91131158030636839       0.98305799906651437       0.98112747527846711       0.98522443177677088     
  0.96646428556784270        1.1911119227423457       0.88630619684584677       0.79903317182549416       0.88719811395109016       0.94250622776168935        1.1926834833440167       0.98411060124310623       0.97226493094996691        1.1662056675635157       0.89075295625690654       0.92151496476830763       0.91198050666781449     
   1.0000000000000000        1.0000000000000000        1.0000000000000000        1.0000000000000000        1.0000000000000000        1.0000000000000000        1.0000000000000000        1.0000000000000000        1.0000000000000000        1.0000000000000000        1.0000000000000000        1.0000000000000000        1.0000000000000000     
   1.1744115113919180        1.1365659362542380       0.75003070036251374       0.88235676075394265       0.90290718683714122       0.96361244719083472       0.95922113674528886       0.99338858979998346       0.82157540971305787       0.72011597221751800       0.81714687752960380       0.97247521079595667       0.91215379924197437     
   13.341826111054010        14.479981024452337       -7.3677447620446317E-004   5.3482663568953548        9.2332156902467890        16.266798734233191        6.3210597037783671        6.5876697987899746        4.6323146517815257        6.7368096546895222        10.628106420807800        1.4258396732079432        11.318730464029834     
   1.5774482828745409        11.641973863092597        2.9984898613820468        6.8405930954799823        14.828930681965348       -2.1622232125754057        6.4944754855573059       0.15192172174710680        10.205506907865470        10.730048805349467        16.898852004186523        8.3366687558743706        6.9348921424169268     
   9.1270987348786470        11.692332142741968        11.668546112991701       -1.1571972642784558        4.8933661320593256      -0.81419416500759978        9.9267661165836572        10.462114334287461        5.6859667435993515        10.203867364985587        5.6017666472142498        4.7389347256020988        13.043068347689488     
   2.5548614201045767        15.398956448610951        7.2623874819285206        12.788806323380385        6.5325254156290908       -5.7961652884962858        7.4666194056326320       0.31321043189528014        5.0350321809794334        5.1657589871222287        7.2403744686017237        6.1461331083276010        7.4726497417749878     
   10.016533089581724        9.8284800714007261        6.9046222038996889        8.0892494138349580        5.5867553543911646       -2.6812550932034132        6.5091256585600465        5.5087980347606269        4.9933042350313448        7.5619986143969031        9.9476101903883087        1.9300553415047568        1.6583735958378019     
   7.6995964812175242        8.8893994208351330        13.890005605526200        1.6566500783085032        12.175757830676391        5.3311119428411935       0.60588749576888390        8.4325484252496032        6.2803673035666501        3.4064714172290675      -0.12330447990917606        4.5435768225749493        1.6596612204067926     
   7.6361211370033368        10.690985037102921        8.1046253888445126        5.2696819858542341        3.7132351510559243        8.3920987962014895        3.3836114008957456        5.3543955257017650        3.9964195766091049        1.7911810410067963        8.5132763545798529        6.7764968108664663        9.7811452475148002     
  -3.0860156806102306       -2.3352482819896103        11.049818759285161        8.2358432135636939       0.42427938163000539        9.8861336638536468        1.2619496643334434        9.9843346656819580        1.2262466724228365       -2.1992956285288083        4.8879046496434402        6.5138864137467234      -0.67727691915446142     
   1.7627498705701020E-002
           1           1           1           1           1           1           1           1           1           1           1           1           1
   1.3229175279286848E-002   4.8392261691681919E-003   6.2846072846303901E-005   9.2890410419491971        2.6657120160866662E-004   2.7749439599151219E-007
   2.1388587026895909E-004   2.0121813566195183E-004   2.6026994754783924E-005  0.50135557671486619        2.6017045988429660E-005   2.2352270360292995E-008
   7.0103863272323709E-003   5.2274531184443838     
