   0.0000000000000000        0.0000000000000000        0.0000000000000000        0.0000000000000000        0.0000000000000000        0.0000000000000000        0.0000000000000000        0.0000000000000000        0.0000000000000000        0.0000000000000000        0.0000000000000000        0.0000000000000000        0.0000000000000000     
  0.18998727900484119       0.20501936123863615        4.8207014394975106E-003   1.5577420798671070E-002   1.2468560022613645E-002   1.9201726888032726E-002   4.9373530363303331E-003   1.3022152259010855E-002  0.67949031469025079       0.16488365554405784        5.9526329343272136E-002   2.3910834754916895E-002   1.5212594749804093E-002
  0.59925105323226613       0.58660758650128131       0.67976617948878371       0.69240754033139462       0.66127387663242576       0.84009099325255432       0.89026828071412700       0.61647154339086052       0.62001381808282974       0.49989548561267133       0.67868309231856139       0.63242538869489684       0.71600236268701622     
  0.31038869246798262       0.31667331632978418        9.5956179832064649E-003   3.1059697816536232E-002   2.5132579602874454E-002   3.9012238650898146E-002   1.0030898238732565E-002   2.6755139413157061E-002  0.80901408697619515       0.25880313372509900       0.11075337962876403        4.8436981194561149E-002   2.9025405755023694E-002
  0.92107793586233666       0.70347809596729349       0.66697252206236057       0.66288954823661639       0.76944652493697907       0.76743566825070708       0.70946259736063044       0.58792698908287033       0.84217549284400706       0.60864524010970988       0.72234524676633216       0.78556903646116827       0.75505868036835644     
  0.39094562550221434       0.36516776024818054        1.4662802203279139E-002   4.6510547650391365E-002   3.7380423206542925E-002   5.6852471180858483E-002   1.5445094945599001E-002   4.1478634697233147E-002  0.84894195734516631       0.30135508228496483       0.15346405690927334        6.9837890435239719E-002   4.3078340953265931E-002
  0.73400873567648839       0.55614946250263531       0.63815594339319315       0.67700687742743193       0.81901822974242855       0.60908859673895999       0.74624235254378724       0.54651593155941514       0.64310695411416585       0.64940703778613462       0.65944271803814314       0.70209715967597652       0.68657277853753795     
  0.43231627671838424       0.40703604353263706        2.0136667997732501E-002   6.2612199791146517E-002   4.9428070363437590E-002   7.3966459567244194E-002   2.1079796668973808E-002   5.6682751707241144E-002  0.87362765752644833       0.33856410577540852       0.18481876742988967        9.2010054709707273E-002   5.7402193362325778E-002
  0.66629212198321597       0.66802794075138283       0.59013910217163790       0.59504957141497439       0.57855413698716263       0.69643367208040630       0.79963215060747039       0.64254419368563032       0.65124063846590496       0.66966145002323085       0.72906974307643191       0.81562021799809847       0.64892791439177377     
  0.46947804407000859       0.44044354171108990        2.6145001736362059E-002   7.8492015037096172E-002   6.1748546753860628E-002   9.0498866669590519E-002   2.7051706850089494E-002   7.2061861254358775E-002  0.88756650917049951       0.35779986034200162       0.20570475034064356       0.11360630529125983        7.1605856009592503E-002
  0.56765574627105286       0.55130717872818769       0.75301019535192704       0.61215472695272832       0.66395671286991387       0.61624476200531919       0.76647386472317569       0.65827661281263983       0.67496914067401215       0.57604679864842590       0.60228736201468702       0.72749525568060280       0.67607896845497495     
  0.49996096957152414       0.46936849891240628        3.1934533981960965E-002   9.4045733747466609E-002   7.0796832042908944E-002  0.10634259525379139        3.3450184872234896E-002   8.8180010722234983E-002  0.89656231736059355       0.37924078667511435       0.22367453379007074       0.13492007925557803        8.6016133755795601E-002
  0.69223477473267436       0.64888470888774652       0.70246509406791469       0.68894281438667970       0.63249834008671180       0.63230848023581654       0.65635817889551096       0.64222895320605045       0.61627502849125249       0.65731844484892576       0.86513533170208790       0.74372799257250377       0.65658048957959647     
  0.52966065418025388       0.49591395016231671        3.7634386974859060E-002  0.10874445626309805        7.9868039291586410E-002  0.12231092637309332        3.9519541987034223E-002  0.10479234970922638       0.90440992343172344       0.39738372382290782       0.23704194290742361       0.15463327487378359       0.10060751989453325     
  0.72632482529611253       0.62071706336303678       0.65470902301315492       0.56971209457498961       0.69344788821178438       0.66436167730294071       0.75509770751482486       0.73446432597744937       0.53796774645552170       0.69108060131289506       0.59737896399093060       0.74185650418978766       0.67410262067033566     
  0.55495882714060685       0.52065257160166722        4.3362508854824150E-002  0.12279386823727270        8.9136626634448324E-002  0.13894470846137705        4.5683578715845705E-002  0.11947913570674586       0.91184757490378077       0.41197227451087615       0.25119626092851877       0.17325748061050414       0.11452964351870501     
  0.70952483864713289       0.68049213103438233       0.60751568107051268       0.55877873001122214       0.61978814759125267       0.63012567438048217       0.69115464749032973       0.67441506362490089       0.63164842677684319       0.62866013435174850       0.58740784005682634       0.72791648270891640       0.65322967556360678     
  0.57937054658627940       0.54346231360106623        4.9246963814020266E-002  0.13635135699291173        9.8008526813100794E-002  0.15553947329989826        5.1893749768983193E-002  0.13246654279268177       0.91766699538622520       0.42267143640705879       0.26543058052138130       0.18988200257012383       0.12737619510976259     
  0.61962505772895071       0.62987060926496363       0.62296325689351184       0.61172744192200401       0.64319423417497634       0.80034165940438107       0.61612495319687022       0.68533160231686796       0.59532713574250340       0.61744103357826552       0.60987054496744697       0.62740527180405570       0.57728070712615098     
  0.59941418890658849       0.56551144487539295        5.5461931913863359E-002  0.14937710354467634       0.10696296893518557       0.17232514153610265        5.8313880524417092E-002  0.14616301039757040       0.92300581519199354       0.43331684180528518       0.27853127450695170       0.20540877985458289       0.14009262885056761     
  0.60569533183319790       0.67694962940424608       0.84742700417008598       0.56705915313811850       0.63065407182449129       0.70080125051500930       0.64835182684866388       0.55954779987284264       0.59685992399458787       0.64389588751444427       0.72821343569397445       0.65614023147882283       0.61013529115453380     
  0.62123800356909920       0.58017841780468815        6.1081424896258618E-002  0.16191158883672505       0.11606905191856497       0.18943276455811325        6.5280955784099842E-002  0.16055652732559872       0.92806685277480627       0.44404130610895437       0.28973108375218382       0.22100054934651797       0.15247225803512571     
  0.72726392927530148       0.63817627362947105       0.60919058747823251       0.55614946250263531       0.59321936261162822       0.60828596770790277       0.66518942286774507       0.60444071398047816       0.57495324044403917       0.56288968541456463       0.61563652977738581       0.61746023772889314       0.63180221170649320     
  0.63643750510542074       0.59630559754612555        6.6848499336683728E-002  0.17443570678620149       0.12582374026638191       0.20633336939641364        7.2420996263071497E-002  0.17398473919390406       0.93270910304350163       0.45549936512666767       0.30125769555333548       0.23591605171325322       0.16468023952570576     
  0.64878140217289348       0.65182715469979680       0.54219497782812753       0.63529517176356765       0.75417759004092932       0.76428224056424243       0.64462888017802777       0.55236797729501397       0.59507156699254171       0.66641981382420334       0.57319307850639978       0.58101948906730794       0.51956762817273416     
  0.65256252487211197       0.61227381047689466        7.2929164781955144E-002  0.18683317365756261       0.13643287172435536       0.22303420725477471        7.9925530182224105E-002  0.18694006828361237       0.93689353239259332       0.46610309566978375       0.31136127012778203       0.25070819485830464       0.17798020194792058     
  0.62614525492181039       0.57159495232714419       0.63069667257256712       0.63501203765308867       0.66650019337716948       0.79791520456112242       0.81101803887316981       0.62126927209899530       0.59223042580851881       0.58484975243666670       0.66932809590272546       0.65001393800157470       0.60513617075257975     
  0.66740285033782176       0.62845911184222270        7.9334001554118475E-002  0.20175892794070691       0.14785195775745841       0.23851804985875449        8.7782661894537553E-002  0.20139906977280286       0.94042930910003930       0.47596617648288980       0.32116311787241725       0.26551276436138582       0.19245782289679639     
  0.57366402096404434       0.63575163742221041       0.65572267392251626       0.56232296001706450       0.60938851108009939       0.57310307714288855       0.73339018828282887       0.68404779783047720       0.51854167707209753       0.59294042034996808       0.62869118867855822       0.64602779229501328       0.62975012235637107     
  0.68208858606963763       0.64457062289217526        8.6292504915459645E-002  0.21706687807746797       0.15918865404978572       0.25336732766209330        9.5650498999230185E-002  0.21643430356579105       0.94340713100739293       0.48592263053700469       0.33128133678698141       0.28026087951019746       0.20840555428395455     
  0.59001521801872281       0.64641835007408344       0.65885611113786147       0.60105053616510695       0.66701023619011690       0.64594313868303943       0.58543674110153143       0.66805551111581274       0.68200137161703345       0.64805147244514916       0.61685242132586249       0.58955485305922339       0.70379025639100923     
  0.69476244954104727       0.65928616887925506        9.3870735266626912E-002  0.23252681335637124       0.16906904934345260       0.26774205626951164       0.10430042073964542       0.23143853051495689       0.94612496084936215       0.49554146614692646       0.34102214689767252       0.29521551136559465       0.22452828827021010     
  0.62917596380300489       0.66051907865902881       0.66899130755458880       0.57446311015963214       0.57336143988534971       0.61025515789686324       0.64891395455529943       0.63302198766551987       0.58360738714824734       0.63569073016917277       0.66984979700451297       0.67481063332731450       0.67398717807560837     
  0.70734653568508188       0.67150043285912964       0.10175777054713180       0.24753087128285878       0.17909730753417127       0.28182342949399231       0.11348660717528160       0.24634584109854377       0.94894591046643395       0.50380706946179510       0.35108278719999880       0.30945539115871173       0.24207167506556818     
  0.59975408770436833       0.69319269250631899       0.67619198091220012       0.61845181272246830       0.67175976123047243       0.57309148101444229       0.66558173805983800       0.61515393246253669       0.60201291155440728       0.63898900339450460       0.60309486229411569       0.58218859729620298       0.68126538732877651     
  0.71911392759491877       0.68277675978562979       0.10995348070720042       0.26259697904779067       0.18947901981470580       0.29589100322402229       0.12160916575239976       0.26173447389916937       0.95160309359707373       0.51130532152324637       0.36272268581869666       0.32166322311498435       0.25920679892576642     
  0.61659724333961552       0.56414809336129246       0.59028170154722481       0.60933670001791651       0.63602646495843140       0.57851570361660043       0.64065901279110959       0.60577072118429043       0.67584147736595268       0.64912528801549507       0.74918007008081855       0.62391914982298324       0.74791023337935758     
  0.73064905313754058       0.69379506781728062       0.11800350969828344       0.27784409428577539       0.20108544629700220       0.30851954941977616       0.12944882786978421       0.27645651300664148       0.95403753509092182       0.51886874944426842       0.37485311207326721       0.33233883510363421       0.27735182326742130     
  0.61304368801006770       0.61436275490546111       0.70134132053119558       0.62305076740186383       0.69117421760461351       0.69422896277650581       0.62016451619804769       0.60934401205194721       0.57675264026686268       0.60225860396182429       0.65852454862695353       0.55863930173328014       0.72629087936843451     
  0.74161955436627691       0.70450383627578861       0.12597307398265686       0.29533232954201966       0.21410600492678442       0.32061994501077623       0.13913251311472935       0.29119887014978474       0.95641298161611010       0.52672191416173209       0.38572055923518711       0.34251455346002863       0.29512304879635565     
  0.59536463409919183       0.56181790624493144       0.59781601572451648       0.67306689627204608       0.74996292800977438       0.55392292276564947       0.62809895593786835       0.65161275430695387       0.63057019142795179       0.72754816344231787       0.57320433449230446       0.57167726731137436       0.59268284301473906     
  0.75233713116239531       0.71397595653440860       0.13493382570166296       0.31368451714015450       0.22691464874066153       0.33343648840698481       0.14917848637695569       0.30477106215956246       0.95844905776993594       0.53464575726411001       0.39699099339243843       0.35305407007197481       0.31143649550933944     
  0.65444842396661485       0.61662891155705246       0.66399189166180594       0.65421988533977327       0.77169578220777635       0.65480500357489901       0.64910750789884297       0.52347876232361334       0.65902453046917686       0.72321637391419502       0.60898413086338687       0.60226052763064597       0.63748426895863752     
  0.76246770754554161       0.72344640014407291       0.14497949306357108       0.32916632016333730       0.24082189729289888       0.34634867798844832       0.15982466138344636       0.31816581096236995       0.96032115299887666       0.54243136683770121       0.40776161751935674       0.36524981199738654       0.32932921128056530     
  0.60165702480267702       0.69234850178319329       0.62771334115502564       0.70415494085499242       0.72849175517908893       0.64516296001018036       0.66303015177282831       0.59890808401581985       0.64554005158742445       0.61979200349045005       0.61285174870549952       0.58660758650128131       0.64337113793172074     
  0.77221749069196022       0.73161624622775046       0.15531540853062104       0.34278711900976400       0.25459786565761178       0.35899636212722091       0.17151504059466541       0.33002989967369561       0.96196308543224462       0.54993104303267426       0.41854697202880420       0.37740159732971740       0.34756830449912174     
  0.62561867183031317       0.52727280001056476       0.73942179862809332       0.71512762596290225       0.61018015991413799       0.52947115176455883       0.57052201312321493       0.59619266609491095       0.57731434974741647       0.64831463871981554       0.69526122869262630       0.62142752986720884       0.74795341886276401     
  0.78085168997250154       0.74009372069235335       0.16623969251338816       0.35785373250737518       0.26715412431078434       0.37185111806805587       0.18326589718135713       0.34215108387164334       0.96357290322691591       0.55715018533403482       0.42789128183110287       0.39132234292038537       0.36589185747652242     
  0.73024151372326163       0.60322348086511146       0.54118297756011879       0.59370165464435154       0.57715437495682609       0.56272647202230763       0.63761993545765550       0.57535805687808295       0.66883895586078168       0.63310258153672028       0.53951150573039175       0.64060981891924706       0.70737213816892319     
  0.78907862877364032       0.74947391982383960       0.17691897490776010       0.37402053486024261       0.27941943105545763       0.38430962133863034       0.19483981215078414       0.35532552814923596       0.96532782918830118       0.56416133555416692       0.43751383447775061       0.40570187422140308       0.38458664189224528     
  0.59993731788642046       0.59340943555151138       0.60703882795426045       0.58769812793709253       0.53283857597836037       0.66720280730270531       0.64028868547945217       0.59510658766482094       0.58505345824777077       0.70742068895006838       0.56136283938224774       0.60234423790894753       0.74975631538270904     
  0.79738921651225347       0.75798298643584516       0.18745266329340501       0.39194786584723990       0.29100798878337414       0.39766223082480218       0.20639485019102094       0.36975202871617274       0.96704673622813508       0.57122399939005619       0.44903788173976733       0.42314689837375219       0.40439902136157924     
  0.59378942517040789       0.60041851417547110       0.63470397858452510       0.74027169563984463       0.64215469917856516       0.61375851773797763       0.68092182093373688       0.64800281057546372       0.62381871390561283       0.59603118538974242       0.61112532896370508       0.61321425531661355       0.60598834088420084     
  0.80569260288028510       0.76567637507280428       0.19747651277099743       0.41064906504968857       0.30296167917386863       0.41103895432141441       0.21780066358039182       0.38536287424633647       0.96851682937727790       0.57849485457673500       0.46002234622093313       0.43883603886331868       0.42438368154210693     
  0.53622262558792577       0.59164290188211144       0.59196941910709266       0.77004033175549602       0.50929491247878333       0.54647374546823935       0.55191241440801131       0.64780766025703385       0.64637046544771815       0.70985523832375685       0.56023791592290162       0.73173028413766283       0.66491168916033694     
  0.81428300878812121       0.77344752459914190       0.20748829565297841       0.42885712772644613       0.31527526623072227       0.42791736927409618       0.22928345278113763       0.40160534559633571       0.96994860329694321       0.58564744451222084       0.47182938460260088       0.45111183209755878       0.44200525640846661     
  0.63258628692872165       0.64259025018202454       0.58845676496026034       0.78889134105471515       0.69472434358719626       0.64693724293787513       0.55768644481533791       0.60610043405437075       0.58257154112040621       0.65085016690430320       0.55670584503611542       0.58051291012137274       0.62046908626684261     
  0.82269064857079344       0.78113616684437570       0.21843939846908439       0.44553316497116163       0.32848835980118191       0.44235819421153449       0.24138207721090374       0.41756463354471912       0.97134941650468420       0.59256960585874874       0.48307672424466369       0.46457680520214317       0.45770457049756019     
  0.60263170945282885       0.64938565470863752       0.61586353824075801       0.61640711764077227       0.65720666611518752       0.67590210179294208       0.67931500800535916       0.66688948857012298       0.61988328185194108       0.63044005936043279       0.56960777396452722       0.64408317730015596       0.66561602894186056     
  0.83054971428070867       0.78941548271841999       0.23136017823850391       0.46205986695461843       0.34164568524532224       0.45857040552416728       0.25319766038234293       0.43385624459454930       0.97269183714653995       0.59956964367851495       0.49384606105416179       0.47850557618123768       0.47224688920684205     
  0.59180936034380482       0.64712258223410168       0.61856128915425490       0.63445555029631318       0.59423034331641644       0.61853708541282482       0.59212411843484836       0.61869338890322323       0.60406288168683964       0.58351399860861664       0.63346131113802240       0.66610522246966708       0.67673045410172539     
  0.83804840734709785       0.79778592691185646       0.24544996751802020       0.47744422135647252       0.35514462439961619       0.47450278873783081       0.26574023647519018       0.45071619138331387       0.97393185904852808       0.60702867379879488       0.50543378745829881       0.49293188840008895       0.48633705761942259     
  0.60291907698088398       0.61542875140668762       0.65940496850593233       0.63720072634210967       0.64631070540597424       0.69187440315270166       0.60812029267669332       0.75271228196485662       0.66993965906093123       0.65946926570385012       0.66257426332200675       0.55671543014468494       0.66869529011619888     
  0.84477194429219316       0.80578382812724703       0.26010362739510273       0.49334485981258330       0.36691940530174072       0.49245317329874805       0.27909228336537922       0.46676312541944859       0.97508910089564227       0.61494356867990618       0.51743905062934314       0.50793656117065267       0.50245385955111588     
  0.59846505776219261       0.67225979928902435       0.56439386054516794       0.63042338478730620       0.55809048734543487       0.61176034025789439       0.70882613608332234       0.69018603513750976       0.64464995984935503       0.65840725500342334       0.65136015087109378       0.63914602707439239       0.56987150206218895     
  0.85133059908421538       0.81331448476941615       0.27566123206958465       0.50871388976640797       0.37810714379558119       0.51112569876906255       0.29334595186177337       0.48205064650195206       0.97622776659989829       0.62293496454620323       0.52940768065048327       0.52226362202599286       0.51938889105224728     
  0.64053352859713120       0.65085211832675094       0.56551030396715074       0.59162163073835428       0.58654040507606853       0.62419908924649448       0.65799790208717979       0.58522691622317857       0.68018251857476930       0.80043707828877664       0.59371357300906868       0.55389187562441522       0.61404100187877531     
  0.85775173165001029       0.82104468783435236       0.29159003445122778       0.52344602035268895       0.38841196307404663       0.52988041068864522       0.30844107309330937       0.49752419032249301       0.97730641454065015       0.63039351450146208       0.54208755794307417       0.53683538094442407       0.53677455316495348     
  0.57197589971517371       0.65407152106095368       0.64935359844896756       0.58811434748805103       0.59915943750063705       0.70517655652764066       0.60552278314905650       0.69471441634140585       0.61750465768966667       0.55048840572911883       0.66352218762808479       0.62950239951218045       0.67093769931111724     
  0.86449648165473503       0.82884563494532626       0.30760385952466401       0.53883433970763861       0.40074621864395338       0.54845858898756261       0.32522271667548719       0.51262781161307669       0.97835659396329588       0.63739457945585243       0.55552577132179082       0.55184991508202708       0.55467153381854850     
  0.64888828939975840       0.69100434575875336       0.75841475586204576       0.70192216940804764       0.55945832691137531       0.69220101654208921       0.66887954746955958       0.72191327445102904       0.73850211855854209       0.66272775079190960       0.58993195035019719       0.75354356809594891       0.66796705255151012     
  0.87134507389066918       0.83642199835132003       0.32417833077356917       0.55356051070695211       0.41525949770092080       0.56648744749704949       0.34344102054876713       0.52757558594292264       0.97927264016451454       0.64464728178273167       0.56926630068743600       0.56805651821703806       0.57197732241067512     
  0.57452571721116796       0.69063785845993986       0.67476967348407901       0.59715039578353746       0.57422623926754324       0.61658569393503060       0.63542194091987581       0.54645808237449578       0.64463739624290139       0.70196003029695275       0.57800171106499609       0.80904047245955335       0.64144556224079929     
  0.87767764366619783       0.84286425516457775       0.34099711201298100       0.56954936862825267       0.42862497444107084       0.58263183933874907       0.36094850958418084       0.54303921603975192       0.98005993129926872       0.65222953120818716       0.58317608529034592       0.58403747942617823       0.58906659770653558     
  0.66891625474704219       0.66508103254719664       0.69966013958797568       0.61664013650836669       0.60945100334708080       0.62582131873683966       0.61830067856465409       0.57186695693106504       0.65500515192899988       0.58868409294519364       0.67231951977216386       0.66642690625447476       0.61099287359342591     
  0.88375375491077257       0.84911797317430271       0.35835540498289076       0.58604885113383232       0.44232030044318421       0.59857882522307904       0.37822063205253581       0.55872821893396252       0.98085749054863991       0.65966702469128102       0.59774625694141947       0.59981731094229462       0.60675154647124996     
  0.55667961662152199       0.65068409295403118       0.63273242542152686       0.62595460087774424       0.59199861829751776       0.67858309485088986       0.61991872538210246       0.56452845230036686       0.63535987937335592       0.65237234255431631       0.62581580097210010       0.58412722045916099       0.58016424457309701     
  0.88953158201111304       0.85555159919717849       0.37614013509682864       0.60179383092147098       0.45768077647674255       0.61421316704801265       0.39591319560378052       0.57457500632643699       0.98164110777043623       0.66691691859382307       0.61252222558504510       0.61441992991017935       0.62344678315252289     
  0.65532588485368581       0.57309411239884100       0.66427969721564006       0.76332866257941279       0.70176617544498954       0.71082627412646182       0.63417728102708582       0.62205712932625234       0.64216163345122479       0.67492556746292287       0.70410598833107563       0.70829705251483488       0.63278973708191089     
  0.89467837882385715       0.86217694882385576       0.39452722155982983       0.61707581473060558       0.47419970765694530       0.62909071946309369       0.41395238572434440       0.59145796792863004       0.98237510813347118       0.67416823459011377       0.62800428739985481       0.62830865194926844       0.63793615441625307     
  0.62644450004130725       0.76083968479680664       0.64673338083623033       0.59739419867061083       0.65247851223799280       0.61788140008294135       0.70615974378049373       0.65161588749014554       0.61291875399586615       0.68369012846377697       0.63890071906516388       0.56057282204758241       0.60126258415328360     
  0.89966161147007528       0.86869679454648596       0.41348228277099791       0.63403503158907615       0.49159530016453290       0.64460769100447879       0.43247566939646687       0.60727985407780705       0.98303521791180604       0.68093409893789714       0.64390833018946869       0.64171281215106479       0.65209526507139159     
  0.61774504357613347       0.60709178440386091       0.78944629051512727       0.61649055158026467       0.63184407503966711       0.55765942921688572       0.70225780189340270       0.63582221185750731       0.56655921776145202       0.62935366781408997       0.63850722454208131       0.66087774534902965       0.53594090062682553     
  0.90483710546042362       0.87494377219120556       0.43292190640492412       0.65259205092669270       0.50873397395151176       0.65956572983269057       0.45120785738850994       0.62292151400050666       0.98369955506701978       0.68801621174611216       0.66026722590645570       0.65502820848525667       0.66603680950383137     
  0.60542915419681831       0.63883896812901919       0.56361682212318454       0.68345790976145504       0.62311238745595610       0.60596615289540356       0.62843713196701767       0.63533847669728871       0.63177810882152141       0.65952146736241857       0.61543613248279760       0.67040932790695817       0.59166937368093597     
  0.90998614073402417       0.88081197418419954       0.45424588982531616       0.67045342368009242       0.52640502694120339       0.67554042022358307       0.46968121043387401       0.63800249357762107       0.98436979776009248       0.69461828707412132       0.67706678363698614       0.66782135371336071       0.68204099881959201     
  0.66544544929563598       0.79407860904468963       0.67941402924234184       0.67542494131385389       0.60674439300260652       0.69944794170599001       0.61383716491220319       0.64160823265470601       0.56357663076956177       0.66856970167544461       0.68479174301233126       0.60357672757117586       0.59096577312950216     
  0.91502521873349008       0.88630243151585841       0.47563710455151736       0.68735591191858603       0.54464830898836680       0.69141524190743564       0.48768314944529173       0.65346670520889061       0.98504556489252393       0.70121182161390583       0.69372603775956354       0.68083949220463102       0.70091504528105097     
  0.67966478413996534       0.57542072912706532       0.66345466640637984       0.68519267493945135       0.62123033272456396       0.71269268330446911       0.59381489663164411       0.64827728905774329       0.62838389036221565       0.60397872430202160       0.64865865145602863       0.75490839120647446       0.61740750597613858     
  0.92001398750179664       0.89214211940431787       0.49810573143521147       0.70384775449863302       0.56403436281730346       0.70706801876613201       0.50511810964025106       0.66927188780930502       0.98574756280645270       0.70817785487640861       0.71067907830224508       0.69450542437270135       0.72053604389606818     
  0.56959952018793714       0.56394498191084330       0.60948288739647838       0.60910959988196489       0.61336491537965043       0.68435709145969414       0.58163487209753240       0.64458268361516302       0.62024813028579462       0.57082107974433072       0.62550175060227453       0.68116375234427817       0.68207907526892431     
  0.92469624329401012       0.89794808466391196       0.52067142080373785       0.71951843826719486       0.58308617680812280       0.72262161573722139       0.52314918507965280       0.68512507599130767       0.98643477703057092       0.71530650647855654       0.72743914772117790       0.70905789294631694       0.74074944308208079     
  0.62416284391214982       0.62724000082122988       0.64063101946821799       0.58559090191236007       0.67216451579113590       0.58870429784485945       0.58052189643693530       0.55300075832839013       0.64263876348360227       0.62563510483274176       0.81740908737769202       0.64797711465669627       0.66550135484822193     
  0.92901739004222739       0.90362170247382156       0.54501979526264777       0.73564667523868743       0.60279623049643416       0.73696495220547886       0.53876424070301099       0.70066105059689643       0.98708254277009921       0.72272563182856286       0.74347054706858562       0.72449328423664860       0.76096386107956626     
  0.62792151942204089       0.58339250486690408       0.70646520771011234       0.61823452224114017       0.78612809720474330       0.60928177399518391       0.55598106920569057       0.60988462523148479       0.59476205384959835       0.67300523270370505       0.57501282162738876       0.62998519423919497       0.64088087307836183     
  0.93322742750356424       0.90962243546194899       0.56829241544568732       0.75197661305660379       0.62320443384762991       0.75121958847262138       0.55413345129550451       0.71575203127045928       0.98770485494800675       0.73073910229935546       0.75979518117384770       0.74107481004007436       0.77946055479832588     
  0.61972080598200852       0.67650813362718232       0.58405200130519452       0.77225658139205433       0.61286767568665956       0.63599181127351190       0.56856748750126118       0.60095441722267984       0.56728199926811529       0.78547357734202361       0.56952000860278196       0.61743955581737964       0.57265960807346095     
  0.93727835599016907       0.91542382655648413       0.59207113990896698       0.76715959215089602       0.64388376336880015       0.76449989307222976       0.57143194178559575       0.73376565496304158       0.98830104247818717       0.73851965715536727       0.77570778517523142       0.75798483406673889       0.79815695505552120     
  0.64108085173825669       0.63159868464074620       0.60219007060765228       0.61708332739148408       0.61878198217109914       0.57227416736284609       0.56222368143073032       0.68994999616105179       0.59175911734741427       0.63432039920782679       0.71589542207136148       0.57030242065688941       0.67018967196246770     
  0.94125328128865526       0.92069532941417764       0.61638272731685306       0.78173987327156913       0.66553105717254313       0.77810055586045479       0.59117902136021672       0.75137298970852340       0.98886713035913743       0.74599598077747165       0.79131673215590070       0.77304169873221684       0.81376238557095559     
  0.59383923866873478       0.67096401161998465       0.65251399205236904       0.56267456700463203       0.56663940872591179       0.58940455369470590       0.63214103554740175       0.73309669001816891       0.61018656656270776       0.68491522973985353       0.61333560037667079       0.61348357215630600       0.71122702651783387     
  0.94522012384489507       0.92583707478886879       0.64403843210617473       0.79515042973030625       0.68823267164560464       0.79289177354066054       0.61106865100479890       0.77019706811760591       0.98945248577690881       0.75338344389832523       0.80676162814092156       0.78783050440460223       0.82920860504364646     
  0.67483401855742775       0.58042200677491607       0.68524213600128692       0.64516161122876803       0.65759747270662094       0.57385446161229092       0.52850965645054782       0.71835763190704394       0.64490156075104499       0.61562976372031109       0.57147095984120289       0.58529047680175583       0.58827822738629509     
  0.94930927487227224       0.93106999608366414       0.67410621834404150       0.80778344054320850       0.71112366174386310       0.80818160930922334       0.62882441825063384       0.79040079000710772       0.99013595183428249       0.76208580169986484       0.82169782738963715       0.80286718166886795       0.84503953021824163     
  0.59583667167909282       0.64280896723441472       0.70415637223741345       0.61937531858169237       0.63864724321697908       0.65621060611481397       0.55514681713150738       0.63723183317988297       0.62231643588602581       0.69683797983708218       0.58400235424381086       0.54523764028429711       0.54537794246559579     
  0.95309733761913917       0.93634563866716514       0.70331367949118972       0.82160526831636738       0.73451493898925491       0.82161317471229789       0.64625204487948884       0.81046219462873625       0.99085184929918813       0.77096499911525662       0.83564274798931315       0.81781718828312489       0.86075318607628459     
  0.64406574424531737       0.68701250185760565       0.61700141717379287       0.66345978381470527       0.71453430006738927       0.58793680877367094       0.64273343899330948       0.79893792610959724       0.64627450332008218       0.61709207547838019       0.58797710000181425       0.53722789791211145       0.65729828312414995     
  0.95633484733410956       0.94174014968966224       0.73161681254095479       0.83593278022287110       0.75819051650863578       0.83719957272891243       0.66052558924623272       0.83034109016137292       0.99156169519739989       0.78022249141164524       0.85113982318254866       0.83291757519540821       0.87262364131433856     
  0.68460210684796241       0.64625146946009260       0.71555614892653319       0.55407072372626842       0.63340216365562518       0.58660758650128131       0.49989548561267133       0.66121402182256550       0.71209082429723547       0.69018864680023984       0.66839671611694318       0.52276938595734601       0.55614946250263531     
  0.96026897108140385       0.94720697861923198       0.75935135471447746       0.85343067396721173       0.78081471916964440       0.85487349619955155       0.67642624501395365       0.84977813836639204       0.99225829496788009       0.79005664674698173       0.86711832227933650       0.84884387766584424       0.88438859130929526     
  0.64838557980297884       0.57904502811430125       0.61026373016151214       0.71432080075660420       0.61018128223855339       0.65839349146320159       0.51554878660325509       0.70611118821221175       0.83127446165309782       0.65068809477805056       0.62302199372980493       0.56074776918703906       0.62519023517868055     
  0.96429643569617540       0.95237940948323185       0.78514533588524160       0.86996637168294200       0.80358152101508062       0.87146896352865888       0.70544598715961526       0.86772779963343150       0.99295163205996484       0.80012507746458239       0.88268165303678348       0.86477338028924622       0.89628305487056203     
  0.65954179250690848       0.61528178988168458       0.59822888342580161       0.64820156823866537       0.61731388006257149       0.74170747268152570       0.69291227567248825       0.67965493741520067       0.79837831690740446       0.63982218278736136       0.63020163051017353       0.68265507328248631       0.64427234482413764     
  0.96748391233964370       0.95732630664864782       0.81100990808895301       0.88609248794484474       0.82472276215622409       0.88778043148323116       0.73459426742632450       0.88467154532445147       0.99363361588322596       0.81118364708228607       0.89909708012389111       0.88347174798575001       0.90784894860139753     
  0.64099014833031775       0.65645782685003473       0.57642731632901079       0.69489712243435275       0.57125927769485763       0.64232632949177815       0.67654134840588953       0.60560114502264029       0.70828186161030748       0.66169119112111874       0.67857200967238407       0.63379891076717298       0.66412697478219074     
  0.97065308268240524       0.96234958434637152       0.83885861495114189       0.90182232889721714       0.84645462753860023       0.90336035317291530       0.76341539771024314       0.90173455118465429       0.99432509076694942       0.82329808590919840       0.91489394205673447       0.90159297735607424       0.91935267154600786     
  0.59294186324695797       0.63657658862939470       0.61061476985263863       0.72253897576225312       0.64994610779300355       0.63373857586161209       0.65241764319287066       0.71949774732735439       0.80357765131366343       0.68641358264408237       0.68544171288242584       0.67918422224437558       0.57834961302829047     
  0.97402399752152169       0.96757092185684868       0.86615551900957966       0.91844243098481804       0.87190490221119132       0.91871301645366055       0.79566773344882069       0.91902866357111923       0.99505079449002432       0.83635334669506367       0.93087880422454961       0.91886393327175442       0.93213563859616155     
  0.65622715877966131       0.70360827362443390       0.58956409791731335       0.58048305480974960       0.65119978286762725       0.53150921031856579       0.63402668262770201       0.67549669580892346       0.67261367617821832       0.65408759849341191       0.65959310718463737       0.60560253601229397       0.58660973299814867     
  0.97826933739135469       0.97305545287241291       0.89285851747592726       0.93616453001817779       0.89931954304464734       0.93450025534454451       0.83121174755103377       0.93607289664315130       0.99577801749901773       0.84949539433941201       0.94681106004359927       0.93541523917601210       0.94435223039652816     
  0.78224039062180728       0.72217134041658115       0.56373789219407100       0.68817757920464129       0.73559144158916356       0.67114238504043267       0.62426343200385093       0.74549484391439358       0.73091806807637927       0.58660754683956773       0.76658966763525793       0.68152503702423928       0.57484926927886193     
  0.98233086139241654       0.97879901736894570       0.91866848685797775       0.95282880181651364       0.92368894246570532       0.94963640706928631       0.86815938533556658       0.95277894998479484       0.99650061232208331       0.86606683204405877       0.96039400810977915       0.95070156056138089       0.95777236454814241     
  0.69972750043999687       0.67461365219405267       0.60862926240155879       0.71526040086640219       0.66566246052233946       0.60702834088748392       0.66017344040749160       0.68415440294160579       0.58572821343557102       0.54830241911200828       0.66246626161511990       0.71682180463891099       0.61155851967226738     
  0.98718348655335075       0.98502240841159083       0.94593092926410671       0.96982311195963256       0.94851612927180562       0.96578833212845594       0.90745595425653736       0.96951100647155852       0.99734788835098132       0.88818469376966425       0.97423807875029067       0.96647539766885582       0.97137190948709473     
  0.84521843399087648       0.84048311057901048       0.59598798001176145       0.61816231707844771       0.58694171416110463       0.55956990596889811       0.62567157566429288       0.62022293136280415       0.77024666875585313       0.56865285063228777       0.71480328876805566       0.61353796378857384       0.60337138554593694     
  0.99341397290146349       0.99232406363369474       0.97278814778635936       0.98462163896948340       0.97325936169859040       0.98349602762813015       0.95205578769672816       0.98480609263394536       0.99861747146676572       0.92120578421969868       0.98697543503097251       0.98326448063053862       0.98588822002416121     
  0.71711774912612636       0.67667740350805405       0.59190490886764702       0.62114662726247372       0.64043024434184559       0.60565624675325602       0.61699273247473574       0.60492463567412302       0.83375939262419485       0.61172216716471128       0.71920579852757471       0.65723975591860995       0.62594747779096971     
   1.0000000000000000        1.0000000000000000        1.0000000000000000        1.0000000000000000        1.0000000000000000        1.0000000000000000        1.0000000000000000        1.0000000000000000        1.0000000000000000        1.0000000000000000        1.0000000000000000        1.0000000000000000        1.0000000000000000     
  0.60531303353062149       0.64730091089579356       0.64037553131407066       0.64484075051317091       0.61104441321024350       0.67813365528649949       0.55855767847986493       0.71358013840319989       0.53335641588529048       0.56505874085325158       0.54754219894313894       0.61189568197989019       0.73906313107025823     
   5.2343586639395028        6.5702840278724457        11.114544057449571        5.8526401509341692        25.644983354200566        3.1524969584322866        7.9996367349865904        8.5091650654493183        0.0000000000000000        5.7954593612446148        8.5279945959352457       -5.7421170481991659        8.1945570956692002     
   5.9486110833737813        5.3968423145167570        10.953738309873325        1.9023913542353728        7.3293420654157897        5.0015940839342754        11.254330440807026       -1.0634932610375314        6.3933696389468633        4.1869188762009752        5.4654870786440579        6.5993838836293515      -0.33813694707714298     
   11.822387492836100        7.3130113587559284        9.6806374128794204        4.1898982673279699        4.8553406002147108       -12.073303340159445        7.2187978782783473        3.4432598397857102        7.5964392625211303        4.8142038381760344        4.5956643263143286        1.5032575676975528        11.497877064229247     
   1.5378393008561950        5.5036212334187438       -1.9268677856330965        5.1441308156496159        6.4437609244688678       -1.9971227461110590        7.0700182497386699        1.7608402173639315        7.7688191182377064        5.9457767125356833        10.418263608191088        2.3503942657883150       -1.5926401615507300     
   3.2673900740191595        6.4771494057481593        2.0578549554287067        6.5524020065689408        4.1632729214121564        15.108136687174838        9.0083042969826419        7.1067149973966872        9.9071124761400569        11.040543414403521        8.1994381797756297        12.816449940293325        2.0829463543026669     
   5.9769741446627300        8.1368671950023632       -11.437196416351536       -7.7197809025209443       0.42208902657271907        7.4948953859861627        4.1806332514342754        2.9846937919547241        10.480111216427282        1.9444037843963866        5.0693354074872223        7.2890657895168918        17.918397286415939     
   10.213002557127655        7.6746712801784929        3.8057484898669514        11.362835684247708       0.39429625263003631        3.8682331464327735        2.3241175857461442        7.4569936237015328        5.1694581150410821        3.8549105892347861        6.9399419303416527        8.9562602740773354        4.2858149441010891     
   8.2218214060700028        2.2261010752544665       -1.1064225483094485        1.6328788793009026       -3.9354414244436224        6.7940057623819277       -19.756062641867729        5.0855791511364670        7.5636605572589239        1.8856136364385900        6.8613746812467848        5.2316016803841112        2.6395927787465236     
   1.1470830012414616E-004
           1           1           1           1           1           1           1           1           1           1           1           1           1
   1.1971168110929771E-004   6.1632308812939259E-005   6.6852459382695050E-008   5.1876141202891439        3.3212138994183184E-006   6.0655082473975756E-009
   2.3083612091606699E-006   1.8326242960520587E-006   3.4107271600941469E-007  0.56252201776748534        3.4086670168411839E-007   5.4667593126082652E-010
   9.1792894072286000E-003   4.8988902381856496     
