   0.0000000000000000        0.0000000000000000        0.0000000000000000        0.0000000000000000        0.0000000000000000        0.0000000000000000        0.0000000000000000        0.0000000000000000        0.0000000000000000        0.0000000000000000        0.0000000000000000        0.0000000000000000        0.0000000000000000     
   1.5027282073111929E-002  0.22849537537947917        2.5932731204801631E-002   1.6030491905366730E-002   1.4514646138126506E-002   1.4532344122244851E-002   2.3958095548834634E-003   1.4965091103185181E-002  0.26448933891677767        8.8369154719325632E-002   6.0817711944788563E-002   2.7628767081274437E-002   1.6827120953497882E-002
   1.0201486186184179       0.83811713312185265       0.89325129525583713       0.89009649715565553        1.2147574143832456       0.95662789274450299        1.1359436097137965       0.99686898557795156       0.77063145405979638       0.92498757856865921        1.3990209128452047       0.95332165950814574        1.0608354184932163     
   3.0461706075318826E-002  0.36949973708761019        5.1229388131451066E-002   3.2855473835051587E-002   2.8740560280343184E-002   2.9049426251180961E-002   4.8365695418493247E-003   2.9133241328835290E-002  0.51730144628195296       0.15348621282837777       0.11109385924034695        5.1296716000990589E-002   3.3527819620205457E-002
  0.93166348357324624        1.2013340519620781       0.94200493615526693       0.88468813706098592       0.87244382642837104       0.79012273627471652        1.0510858899917628       0.91673234640840839        1.6806188879515962       0.86929445391688365       0.87331148479201504        1.0930043517187682        1.0412572368764998     
   4.5190695885047719E-002  0.43843764414536113        7.5405416386912810E-002   4.7668742321220731E-002   4.3880844428226290E-002   4.4563605807306741E-002   7.4828699834666983E-003   4.4649152838935745E-002  0.54295340962968341       0.19470723049009234       0.14722089398258714        7.1238840799621256E-002   5.1363879470872141E-002
  0.93591629018607958        1.0239919504023727       0.80929884971520427       0.90363083558426505       0.91540645122149034        1.0020924013270891        1.0759022400949385       0.88243751589283792       0.84392778281642389       0.88959082701297654       0.90737830480969950        1.0440035438000150       0.85425354194443859     
   6.1252405800356707E-002  0.48844485360988377        9.9585405905597349E-002   6.3096881074776651E-002   5.8644537937328017E-002   5.9529296103287679E-002   1.0304540847439272E-002   5.9944864045762103E-002  0.57245742513968878       0.22035109471610431       0.17540155626815118        9.0600036560988750E-002   6.9701010428818488E-002
  0.99581007388818610        1.0869323131085282       0.92148526795964170       0.92613318553852320       0.83513261983821785       0.92062012029221019       0.88407283766403566        1.0096926701134030        1.1045031668224901        1.1870222110381063       0.88518865394468371        1.0939630902269677       0.92696074518072014     
   7.6657270129013216E-002  0.52414670035416600       0.12313528923606643        8.0603824604547514E-002   7.4644891831107632E-002   7.4705273726392268E-002   1.3254708706535301E-002   7.5045534521852836E-002  0.59524659790286716       0.23983040406417025       0.19814003964225105       0.10933990272769223        8.7373486434807579E-002
   1.1215524487625435        1.0912497450974337       0.87737673404263516        1.0152116124139665       0.91985667125046067        1.0238976983365768       0.98546726938052975       0.90155758100299266        1.0194896838921439       0.95481957675010598        1.0051519633178680       0.98677492152425972       0.99097499368019859     
   9.1332130226659577E-002  0.55371517810532822       0.14501160808081512        9.6567816412670288E-002   9.0736396998763388E-002   8.9429586014900864E-002   1.6394892071506004E-002   8.9562751442313210E-002  0.61597894149671506       0.25439056523961134       0.21721254396265205       0.12711699459242495       0.10491637443041396     
   1.0397614231848438       0.79930620342855352        1.0179239054423190       0.96150066345910545       0.98444257565915361        1.0026130849622998        1.0886749859573714       0.93732837847373651       0.86465510320320116       0.83728256598705386       0.88540454471783547        1.0633477299984897       0.96215543266063253     
  0.10737340266630482       0.57835981558260918       0.16680879772659138       0.11285958646365833       0.10824227957063783       0.10419751190313152        1.9729046504341447E-002  0.10391238309221386       0.63331385346929503       0.26792247862321616       0.23317391628448492       0.14451666760086054       0.12249334213752365     
  0.89019203851525908       0.96614685239695586        1.0669159435026581       0.89027796920920044       0.86046709380899467       0.97840053994759735        1.0205723668594537       0.96092552957139910       0.86230976658352387       0.96564527856499582       0.92492938837504279        1.0042057578307764       0.83843517026207137     
  0.12326526335789263       0.60112503121618099       0.18851972161397659       0.12859084833294784       0.12544825156614253       0.11911672251480186        2.3200051884372856E-002  0.11844206184626524       0.64919867815568411       0.27971499361299973       0.24691509924005489       0.16203966746797613       0.14032285923240415     
   1.0976670266633612       0.99179872780008527       0.97187254765642561        1.1598118553140357        1.0483641693875190       0.92668522691985011       0.97441616055620794       0.97949162919436761        1.0162753917085374        1.0046421260534635        1.1393354841645897        1.0944101186479172        1.2276742068789552     
  0.13847956244197776       0.62070914687602119       0.21063931889301823       0.14542218813165000       0.14290794771797205       0.13517799535972672        2.6818502603558367E-002  0.13476859321929041       0.66339598713613268       0.29082974786438631       0.25940376217854794       0.17915692972684799       0.15727437959808088     
  0.91891037853533697       0.91609578812127335        1.1385761564571417       0.88837376135823354        1.0432360086201844       0.92424281897388139       0.92679481720665535        1.1555120813345148       0.87820176195090860        1.0758782575772863       0.99695834662345006       0.96245364065192962       0.95678013485231128     
  0.15335790804589866       0.63942193478246612       0.23229957655925537       0.16191105313324883       0.16065703444628213       0.15118618617265292        3.0473501231447229E-002  0.15099717002611932       0.67666104163270302       0.30015809697600848       0.27164895789822852       0.19632378241253326       0.17348170181764794     
  0.94503955703505538        1.0416828922103767       0.87121243237644985        1.0015860356131308        1.0767274528497912       0.94223985410595568       0.91093669088620166       0.91219995805796261       0.92899805171467653        1.0490101862998318        1.0723350967525660        1.0276428930114068        1.0094835043360784     
  0.16833822800619178       0.65693466698804481       0.25375589422456868       0.17862215062846254       0.17772752573712539       0.16723958546649545        3.4341899644871936E-002  0.16793073729429553       0.68907596872263777       0.30958785168753533       0.28356453873104986       0.21350617439544686       0.18990786044843397     
  0.93340022393128264       0.85475099482308281        1.1988403848428815        1.0345102462278915       0.88448481776329246        1.1204268010915470        1.0353391000461978       0.98532144620430306       0.86240016202395653       0.93574944287388084       0.97378085408450110       0.99933950583292952       0.89543437809120086     
  0.18355569253007653       0.67374977320342644       0.27478826846033222       0.19508048011925350       0.19463107940259394       0.18272125789100024        3.8483745173263112E-002  0.18447953629106273       0.70072263985719807       0.31911486221926061       0.29516426716585031       0.22997744771802023       0.20580722572507654     
  0.96254209434239746       0.95274898089846949        1.0027864876987109       0.99917006463521518       0.86518140872166582       0.93059184255953042        1.0086329730146426       0.90412999104333536       0.95898864123103511        1.0109233921163554        1.0576394359629202        1.0846752642622988       0.96305424590042765     
  0.19707022386194789       0.68962043296213116       0.29555153605819096       0.21139470091396864       0.21179704295858065       0.19799797027202679        4.2994268326004795E-002  0.20056829680051266       0.71148964677643167       0.32828705105832573       0.30680462493918109       0.24550335124032571       0.22099956689816450     
   1.0386598173783050       0.92239180863537262        1.1151796053112311        1.0266585614141162       0.86191612388008121       0.95963681203114148       0.95778264110019695        1.1004848673541885       0.91351285223102163        1.0422750879693483       0.94273826343231670        1.0052209192101236       0.89939210892701982     
  0.21140952451815093       0.70384805174294718       0.31548369044722718       0.22811813598267910       0.22906284988379733       0.21335363704636290        4.7580539980161457E-002  0.21743476692537922       0.72152315973172876       0.33626822037779563       0.31852931631193787       0.26088772756140405       0.23571434922515327     
   1.1447154722069319       0.89752878516546375       0.93688210976609343        1.1042764240543894        1.0526935856446629       0.88990394331630118       0.97169565127638313        1.0546740295829820       0.95699643372781196       0.88602463773195428        1.0443776088585885        1.0546654922027345       0.99096262328424256     
  0.22683275344163778       0.71680232952256462       0.33464589595606992       0.24493095389070951       0.24638688488961547       0.22871656986297353        5.2470587722617021E-002  0.23416430666382354       0.73107058095960731       0.34378156445536173       0.33020055047448194       0.27641223987718122       0.25167322834621897     
  0.98814461022312938       0.91480111170493406       0.98350918310396018        1.0029985019370529       0.92896096463727951       0.93385000836201160        1.0084079891196041       0.98341415664002763       0.89362169855097884       0.88723773647350013       0.89513328865730790        1.0378404008005877       0.92850930521077102     
  0.24214796010546835       0.72914312893189437       0.35354549710286315       0.26137491716996419       0.26359441896432712       0.24478951116699579        5.7641304134054563E-002  0.25082152037807970       0.74016260368860554       0.35117821270330879       0.34201845877801579       0.29266883475483846       0.26830688552744875     
  0.95309312834997872       0.90512771875905129       0.96178515244746077       0.95724804105025263        1.0617406071576778       0.93266729643684843        1.0819691298570608        1.0803016479145071       0.94538399619677427        1.0282835417541640        1.0560731422380698        1.0687777578869546       0.86062913051133116     
  0.25774247268979894       0.74098960964560490       0.37183930415183142       0.27759913832485578       0.28055915501561712       0.26066842292064379        6.3171689114945487E-002  0.26616525715911959       0.74857195046095626       0.35839336204613886       0.35386913717871438       0.30915666645953643       0.28310826288582519     
   1.0074567684066063       0.84774197446190547        1.0845605340913587       0.88664043929704128        1.0227269759974562       0.96507828100183068        1.1091814993442592        1.0544765457782344       0.96141912831422849       0.88902545381619402        1.0447550227328526        1.0670445357464997       0.98932996274370122     
  0.27249552425198470       0.75207178282082221       0.38950760695888464       0.29399786882248141       0.29729047757089289       0.27586782937747056        6.8909747639751148E-002  0.28126272473801922       0.75638199721384136       0.36565502844426229       0.36591793447185289       0.32494482052649382       0.29794427152140679     
  0.98878677294714523        1.0379278006653221       0.96148357072404567        1.1950543802306568       0.88826928983131292       0.91379853465593763       0.92423916038230514       0.93602986944872735       0.85377511212068324        1.1453180500978497        1.1484067665645206        1.0006759825809093       0.96178478739737983     
  0.28670898775177467       0.76228011379988714       0.40772901724036320       0.31051122691359756       0.31345016392086433       0.29058462921712092        7.4835290981810382E-002  0.29699593600817731       0.76385004253264022       0.37295201231032915       0.37806409685394077       0.33960379822012665       0.31329608271118942     
  0.88703692776992138       0.93754726404151356        1.1410607619218842       0.85641594619714001       0.97211338198813857       0.96072752242644543       0.94614577388922072       0.98278565800033324       0.96531029550865832       0.82397291280104912        1.0699563883202916       0.89745409605076920        1.0113850202803072     
  0.30161773735345460       0.77252560692928784       0.42616777941566697       0.32713109155233017       0.32927975651855407       0.30585878454297571        8.1065361959481663E-002  0.31324201432297472       0.77113373723848500       0.38027824480907224       0.39021044053120640       0.35449287874649704       0.32778474832508364     
  0.91853397759799571        1.0624230429529602       0.98690992169591885       0.99675511529057004       0.93559883128842247       0.97861245954430021        1.2347716019342598       0.90672378975307732       0.86541035184931470       0.89126623646206304       0.94841877184156431        1.0555003401437995        1.0256067323299218     
  0.31680564585780657       0.78257712323660422       0.44355872738779450       0.34349254791066947       0.34527927267545672       0.32113066188430356        8.7644350107165994E-002  0.33046317736372544       0.77826684065810170       0.38758757790300291       0.40249270933244941       0.36948955667655764       0.34269095764118357     
  0.99113592193988309        1.0914207858129163       0.90012802437998285        1.0928793438656113       0.90959109792952442       0.93468813017717201       0.94358264670049319       0.99257098001848554       0.99885758890490450       0.98948448020316038        1.0975093713591024        1.0129058386678385       0.99464170430888144     
  0.33152429275391199       0.79221651470897303       0.45960286231779413       0.35906451029701619       0.36173198219330416       0.33646978815490070        9.4210316281653980E-002  0.34860300804264344       0.78518539699062739       0.39467797494554863       0.41482021275339115       0.38503609070233774       0.35710765769627606     
  0.96807786914798499       0.89769272486246388       0.88169669705616915        1.0426897161494810       0.96979692218969815        1.0112077808360684       0.94172570592590965        1.0661077545911324       0.90903283051851203       0.97662437874738595       0.96541583146173227        1.0450967210021731       0.91721909537914659     
  0.34576571021709629       0.80132616391457201       0.47494119416941571       0.37417497559495472       0.37767805671745308       0.35210585835761143       0.10096303250148181       0.36603350270264112       0.79182517560692434       0.40166797668941551       0.42816145745054807       0.40059332079661486       0.37099242000610050     
  0.94036164631117347       0.89835058590212957       0.92365555032029256       0.85682626429175945        1.0021736531532650       0.96937234917056014       0.87327428330769086        1.3710554897009422       0.90175411866222277        1.0799488510787818       0.98308199419160380       0.92308534969260436       0.93576220483792494     
  0.35983353939482643       0.81032902669330076       0.49022649325418483       0.38931210996369203       0.39267575308891944       0.36848147789733032       0.10767951944790802       0.38304972981891838       0.79821050639817437       0.40843638199193399       0.44128763659327330       0.41530017355928467       0.38440164895462170     
  0.98819052243627215       0.99420629471361466       0.92200905225236074        1.0526344445251730       0.86714406083803508        1.0449112500771123        1.0421944555989791       0.95161632977667421       0.87593129047560514       0.85973570502194174        1.0366960105996714       0.97973318418034427       0.94970392445471097     
  0.37424736703119543       0.81898279769331739       0.50561881138726084       0.40456908488212390       0.40805118110002098       0.38392495549469591       0.11609830751233585       0.39858771458095904       0.80451246709393598       0.41512432548102457       0.45485818198596478       0.43007661613584375       0.39817425389905581     
  0.87856952331073790       0.97322486513993967        1.0405466053289467        1.0189180655019690       0.96145278682499280        1.0040196289201091        1.0607399149058911       0.91488452581543955       0.85583556194310273        1.1237439225680699       0.93963051419030652        1.0425343896974892       0.93289039946429642     
  0.38963129295082921       0.82710632202171686       0.52165390837732684       0.42037118636780574       0.42398713354813844       0.40000636254321603       0.12438308001469842       0.41430560052722704       0.81077539652274289       0.42198502966086604       0.46853269429144917       0.44475309688234804       0.41169654056981780     
  0.95947262975550252        1.1332297488786693       0.89970502311995770       0.99166401623528999       0.99300897784731312       0.94234518301656067       0.99862692862937696       0.89858151736482295       0.86768767451342321       0.91471983330612838       0.99569030938974223       0.98683817662618378       0.91934381736645165     
  0.40518638074040264       0.83487190917137055       0.53798883239313344       0.43677691588637024       0.43956539648385445       0.41591008407901320       0.13403106803649595       0.42974576508980378       0.81692907280198257       0.42889742132945496       0.48233654370174156       0.45940807740481204       0.42571908891577470     
   1.0381412370154395       0.97966912071483170        1.0746994827671892        1.0239535177308536       0.94563132640223391       0.99797286444667510        1.0872210179618054       0.84894293513677965        1.0367073708912671        1.1459775172574269       0.91578930742469589       0.99780215348947510       0.92997620796692082     
  0.42038005914490778       0.84241122172736693       0.55388357386991671       0.45268178006519910       0.45518409801092286       0.43167335847077803       0.14314355136043500       0.44552241836485224       0.82290366958880523       0.43588721204952541       0.49612347014082181       0.47412568460564747       0.44007900779624826     
  0.99604972153066218        1.0604524535250357       0.95349385072301196        1.0901786379316885       0.96613805348997039        1.0229792764057428       0.94660242518148141        1.0158258290373079       0.94601204597076982        1.1315537684602308        1.0645606198672368        1.0231502112376163        1.1412893331210587     
  0.43540859821156691       0.84954138352909048       0.56933386878391412       0.46822112252688364       0.47160956136126408       0.44621252546395718       0.15296599630907684       0.45967044392068107       0.82861604026208235       0.44292352401021834       0.51063935324641152       0.48878678839492606       0.45348731787933000     
   1.1036456619232595        1.0829051308142861       0.93782043265325610        1.0137525471857580       0.85211914486967266       0.93568324843988726        1.0495804340215036       0.88725267467460744       0.92614387702008905       0.97845343489141934        1.1610621523827800       0.95600467298027336        1.0322087184410782     
  0.45070246523533219       0.85652485081107765       0.58441529583631535       0.48333750003436926       0.48803404754762331       0.46057980627137324       0.16304007144546517       0.47370203034609371       0.83416892142528198       0.44976519830418998       0.52579817282886709       0.50319716668398318       0.46695123724374510     
  0.91704612475164504       0.97101924398977757        1.2033721225042109        1.0205170057813249       0.84932246383348076       0.90526670692732991       0.98152517998247224       0.97527957310019908       0.91737878868014899       0.86108350192897842        1.2099769083350200        1.0571124953638118       0.89717429363556511     
  0.46611342690533802       0.86298518690762538       0.59936722624662075       0.49809310874361229       0.50498126226800732       0.47628888654896417       0.17375079026368062       0.48694950583518581       0.83964099725112928       0.45644251133205171       0.54118826219895755       0.51707792301362521       0.48097001335266287     
  0.92239424746401755        1.0699471141821884        1.0674485673491965       0.91013344145047981       0.99622001214934641        1.0959102292085408       0.96090868735556012       0.83072462661588231       0.93752712660108262        1.0416662483749020        1.0935031215714102       0.94736158823449801       0.87717690477355748     
  0.48142544213179278       0.86944895017240464       0.61342136401798542       0.51314223114498603       0.52113272526916832       0.49289709020232908       0.18488444000877682       0.50158813764190469       0.84506216947468826       0.46298483668084395       0.55638485057190079       0.53088162719119281       0.49507352258274151     
   1.0226031907862156        1.0825058953045124        1.0333204379675274       0.94759108757462174       0.82152772785648631        1.0486006759300990       0.93999402353483485       0.83678681466021476       0.94671898958269174       0.85323217468470502       0.98624393792623544       0.95910886163954967        1.0974706096744609     
  0.49775065615191844       0.87532680525663842       0.62722638786330842       0.52862100417509961       0.53754397800391118       0.50740757651296231       0.19652560500432173       0.51718427628962060       0.85029998889422587       0.46967101389743043       0.57099722425830024       0.54625907583219158       0.50939948767145149     
  0.95317163072592781       0.96639379131455827       0.97026381678755713       0.98260006718985393       0.91657289950229370       0.87406930475195910       0.86775795780604092       0.91495531981607281       0.98847075698831000       0.95702299005532354        1.0084639911469488       0.92420275514276007        1.0245335656450074     
  0.51428395528294579       0.88089058126941466       0.64074042389740238       0.54466086865481422       0.55423297623107393       0.52094522659130582       0.20852901599838797       0.53297187455629569       0.85529767361374043       0.47647917284989616       0.58463245852822010       0.56132487537111808       0.52299884847777112     
   1.0130201837842490        1.0727973751695721        1.0719096365539453        1.1444424679160594        1.0266143712583373       0.92895621586193788        1.0194621717729442       0.86486935078030469       0.97594312040830200       0.90578978688779799       0.97145419274171507        1.0375408444495069        1.0263015585549360     
  0.53104214966138619       0.88615789887603513       0.65406111264305600       0.56062073660527090       0.57133439878363135       0.53550785028903936       0.22118335290859520       0.54923074167379671       0.86017135498916930       0.48362508112278113       0.59829206250378852       0.57531769067424443       0.53665192169413523     
  0.97897414369646640       0.92234807725279988        1.0155263012649935       0.90355730381731436       0.86242298711603504       0.88279883148869975       0.98133437541384450       0.96403420249348293       0.96192304609508517        1.2274675864187132       0.92020146219184851       0.83924083550937334       0.95633091325759190     
  0.54734127956026679       0.89109166106290816       0.66762573629329403       0.57583197832778532       0.58882421870272095       0.55017718910154501       0.23457968089365971       0.56544945682839787       0.86496739095416519       0.49079242503007531       0.61220547182459728       0.58914062075391416       0.54994560060931186     
   1.0392016712020418       0.92523551939433935       0.90966280075868455       0.92283001217919913        1.0606523940951813       0.94182227730451296       0.97791653788462474       0.99704217790299599       0.92431185514827297        1.0401152976742873        1.0073209610150780       0.89478141326305105        1.1729376440632950     
  0.56408072630225292       0.89575704427533442       0.68087070630527158       0.59078427010982704       0.60582758664782366       0.56539526543080210       0.24789496191094157       0.58124064488133198       0.86957989429817528       0.49795300867818737       0.62573903156346511       0.60221631381334995       0.56348438447876770     
   1.0123890056259937        1.0233430100774261        1.0375077390302136       0.81973406173002217       0.92402311301708251        1.1002877613978870       0.98122197378504106        1.0152223387459118        1.0234982087571698       0.93146436299818136       0.95503976550086533       0.96248982377143533       0.93660246836811090     
  0.58099570320400473       0.90015951093394597       0.69382040578152115       0.60589342990740702       0.62277231824551638       0.58064944938683727       0.26120129469436587       0.59688845890000108       0.87404456418968735       0.50512778019675986       0.63887734309613098       0.61506485444311465       0.57812774888268381     
   1.0096109016962609       0.87526328287260380        1.0273633427347670        1.0316316219098174        1.1562795429699104        1.0011726146601725       0.87893613634590628       0.97237788160061844        1.0125727801911448        1.0279325782362401        1.0119224374201523       0.98076514494267875        1.0039781098419904     
  0.59686555798437491       0.90459498426694540       0.70657530301809313       0.62091009107505035       0.63904234122841808       0.59555316412290393       0.27540620319657594       0.61239521880162640       0.87831101448056592       0.51223329629916647       0.65252357290945906       0.62792927453220082       0.59301558599217319     
  0.91378316268294013       0.91709664351075249        1.0369598064029864       0.97303978454065165       0.92468241629981651       0.96179246609768987       0.96211521890821239       0.97903708639139730       0.94337683010729434       0.90827027219539902       0.94731986433497894       0.93173091285828391       0.91337592875600304     
  0.61195470451093936       0.90899658973419017       0.71933712342878131       0.63606286989535377       0.65513302416331265       0.61049920160749194       0.29006224538916675       0.62775941741330521       0.88248310348846748       0.51914098253937413       0.66622535031741625       0.64139722758823725       0.60729627943972853     
   1.0048689942105020       0.94082713515840410        1.1204630564354687       0.96117757450705155       0.96899870123635412        1.1265526768441352        1.0470090377362402        1.0216183067877047       0.92693784650915356       0.92005698924745594       0.81606504857859941        1.0407405943318659        1.0095320055166992     
  0.62781203735935232       0.91331494157420012       0.73208462998292356       0.65158742757753652       0.67002639126884789       0.62650753640297863       0.30472674868512051       0.64372461371252410       0.88665710384288310       0.52641848644158540       0.68010104003716088       0.65508542725521579       0.62227415286166332     
   1.0624188070445544       0.83339940118600919        1.0327558478519083       0.94156536645049271       0.89348687072172217        1.0535485412871952       0.92154262272387755       0.87361323614309350       0.95018594675962176        1.0272362943991051       0.93443291455007516       0.91416866763191218        1.2534302455373809     
  0.64511070950905325       0.91753027606606707       0.74443009821014439       0.66743349052397993       0.68518184830794859       0.64178772083641289       0.31994667003687205       0.65970439074854426       0.89083967598158476       0.53429119554519255       0.69346988717040403       0.66835507063543786       0.63742021437909779     
  0.98994257898173776       0.98040443712987013        1.0314137619578156       0.94230027674223993        1.0085310656094939        1.0007538391865076       0.82744875675058494        1.0292143782183976       0.95470153801588520        1.1342572478381663       0.98316671290081570        1.0267464393865857       0.96864778945382091     
  0.66241958270241241       0.92174851582132111       0.75605297929962234       0.68360115176136749       0.70038047985495056       0.65695500590180744       0.33629219668061749       0.67502230612238223       0.89504901867416187       0.54211560086462851       0.70650666034582410       0.68164560718231793       0.65284442516616836     
  0.94862505294767319       0.90862440128039146       0.87076763086155029        1.0886963332574267       0.91270674783422845        1.0316300770876026        1.0471932230577736       0.89513259742726881       0.89171210381634536       0.92189559817100675       0.77707728763185069       0.99666324481471580        1.0733046029792972     
  0.68001424237103381       0.92604898428574833       0.76755319332888106       0.70008229480941409       0.71584005157230690       0.67218094062355715       0.35413260702919475       0.69009789694114110       0.89926065274785050       0.54995562995421654       0.71979506650300751       0.69511107690256535       0.66835592759435303     
  0.95108315326783344       0.92096298533661414       0.89713813348837923        1.2057042884060341       0.98209988594837949        1.1317595670027414       0.92049129457868417        1.1399005916199130       0.91493749619388487       0.91174816238878398       0.81527820848476040        1.0157171455938245       0.97541160415236206     
  0.69773479246550352       0.93033091659202083       0.77861116369123851       0.71675203745615512       0.73120609717250717       0.68791278921904808       0.37487343160071107       0.70504799263461237       0.90332930241276010       0.55780895879884407       0.73442721315883164       0.70996052117315811       0.68426648908118948     
   1.0857433531679268       0.93142844061041874       0.98273657433431549       0.89936806892377963        1.0508775076296664       0.93813954483877360       0.89978164077816847       0.84360512880842931        1.0961254373198255       0.93077659014384273       0.99055412419830202       0.92041329657064064       0.93091810049321233     
  0.71441696687209211       0.93457400017112757       0.78969408483173920       0.73327130748787861       0.74635673249581858       0.70392212391125752       0.39496431989891606       0.72080458497242339       0.90736523273613701       0.56613497775832622       0.74967596848803786       0.72590170464819481       0.70044602278919665     
  0.92131629269650728        1.0311906746432395       0.97540080224417425        1.0331408988834407       0.99391818963171941       0.94645807810353255        1.0079931597666854        1.1114403081997826       0.94723191824893360        1.1270259309212900       0.90567506983196322       0.85662920322334946        1.0809595428994374     
  0.73012755898695580       0.93861186238878846       0.80108976790708164       0.74954645635183470       0.76159134983017218       0.72026348042193022       0.41528269318072680       0.73808338674255791       0.91147112175428069       0.57458231867063314       0.76558788004999290       0.74271289961605202       0.71702991371680636     
  0.88039256002251365       0.95362576923415143       0.93478890019628580       0.91257547521899318       0.88680827369704529        1.0507330734410305       0.91845539837924073        1.1334191731291170        1.0370559455765032        1.1138990958884480       0.94685073182740975        1.0248939386651736       0.84507905738394351     
  0.74519896420732301       0.94250855604618511       0.81232135735380018       0.76559497224690365       0.77659978935324936       0.73694078925651885       0.43818158220525516       0.75422588132645707       0.91563824428051810       0.58322502729502346       0.78157133636179743       0.75950924199891712       0.73409921263768607     
   1.0330578122002292        1.0453921200128735       0.96149331564180873       0.96178098271817791        1.1166537180223117       0.93659934237873965       0.83145251319470104        1.0379179122393267       0.98359504152365462       0.95369754180826616       0.83457095222978250       0.96182991616196500       0.99842314714697233     
  0.75943820036516518       0.94630480101858749       0.82450217705823137       0.78189569920260737       0.79139486743963627       0.75408620338756882       0.46276792741603356       0.76884012613710706       0.91967575093549669       0.59237708983409276       0.79731672802773623       0.77620737349267765       0.75118257626428131     
  0.84561188870563664       0.96068721530103884       0.87440932728981091        1.0183903785824817        1.0339660136210744       0.89260249877190467       0.99247402453469480        1.0862018074565949        1.2099214516787595        1.0377230457993432        1.0452882181652818        1.1165152345374645        1.1044949427287651     
  0.77421576117740842       0.94996048262095856       0.83724161594157309       0.79861845723134484       0.80607890893683798       0.77094305629763071       0.48709897706473504       0.78347558998981015       0.92362354351573861       0.60201886953918282       0.81290810254252799       0.79234721127035512       0.76836018243624704     
   1.0077830344019469       0.95790499660303630       0.95756365257752407        1.2042736191789127       0.93082896269180759        1.0900998948039649        1.0342330214966859       0.91869683318111950        1.0492527667027809       0.90474389307605918       0.96262141383328736       0.89280877754196686       0.89217613030582610     
  0.78966945291277224       0.95348131866156316       0.85084390196851334       0.81532637178906797       0.82075817246068317       0.78715934822226519       0.51223914853075958       0.79816315384715997       0.92768225575884933       0.61179053839191277       0.82776585720229900       0.80868896489575726       0.78528824058289837     
  0.96195516826073568        1.0127835294517831        1.0628883950356263        1.0288352105750167        1.0161053409256184       0.94317755659536973        1.0483595203505578       0.83104433426947766        1.0147151790017623        1.1677056852945218       0.88286030876850308       0.84110212317391686       0.95838783639302327     
  0.80537136714646851       0.95691421037999314       0.86453150088368458       0.83159903506771704       0.83545441334385262       0.80332674993117859       0.54003315495719617       0.81210152268223590       0.93191758950580017       0.62170092466261551       0.84236419782123007       0.82561559173811083       0.80191702959333733     
   1.0418882831991843       0.91367415722128231       0.99444008177074694        1.0399274468257007        1.1708732109984796       0.91923044432963885        1.0795972290050651        1.0609820740896756        1.1615638180587677        1.0320882165361542       0.94163372473570561       0.90316620519021640       0.97070339430050656     
  0.82158890018075248       0.96039704134128689       0.87595414328489862       0.84740099378105982       0.85015530199398825       0.81928940009906270       0.57027404318911812       0.82720519521758962       0.93633850850389932       0.63200017982410750       0.85714022648735355       0.84192558697788478       0.81809944581276817     
  0.88630403068264840        1.1472882746847670       0.88861510875999961        1.1270846597198729        1.0184525303248713       0.90210720535181821       0.91314740232476999       0.92687740346365155        1.0437109417319526       0.92186591597440748        1.0002706744194974       0.90413721019518623        1.0062366166774988     
  0.83774378118040682       0.96396299760650861       0.88657469373686038       0.86370053155453508       0.86458748515123252       0.83531922727560448       0.60201478036396050       0.84207761698254235       0.94076117977100482       0.64241702160776193       0.87153667527000367       0.85764698933756467       0.83379718409531833     
  0.92005788054550885       0.92948878843437610       0.95459834439676328        1.0033897378365919       0.98499054110074336       0.95541927758112699       0.91178327895042499        1.0063216003283890        1.0005592932251397       0.80640946237950339       0.83957722852914818       0.89659166125296019       0.98610244881278275     
  0.85349319501822851       0.96746132853008859       0.89768274120843494       0.87897775261190947       0.87867698259367488       0.85187748962893439       0.63491426183695987       0.85709889836930575       0.94507607917696035       0.65303996749002802       0.88616866863759725       0.87313783427509095       0.84817853798813025     
   1.0437678252170335       0.92028965978073374       0.86095708929743031       0.94695148328794920        1.0721776435345245       0.94550913924502267       0.98118045507937113       0.96426743145460547        1.0444943997186682       0.91444359313138435       0.91743141625250413       0.92816677525363078       0.93683016130771279     
  0.86922579278940981       0.97082524279961846       0.90949413517352329       0.89445783038183202       0.89273162215572011       0.86829845943531103       0.66932875225027999       0.87231418850246090       0.94927541912840085       0.66381276257534272       0.90016482977983370       0.88811627177705854       0.86298539612391012     
  0.85631552382049436       0.95229888627813986       0.97649928766395500       0.94278985362577228        1.0897175467172910       0.92401088480623073       0.96648758646152644       0.88072395826134553        1.0172094981660806        1.0064950866879392        1.0117198713564413        1.0104270657058294        1.0219493641662956     
  0.88477142823884214       0.97423468660713253       0.92158981535646212       0.90804514757443822       0.90662920114913581       0.88484248209263561       0.70540330093395953       0.88768196226168183       0.95379543410194156       0.67530069408920923       0.91335492139608854       0.90248981377032689       0.87960506909927827     
  0.93661675953362755       0.97870210894883491       0.99701662090892640       0.86361627561226217        1.0371879562024289        1.0630830506535602       0.91380196569951733        1.2299071881888446        1.0620034167668271       0.96486853774522463        1.0044306073795721       0.84353325234694376       0.98066842821855660     
  0.90074309083938564       0.97758782278012257       0.93392449264970412       0.92208226796123260       0.92037819574908608       0.90060496976795590       0.74236432246877548       0.90350360766923243       0.95810909380699649       0.68971123783727084       0.92598416395788252       0.91620632303773653       0.89663383061176194     
  0.95600880550061151        1.0006904328850734       0.91875731659153637       0.82756923855174003       0.88385768259442443        1.0247066431471177       0.92551364700772487       0.87199417524752276        1.0123224662315595       0.91509463808311420       0.90997436912805718       0.87940838996623882       0.91783310136449558     
  0.91726694773371542       0.98079931844571988       0.94500306248878674       0.93595964199667836       0.93359419793582954       0.91685423007409750       0.77989155829990708       0.92006113424913949       0.96304153143544036       0.70632283094584569       0.93843037799138518       0.93006965776985340       0.91352266355921596     
   1.1047721102911550        1.0793081907621476       0.88156236477611372       0.84891355776741240       0.89712517794765345       0.95690258353490631       0.87606953859458259        1.0302838238657741       0.95702001199915265       0.95026674616076867       0.99122306992324916       0.86502533721259633        1.0131425069625797     
  0.93404185791783789       0.98395128330851822       0.95565566999001716       0.94922807392881114       0.94726512316203426       0.93294152897240590       0.81886413082601595       0.93624174316697284       0.96807983100849071       0.72524652052795358       0.95119524268510469       0.94395591231626441       0.93038591439016172     
   1.0158745207709130       0.92841025505869801       0.92055142699806825       0.87317588368379651        1.1390235855563677       0.94004538522730219       0.81284894611017144        1.0080112709720597        1.2027413616155760       0.95191503839485136       0.89260073061817113        1.0441503420749323       0.97065729974100379     
  0.95015621257315752       0.98749429814996981       0.96682015417648781       0.96244386847403118       0.95971796019233380       0.94977084632225406       0.86254369752490523       0.95250329885775498       0.97355017577904590       0.74891045111090004       0.96407644360252709       0.95789944832250484       0.94823219023073457     
   1.0135753320373202        1.1088631002759133       0.94366879369811318       0.89721454576705795        1.1158326746469469        1.1831681784572408        1.0160898554038418       0.98087010499555638        1.1613281289761024        1.1931561009405973       0.94007400790943341       0.97116489228746927       0.93223072474661772     
  0.96589554779020104       0.99119731842305125       0.97824615207117005       0.97486887446570059       0.97203884446395417       0.96636175032902072       0.90873944750278435       0.96894408565451007       0.97909853363087074       0.77986296889495266       0.97644128432343635       0.97190749795738962       0.96634757874785937     
  0.93909618841343967        1.0122374773003509       0.98773212679018174       0.97443502262954085       0.96006315861390235       0.99565296486408983        1.0011535032383050        1.1294503806485663        1.0487304329845393       0.94103973279463726       0.98441767879772824       0.89119096649384033       0.98041472294022569     
  0.98230652221921344       0.99552572584676235       0.98902717140652674       0.98729372149492534       0.98607716057411454       0.98309420610720677       0.95454631058656347       0.98436855435321280       0.98802762154988066       0.85450584837203691       0.98824871043612716       0.98596232452446675       0.98286810115331746     
   1.0337021977233860        1.1492054709869599        1.0522706082283184       0.87392160117070439        1.2179642258547956        1.0671680015647396        1.0190394374171410        1.0009344133590590        1.2696730672368728        1.0409785736835189       0.94491290388579929       0.95823157531739778       0.99986101725290122     
   1.0000000000000000        1.0000000000000000        1.0000000000000000        1.0000000000000000        1.0000000000000000        1.0000000000000000        1.0000000000000000        1.0000000000000000        1.0000000000000000        1.0000000000000000        1.0000000000000000        1.0000000000000000        1.0000000000000000     
  0.86566129051377505       0.93515768809001498       0.88381811637461594       0.95838587624024074        1.1970548090148052        1.0149433676685666       0.98271291237376024       0.88651021423829934       0.92685962803858979       0.81283591521199772        1.0181630375624977       0.89501914313855635       0.87591089898105312     
   7.2043247473972079        12.540293167465537       0.34651922095180998        2.0099349944399552        18.635666144541037        7.6973022881184248        18.086055809233336        13.026091757210246        8.2469552517331586        9.4343564873549255        7.8792853700829744        10.165567539580712        5.9793571145144853     
   13.944385889379522        6.4368250280614321        4.8557448454923442        5.0853885907625589        9.0253310940372931        4.1518192756037662        6.2949045840910562        6.5704221395433251        10.359582252930133        4.5965855835203095        8.5281205212775557        8.9514621368623981        7.2937418266295948     
   8.3012337508816394        2.7951277849900360        1.2492014046089523        7.2032987768682046        4.0080232239060853        2.7305360644054897        2.7053171385630206        4.1810382397506407        7.7762372350341300        6.5596640977261229        3.1290778183589638       0.78197733453332952        6.0357215960378250     
   7.2240296869475449        3.4365710255220536        6.1814834972828470        9.4389671649988074        12.071050269458047        8.1433140908727513        6.5712635382416433        9.9281824353410091        8.9650180016975582        7.7171530433518525        9.2485705257570068        8.1301017363394212        6.0438730784866053     
   7.0295959973065782        7.2006612270579664        7.3027579958611799        6.5311963401633424        5.5792337707021327        10.524010913264929      -0.18469107925322772        8.3411466169508159        5.7805733117661200        6.2862855159852078        6.1318366871922532        5.3991793414399183        6.2978500214822430     
   2.9512857351405661        4.3225939044408186        8.4048282379681094        6.3353582418832266        3.9763944262833739        10.278162352592901       -4.0914683157213609        8.2674577027570120        11.048588843296265        14.300650930050711        12.361695619039704        7.2124841541836924        4.6462972068228812     
   7.4962318088050433        5.9492546306433178        9.4149205398309519        3.3768677014303021        2.4276523243588759        6.2008871041478022      -0.45204643019074742        4.4261570380097908        6.5656166391370538        6.7346118480168640        5.2671385591310012        3.7144682848527584        13.689145749387638     
   4.0282805825772146        11.814891463597645        13.656662961910023        12.516056881386453        2.5119348181392684        7.9662587925400716       -5.4211452119804564        2.8608307169517095        10.196175258626642        8.7601252539570869        7.1885329357517023        13.267760856368534        8.7374598975528759     
   4.8719886174772853E-002
           1           1           1           1           1           1           1           1           1           1           1           1           1
   3.2896350716551073E-002   1.5260808470324487E-002  -1.2150711313347934E-004   7.0312742965359707        1.2231873133606260E-003   1.4120656260175548E-006
   3.9778814116985065E-004   3.6119234990248175E-004   1.5079196660248783E-004  0.48701934301286737        1.5070927908797363E-004   1.3603852691164358E-007
   6.4261301608006319E-003   6.0318126502334799     
