   0.0000000000000000        0.0000000000000000        0.0000000000000000        0.0000000000000000        0.0000000000000000        0.0000000000000000        0.0000000000000000        0.0000000000000000        0.0000000000000000        0.0000000000000000        0.0000000000000000        0.0000000000000000        0.0000000000000000     
  0.23323619621575845       0.56655725479460961        1.7722617086608891E-003   1.0102084342147358E-002   1.4855776000190094E-002   2.9542364912580419E-003   2.0513225182819155E-002   1.8308436353449781E-002  0.32998777274978075        6.8547921410852683E-002   6.9980119010236583E-002   1.1657812055253691E-002   1.6605502877362763E-002
  0.97321932650319443       0.97160066743512663        2.0709578524793160        1.2675084858196644        1.2609645291441052        1.3712513390431802        1.4692787075323155        1.3426229450196434       0.99617609327256951       0.97321932650319443       0.99031098057632261        1.0913431306780974        1.1963250565195276     
  0.29899717729008546       0.68941974986743304        3.5637010601306872E-003   2.0551566104957428E-002   2.9727097530369794E-002   5.8326210653018313E-003   4.1138836753344149E-002   3.6292644355211061E-002  0.42586018864119796       0.11790884446199607       0.12711721734022821        2.3817241893140481E-002   3.2698814674049330E-002
  0.99056560443349317        1.2575448757169567        2.0656582869895828        1.1516072692460928        1.1016432794182198        1.4640594538281735        1.2790847798018410        1.1435157809994403        1.2885550383624911        1.2611619363822317        1.0863256616983215        1.5881824708618801        1.1056511680600769     
  0.32300671847839085       0.70940420542559468        5.4181804516814040E-003   3.2052041147131831E-002   4.6155305115334451E-002   8.8037471946896644E-003   5.9566596289575460E-002   5.3362026405401532E-002  0.49613951192317979       0.14162503118051448       0.16007480559691956        3.5689210162461446E-002   4.7256056033453286E-002
   1.6059153867273397       0.99657837656776782        2.0900999954452857        1.2862348376982413        1.0038665719744018        1.3657824180425071        1.2054542162928670        1.3408027229232113        1.8769214300894081        1.5188749209455883        1.1552398380970652        1.5310585271834649        1.0907891795488360     
  0.33874636738339081       0.72614864413728608        7.4488241243550650E-003   4.3924697881302419E-002   6.2802614864392287E-002   1.1773096458562825E-002   7.8526959750608583E-002   7.0758619090308894E-002  0.51946490741379125       0.16093368827257432       0.18657191509306958        4.8188925351905547E-002   6.1964943950195139E-002
   1.5742644255385907        1.0796787880299561        1.7757938871601262        1.2900077493899884        1.1312040241776717        1.2617764767056279        1.3520719270951380        1.2142015804758111        1.1725189189678140        1.2296584162062438        1.3276730099182703        1.4246968813660046        1.0607585386572371     
  0.34896676340703509       0.74254169876485399        9.6445687871159549E-003   5.6309930571589548E-002   8.0120041975187045E-002   1.4969507053780058E-002   9.0977824447862482E-002   8.7763383257758967E-002  0.54263583092750578       0.17357351208112581       0.20385747627703682        6.1202008475577559E-002   7.5745657782964507E-002
   1.1554343984863671        1.0877573595818026        1.4964507912450031        1.3930745406901262        1.2616828418275594        1.3595463325788826        1.0441156215797136        1.5001502187246734        1.1105644776917736        1.3347347137214571        1.1738406671503911        1.3273776016224499        1.1753961558486596     
  0.35997552936504451       0.75571577287023362        1.1978844042088021E-002   6.8475962265342402E-002   9.6330884097087954E-002   1.8498322628016262E-002  0.10427579482669976       0.10534504300021637       0.56291525721249447       0.18607449365517575       0.22014800190012052        7.4086616127190433E-002   9.0854792782245314E-002
   1.1618513989637331        1.2919913460455394        1.2700829359339874        1.1669447344395216        1.1325846533786070        1.3035812642514770        1.0089147323503045        1.4867157684129539        1.1797607260474183        1.2699899351064581        1.1595749513418101        1.3365538563425814        1.0898568227629266     
  0.37129673614599079       0.76429473346430765        1.4582057942571584E-002   8.0319634417216415E-002  0.11029690629787135        2.2329121586480982E-002  0.11895858945646832       0.12333960361119592       0.58115559099744585       0.19711031636895690       0.23403959393978677        8.6704318082531082E-002  0.10458550228255901     
   1.0549442949085992        1.1672371786045872        1.3336441033303730        1.1324106066710162        1.2057309573040369        1.6514483522930494        1.1473672209658672        1.1728165291038064        1.3185188733275210        1.3490809260093608        1.3091025977346804        1.7189441644339654       0.99997551990966704     
  0.38282744768566035       0.77221206149615140        1.7259199144801250E-002   9.1935689841693660E-002  0.12435721225980269        2.6731335546561086E-002  0.13321654545938824       0.14174956160367436       0.59801796026378795       0.20848663175314433       0.24605703348946451        9.8532225828257478E-002  0.11747668226914568     
   1.2052353441805914        1.0282259491509957        1.2772209257298495        1.3057012266829888        1.1588096689230096        1.5081769579794928        1.0566288115344249        1.2783395707733589        1.1011727249809213        1.3499736327775529        1.3302968513487226        1.6227347480669299        1.0813205290895056     
  0.39494941682670981       0.77929271650325149        2.0111321188498992E-002  0.10289321373570415       0.13921926668119936        3.1264302734293814E-002  0.14343536732340484       0.15735135429841493       0.61233518616318350       0.21634379155349026       0.25477918667301652       0.11047317444336675       0.13068912036194713     
   1.1960364892589954        1.2199947769651709        1.2315898130901752        1.1908920152921438        1.2452634969181129        1.3879374658011716       0.98059858525260313        1.0726896639425343        1.3083511797252434        1.3537578263533763        1.1105908238753426        1.3716374334747554        1.0187432852077880     
  0.40629418387583077       0.78621943395612826        2.3276242860060557E-002  0.11386651487065080       0.15501112422751986        3.6058496072519687E-002  0.15375972811540417       0.17373882471902050       0.62515408884536894       0.22456388026087523       0.26365945818259612       0.12714579270515858       0.14468765670395697     
   1.1174126176290666        1.2045791417802492        1.3242455920396001        1.0783498263020739        1.1307318436420652        1.3880515815840728       0.92268735997799112        1.3111875077464279        1.1898322453606394        1.1724057378912778        1.1781079817137143        1.3206315815563046        1.1940367082093839     
  0.41703060941265613       0.79280246917271679        2.6524142892754812E-002  0.12366282379570974       0.17131426146413561        4.1197184132577412E-002  0.16401274140438293       0.18789685467462877       0.63734786283436307       0.23149833141992462       0.27269078224394966       0.14267180017140343       0.16122463148392674     
   1.2650259156665420        1.1013934714458617        1.3480388295933636        1.0569110373125052        1.0241558433998306        1.2743510799787356        1.1045753283564308        1.2293595625922658       0.95848789914001131        1.0799232907551111        1.2868734494885388        1.4113710480283641        1.0993095749589075     
  0.42551545415746095       0.79955347669182364        3.0119152402511548E-002  0.13265996124910864       0.18734886446973678        4.7246955005601610E-002  0.17554902580714091       0.20222299131972185       0.64902484137828298       0.23801095054347557       0.28174330626421651       0.15711685063425551       0.18069732723773904     
   1.0049654289041909        1.1192023936245663        1.1055391465639091        1.1176473146731805        1.2744368602785530        1.1487232917356474        1.0945153114853603        1.3029065300994229        1.1380154233327895        1.2357462959370673        1.2198378890884174        1.1697045702669935        1.1719704684464076     
  0.43360650961834352       0.80636481721992459        3.3934236562721279E-002  0.14258910596741317       0.20388419328378402        5.3127718566112661E-002  0.18860723306775010       0.21493510519043929       0.65970920764320407       0.24367569745965073       0.29110667567432907       0.17131309930146157       0.20101077298394687     
   1.0640883400245116        1.1699194198736027        1.2621928696310838        1.2255797215939224        1.3049520872732554        1.3457867981418026        1.0110622004046625        1.0435659747911898        1.1508448655294685        1.1063833454978107        1.2655152474273610        1.4423560760930989        1.2454860165555124     
  0.44219480838686998       0.81233551506183599        3.7864004188293401E-002  0.15286960004568240       0.22078193776745422        5.8714025537384217E-002  0.20160886116905491       0.22815914911944371       0.67055266885649045       0.24985209900949026       0.30103530274686580       0.18587123153486049       0.22233122023625163     
   1.0527762961742273        1.1124157152754237        1.0627061244647462        1.1466172407866677        1.0367596842302227        1.0855880584670017        1.0161535313200496        1.0777342174677278        1.1057741211813439        1.1152909498140224        1.1497643013142331        1.1413922034160418        1.2765705090725175     
  0.45090881171366254       0.81820488091337185        4.1895297207982483E-002  0.16399115597564004       0.23794508658651867        6.4291881697904951E-002  0.21461712698610014       0.24038864136770216       0.68076274676461435       0.25565979923982424       0.31154243890201444       0.20072037100926252       0.24289271736679371     
   1.0828859987315285       0.98059242971053739        1.2089447544166434        1.2065742602454705        1.2636971780873827        1.1529877980162213        1.0301312524900075        1.1033349235664973        1.1502881437653356        1.0405044090950542        1.1658908816654583        1.2978475176285489        1.1582039890652351     
  0.45960152915492852       0.82392016796264811        4.6220011519009646E-002  0.17494083750099479       0.25339492208256209        6.9586959816512445E-002  0.22845499588476881       0.25415314698811181       0.69098726157272372       0.26165511762653104       0.32161960199570033       0.21564899724041056       0.25827515378567306     
   1.2495583333652669        1.2041325074839382        1.1385547040998512        1.2898815502609355        1.1657277691941936        1.2072058322566506        1.1063112406849200        1.0974437417140082        1.1275457246469522        1.0568753106827011        1.2038807874848116        1.3260722847505362        1.2359770128872998     
  0.46802974164707756       0.82941110380086336        5.0700739021592375E-002  0.18485411105168761       0.26880710483251746        7.5107141132223137E-002  0.24257885651017355       0.26725595805705588       0.69855810626735126       0.26850290681389782       0.33122452441932126       0.23058025234871751       0.27381181262096294     
   1.1334905503743891        1.1431534235460610        1.0868756870848864        1.2432893205462590        1.0789439499941946        1.1120591045171175        1.2264685391307277        1.2507918551217478        1.1371306899335027        1.3299571074899055        1.0967064177831019        1.1951022714884307        1.1676895926829101     
  0.47652976339837394       0.83493780409735208        5.5779280320936840E-002  0.19492126742982496       0.28387374932853093        8.1445314256013063E-002  0.25717956622503935       0.28025443329390626       0.70603498327245051       0.27515502945535208       0.34201431960561007       0.24515766510411757       0.28926539501405774     
   1.1222224730380668        1.2223881792877196        1.1107434936626230        1.1274027005038387        1.1728230734424636        1.2750173164155192        1.2234718394079078       0.95379764919341725        1.1156498010013622        1.1617586121129970        1.0521991140506950       0.96538675389278461        1.1237412365208053     
  0.48628582777360257       0.84044281056502768        6.1086268518498493E-002  0.20377816651682903       0.30066371158529265        8.7977255992415751E-002  0.27175887416075739       0.29254292884921540       0.71331921135576937       0.28113033981791408       0.35343816126172345       0.25915517622773548       0.30482525340954136     
   1.1280392588667019        1.0908347132499128        1.3634721140866208        1.1026896870653189        1.2709820159806851        1.1964487861901167        1.2008428534271161        1.2262030043956023        1.1108383474375318        1.1473113893292899        1.1381524344120284        1.3972822351282677        1.0695804594551459     
  0.49601590691204211       0.84580043614401679        6.7162768180922885E-002  0.21245090658167892       0.31897945656052651        9.4999076652359377E-002  0.28664234344997086       0.30531233959750792       0.72020433001864015       0.28710172635189546       0.36471271299013425       0.27342122114434841       0.32188734810676783     
   1.1805295857634657        1.2475033589542548        1.0235764098808391        1.1641034104424752        1.1760909662895878        1.3280122814292556        1.3385525760248014        1.0241163504557935        1.0538486185830307        1.0847835576995342       0.98794392586093549        1.2388351135509172        1.2957707191824126     
  0.50904840340954682       0.85093571866075257        7.3592399707105891E-002  0.22005101948598352       0.33627755986350688       0.10203541747867896       0.30226716005018905       0.31927985552770394       0.72652697211639916       0.29315591716458200       0.37602559222524201       0.28798758812688746       0.33944424440687010     
   1.2387016486142695        1.2113419139134631        1.2831457365631598        1.1683496614559292        1.5592491181061809        1.2271966715479765        1.1858563480206186        1.0000311341913395        1.0856059752282807        1.2360199482537813        1.0266949134249115        1.3526069787007238        1.1179206917021942     
  0.52228075458856416       0.85552998344727083        8.0778144541913344E-002  0.22849426272166859       0.35014045870512994       0.10909849273298969       0.31747101013420448       0.33425006438445920       0.73366254557233834       0.29931363137064165       0.38837062956864943       0.30348320292031794       0.35457095552541817     
   1.1753950007696345        1.1720916781748327        1.1404798543696812        1.1473613464873520        1.0864299028183730        1.0434501317884977        1.3230881883658012        1.1081080143440198        1.1106119928457237        1.0507646327750384        1.3592576452397962        1.3122436021180313        1.0158478611110626     
  0.53394331700976405       0.86004100401849515        8.8224745752925174E-002  0.23738673927625525       0.36499645072948317       0.11615915249966312       0.33343103092540177       0.34960967056984360       0.74085165972953615       0.30580711819308387       0.40161023714585392       0.32068719032239534       0.36957182695406499     
   1.4129125356108296        1.0318198304903545        1.3223866829505786        1.1576964420040290        1.2317390628127636        1.2374597092636963        1.3650713166795401        1.2258914400737291        1.1288442381394814        1.0344197527188626        1.4701428967409911        1.3462041526261568        1.1855222423269163     
  0.54542943697296453       0.86456448694942445        9.5940033031115826E-002  0.24837846634457345       0.37901738397894136       0.12493188717380743       0.35092685019691422       0.36612732264452691       0.74868111824643435       0.31274695526884921       0.41626524546681026       0.33853626752112725       0.38407752388628669     
   1.0853138938472031        1.2013473144284452        1.0888762903069356        1.1127494836540641        1.1080781943271210        1.1936646994371920        1.2434349386088039        1.0927521321124496        1.0152854869978734        1.3310299493873401        1.4304962736474938        1.0651981345110473        1.2014153754824879     
  0.55719306278292358       0.86901127633666575       0.10450750878441349       0.25977187047261169       0.39342825337274728       0.13447424844914199       0.36733859816047587       0.38291834266243324       0.75665694513306359       0.32049553827418248       0.43069109525925003       0.35651931308281221       0.39880631588147658     
   1.2416282538865313        1.0380678096279845        1.1386204994749951        1.0998786341825446        1.2488495222678102        1.1874846206307581        1.3306683385902793        1.2405847766838027        1.1571899147420397        1.2941424811442590        1.1186462735549150        1.2799084432402772        1.2718473145537785     
  0.56892692496290687       0.87348455571315509       0.11348875418742350       0.27197534778946053       0.40894124231433315       0.14423247106664910       0.38521613510322472       0.39931888343060773       0.76407275262169772       0.32799534397190139       0.44485704608383358       0.37364579399664993       0.41444827720658706     
   1.0787380748032627        1.2332496712968430        1.0851762257359607        1.1035846199711854        1.2375400963462950        1.3521957598429741        1.3162022351206428        1.1087623680606162        1.1773367908320305        1.2966831244463781        1.1537397152041340        1.0515433482291474        1.2011863043439412     
  0.58165106106118314       0.87813008403835635       0.12314299986034384       0.28455013168544385       0.42445406145775527       0.15432568838817073       0.40334809588851606       0.41567838730829876       0.77147122787046596       0.33522047797296639       0.45884659109578224       0.39052835175466977       0.42979579384158750     
   1.2354034635823099        1.1272305628456618        1.1301544752145851        1.2864208304251485        1.2141432061907491        1.2668050349981939        1.2197140723509596        1.0954884427307818        1.1040971805643849        1.2532166124515962        1.0546811699126757        1.2315664551273455        1.1269433065059478     
  0.59438060173807850       0.88265040807697281       0.13306039041349629       0.29884076985714259       0.43978697178000148       0.16400636198795654       0.42159422429315996       0.43240635074968181       0.77748334346817249       0.34246369827872891       0.47411103473226912       0.40873692245943027       0.44497793877602954     
   1.1934926266128005        1.2879842914675079        1.1342374141045635        1.2568169037305519        1.2594751205795764       0.98372671091368324        1.1876441812463503        1.1110092183568399        1.0916342373986661        1.2467925833813986        1.2152846020243642        1.0495628976441331        1.2438796300850332     
  0.60722573674089175       0.88689467501816011       0.14427962841556025       0.31313206728098103       0.45519393092060156       0.17286250406698619       0.43841919887253733       0.44926430100364551       0.78357099373588524       0.34991239159776005       0.49067419331989282       0.42736727446710154       0.45963682926203148     
   1.0780189285089250        1.2313523823830788        1.2382174510956563        1.1018953052924245        1.0878018011183612        1.2862415972770849        1.4829259450987673        1.1641213488876490        1.1559124322345331        1.1191796560439433        1.1161881578433419        1.2874112533951754        1.2879498501025952     
  0.62026517633189571       0.89114518850580426       0.15633304370378337       0.32674096393411439       0.47133265433693156       0.18190750180371326       0.45320725576032911       0.46406190984561335       0.78878338005248583       0.35770696269401236       0.50819157120422764       0.44501497006386975       0.47485646422927003     
   1.2220042751333622        1.2330366613790578        1.1039383761483670        1.1176640622813423        1.1798614333032333        1.0541477958415313        1.1802603535950180        1.1647899472744225        1.0934518930119468        1.2863246499335306        1.1523048402118989        1.2113107588681098        1.1062290440529625     
  0.63297060459181276       0.89549014292424589       0.16905833801751854       0.34026759824878738       0.48803018210521076       0.19169277686390712       0.46749166378350648       0.47914821146377412       0.79422846050011597       0.36567984866287484       0.52599800840931110       0.46260353003400279       0.48988346646434405     
   1.2606922526054791        1.0502895415808353        1.1302392114890876        1.2551387351693593        1.2584019040817316        1.0610001850953652        1.2183718406246515        1.1876336113127071        1.0647358383097103        1.1512477674917778        1.1378887792681875        1.1602363213926912        1.1182098606145623     
  0.64524356469663979       0.89989695296268291       0.18186388075551344       0.35304875775251909       0.50422938960342734       0.20320434329290790       0.48183753700324045       0.49279761282523454       0.79980123994700425       0.37372375066706515       0.54200186246776805       0.47816118403015140       0.50472548033661069     
   1.2986914307769410        1.0636443165832274        1.4174219348067527        1.2685868526143815        1.2371233768433727        1.0232516335393373        1.1735932446157749        1.1623636199840530        1.1518604278142470        1.1518361374156267        1.1269170676377809        1.1777064355930771        1.1314685897752825     
  0.65740793768986250       0.90445914320614229       0.19442928324485487       0.36607408015257159       0.51974635545945524       0.21649190588861461       0.49677230102592729       0.50706143921083402       0.80524174297716111       0.38227273037234111       0.55654676199832331       0.49329774224189765       0.51947363741424335     
   1.0895760970891433        1.1424832395534987        1.0812813236068315        1.2223975629727082        1.0675911681885351        1.1196622474048907        1.3542220214342719        1.2112963552075071        1.1422730682492499        1.1356712000863178        1.0667297272391281        1.0909033901158969        1.2237557924783040     
  0.66905840620032686       0.90879911052756668       0.20711328794742012       0.37870741168644301       0.53510142053089016       0.23003008667978897       0.51367902525914400       0.52056778526294356       0.81076164497218484       0.39070318050623282       0.57066540781981701       0.50662237350209205       0.53572070925230753     
   1.2463207388346553        1.2659599786249738        1.0998004946532409        1.0435028384730360        1.0601179406367396        1.1082827154851382        1.2046771131630152        1.3463770425355350        1.0167127850226876        1.3355845658398751        1.1883555935731305        1.1032134928296806        1.4200738240608275     
  0.68059267709701643       0.91265029907242778       0.22114924419605941       0.39102924900184649       0.55087819125978921       0.24414590571973666       0.53195168714945429       0.53382681478853333       0.81607455033829379       0.39918044185115725       0.58481856919383302       0.52046653427042278       0.55145985713404888     
   1.2494971924412666        1.1825535789806607       0.96773432130190840        1.2198466841179285        1.0937859177272498        1.1107232037503132        1.1710437275829135        1.1931935453907290        1.1305265629282617        1.2684355564262735        1.0376802290793066        1.1113557458112986        1.4016971070821624     
  0.69146442143298503       0.91640129676193627       0.23500999024097668       0.40302401095427143       0.56774575577683306       0.25900846435387642       0.54684204997302466       0.54605437363945286       0.82121436213985366       0.40763675470790944       0.60129363066601327       0.53271841109768925       0.56684721318159925     
   1.1163871600530704        1.2256743043244165        1.1144988089895882        1.2761523564545165        1.2068832163014385        1.2400790058090085        1.1596922245120154        1.1505276999044709        1.1035872499779542        1.1610896037540621        1.1039103807489021        1.0971798722460171        1.1636437324882303     
  0.70115998414320879       0.91975467599577621       0.25118275581590815       0.41518953694683469       0.58375951464660336       0.27436472825416813       0.56158462611182214       0.55840264793366157       0.82636783616442044       0.41660106407472464       0.61655606527976803       0.54505139421464388       0.58118132792038857     
   1.2159914396691474        1.1304688038714898        1.0248586916379900        1.2109983325495408        1.2352942282727013        1.2254930709083245        1.3748643455729608        1.2526802619507127        1.0947987827785859        1.2992236142464646        1.2556638011996428        1.0437984874461714        1.0832006840908015     
  0.71062182930575180       0.92310260715718384       0.26815374625297800       0.42716916067914124       0.59889293454364734       0.28982357646198431       0.57737790147407653       0.57043001745797761       0.83166286788261290       0.42539711881733006       0.63132612733437887       0.55553123226943901       0.59533456717367228     
   1.0630103776701676        1.1941660881226550        1.0156155302563437        1.0139292532425044        1.2266468653227052        1.1944749686739904        1.2201138890844592       0.99345885982709803        1.1340108374947877        1.1322726340768374        1.2182219216140961       0.98901687706391495        1.0978948425866288     
  0.71993019765819177       0.92624844020269581       0.28638814327733780       0.43803098246499983       0.61312105420848984       0.30606473439909548       0.59240599252066684       0.58446758058294168       0.83698700066783194       0.43476312438222886       0.64840383503116872       0.56705151970010614       0.60969597076309434     
   1.0282630848580376        1.0508389875291457        1.1426260508955568        1.1652555728833174        1.0886684913043445        1.1787035896068370       0.99115138988176199        1.1788033210218625        1.1333509178663561        1.2930719092249052        1.1795016807282228        1.1039213573951601        1.1896934353682012     
  0.73027573585159533       0.92942456281415475       0.30527442014409772       0.44848582494724221       0.62683537278188761       0.32288690603926484       0.60798878460589700       0.60179921115188395       0.84260722446046910       0.44381859514329275       0.66520849574324459       0.57913546802716465       0.62478425014435579     
   1.0825568336342488        1.1672460097423738        1.0183650186663724        1.1804327858312045        1.1984558189389614        1.3511261155476850        1.1968331853112348        1.1130178571269906        1.1754055179905538        1.0638778235732069        1.0988649747752988        1.0763772403417857        1.4171603523598151     
  0.74105280331810586       0.93272210188110527       0.32521531805317483       0.45915617568104566       0.63980813807404557       0.33833905753542332       0.62328816233958173       0.61910866822544919       0.84810965509712555       0.45319779292428464       0.68109299490729069       0.59321184326573617       0.64059896860269938     
   1.0657939822390001        1.1777581051181933        1.1249975662032707        1.0835529108899355        1.0569070691630544        1.0989415282996802        1.1390471849009853        1.1343046651171171        1.2486804649527596        1.2767709753972789        1.1875913494266297        1.0515160266872456        1.5202847551947933     
  0.75195441686674114       0.93616319252217062       0.34502136736850325       0.47137637716405939       0.65256200523114294       0.35440092461152506       0.64071898092613822       0.63596707761060323       0.85332470003641336       0.46306311597367861       0.69707301020869650       0.60782697438966560       0.65691036203658293     
   1.1997352405943360        1.0905074074786771        1.1957850660134763        1.2325048213565126        1.1099326051094160       0.97321932650319443        1.4701795129568491        1.1121515488153770        1.1180606911393183        1.1454140381918714        1.1028472119910442        1.0971087385811971        1.3889631649107785     
  0.76299427432780753       0.93989302698131805       0.36542944053099607       0.48446822824321817       0.66816480506913589       0.36801100989348601       0.65752734137336211       0.65340153268750012       0.85835924301086497       0.47280491724427909       0.71237618233524436       0.62213367053016255       0.67340075939090738     
   1.0890984757288693        1.4402859939652848        1.0632206177443042        1.0891675902800202        1.1333092081516380       0.99680696970508442        1.1870766397613874        1.0953316647009617        1.2357224070955695        1.1629025212088897        1.0470909054357718        1.0265435354097383        1.5108785136919349     
  0.77493557431987481       0.94356106244515914       0.38699778261541906       0.49894628062379137       0.68298124932873017       0.38351277108830217       0.67296955445340800       0.66928085126511649       0.86330194339030475       0.48218393085594696       0.72831568101267474       0.63576873437863402       0.68985001751914177     
   1.3320692542058434        1.2739949582709547        1.0385592701620878        1.0618694077176247        1.1445968475313364        1.1143047389272467        1.2306459952185655        1.2647684689170668        1.0847698622450253        1.1309339561842120        1.1128343898430173        1.1131943422802284        1.2225874385503201     
  0.78725210755626129       0.94694481607565484       0.40969309225453299       0.51440850667991456       0.70022768252537604       0.40298751779880060       0.68910319562993028       0.68444677161237377       0.86843278710384753       0.49190780746662527       0.74596424472941880       0.65070057318384844       0.70656292900717166     
   1.1161387749382619        1.1465755067477206        1.2072434489512029        1.1462745610070768        1.2652515519916387        1.2874805831813780        1.1071371200763473        1.2228146887351321        1.2632100975172607        1.1655514019919044        1.3578176830714985        1.0600550751943387        1.0986065698871776     
  0.79946475415100049       0.95038413076221628       0.43225815763351477       0.53151292871365818       0.71745982195922908       0.42253741816591650       0.70555601986761773       0.70026135136830592       0.87427656290760825       0.50213802978969413       0.76357112182290598       0.66610199895684641       0.72310522781709452     
   1.2603646977821656        1.1257086914724368        1.0638990253805340        1.3937755387538064        1.1463648214021711       0.99233262271865730        1.2306805292328287        1.1764617251418985        1.1838374467558570        1.2057627515592140        1.1885319777410022        1.1173903675499586        1.1755778348858823     
  0.81151835893929714       0.95324951002696989       0.45447185198050505       0.54964907133436169       0.73640895974591347       0.44188864386959964       0.72265102357030686       0.71493773194948418       0.88000956781944939       0.51269849425099090       0.78084773088504755       0.68092993275901015       0.73985405313878594     
   1.4078935613028487        1.2792067174068975       0.97875110100474561        1.2776106017234248        1.2463613832496789        1.0483794004944538        1.1971077289907757        1.0738456798538971        1.1166835926805612        1.0238020164385098        1.3205785299371517        1.4158501122543501        1.1027987970331494     
  0.82308207875563788       0.95607048830444430       0.47661622410699284       0.56906508426706770       0.75605729207389971       0.46653639570102262       0.73860141688562742       0.73449821327021925       0.88685186244659220       0.52371327438940196       0.79691410425527154       0.69577816311313545       0.75708963613258506     
   1.2255935224237284        1.1394623918070863       0.99519667205986417        1.1951198270789349        1.1963852818944767        1.2555259632099849        1.0612528706670259        1.2967228864411431        1.2364942102230090        1.2651487339342868        1.1999752642359085        1.1260300046508072        1.1724951076978685     
  0.83470774957443472       0.95904661257883739       0.49988377456505367       0.58828227975043146       0.77120313217483150       0.49120367835712958       0.75425930316206335       0.75339570173174486       0.89372447137972300       0.53489569205888177       0.81115978272608213       0.71136386963654197       0.77307302777786058     
   1.2278241128983940        1.0980996215888512       0.97769017464539887        1.3647323172144801       0.98210111844094661        1.1358162721637788        1.0721789430214701        1.2150496147205399        1.2376624741946283        1.1166352906531085        1.0877771406328283        1.1395054377931326        1.1916828620744984     
  0.84670467838994912       0.96188059213199684       0.53037196845345580       0.60710506260262886       0.78715581533167311       0.51454979649561239       0.76904370722959214       0.77033767319924851       0.90058979287155771       0.54613376070345732       0.82473023418654834       0.72755953540312679       0.78805483758533890     
   1.2565523165319319        1.1182355336042955        1.1766942543719272        1.1546221956457448        1.1699750499077901       0.95434744241108194        1.0492749710948968        1.3016103632169043        1.3086740334373697        1.1403577226733810        1.1501099198553477        1.0682780346470482        1.1838224794660297     
  0.85790932370187722       0.96481951319787473       0.56060952735752845       0.62584246521658093       0.80225100806240390       0.53899089152268842       0.78153213121344267       0.78713366439869725       0.90769281076103459       0.55777282114890814       0.83760769529085821       0.74463177063260755       0.80311594044644152     
   1.1605122784491348        1.3594322928078106        1.1214714978952431        1.3005878753350570        1.0122799146895731        1.2052130680104232        1.0643395174367687        1.2136199909407184        1.3692143937239096        1.0294501795404447        1.0401012944830919        1.1062386564938704        1.1327141381102688     
  0.86885003001701000       0.96779418814206952       0.59090414863983998       0.64803145107221916       0.81681289390310208       0.56902785587232219       0.79532360213393083       0.80320297812387986       0.91465542118369081       0.56979733409733169       0.84998474248252831       0.76160191361315299       0.81671610913619697     
   1.1171362571909456        1.1531542572724744        1.3111920206370395        1.1430104628832702        1.2412067492719372        1.1323220057718872        1.0400211408265705        1.1323050322107937        1.2951394728810797        1.4318756095677527        1.1460686265228737        1.0750152237592079        1.0982137015257549     
  0.87969069941832434       0.97081405272817511       0.61997254191654161       0.66938137253350294       0.82917888863921663       0.59784047216749947       0.80977109864496255       0.81931299604677976       0.92130741415370032       0.58213192028388028       0.86168828202703840       0.78022260742652050       0.83089332816010142     
   1.3142975437638440        1.1411309197808408        1.1462712569994331        1.2002877262045653        1.1797092050361830        1.2016696528070445        1.0188351044465807        1.1378487667049790        1.1065595415996785        1.0447984487070163        1.2231630997427620        1.0249821219687305        1.0942339243583354     
  0.89079910265211726       0.97387721213576628       0.64928600248698454       0.69011805354750755       0.84269333118176526       0.62678701058048780       0.82521295490660385       0.83501969446036395       0.92776866785053791       0.59490879910335537       0.87342679414938307       0.79797151491486684       0.84430295023807778     
   1.1542932330162783        1.4001719095872709       0.98138939450796825        1.2043551977557068        1.0410098014872249        1.1554323536302804       0.96218925285772794        1.3512874533562123        1.4365163589238048        1.2404021402087557        1.0782593875895119        1.0589951820723229        1.0624192160044528     
  0.90235210514274078       0.97678224767708066       0.68057876666512473       0.71282323643592393       0.85691948623150849       0.65658893522618722       0.84243595838590268       0.85076784259101579       0.93366904937213613       0.60700186202615214       0.88506059260351300       0.81652115126132041       0.85647651886189036     
   1.1192721502134915        1.4101249448274880        1.0547835026225125        1.0223216647808882        1.3285922308712153        1.1043392916156529        1.1936318464064479        1.0692818186932487        1.2817229466645947       0.97511965876513673        1.0322980369794534        1.0530756873586791        1.1767701129634927     
  0.91399285672912201       0.97942293074350251       0.71321893027638339       0.73565167897054284       0.87217895215595242       0.68726013766350003       0.85977211483004945       0.86689850566808635       0.93901006790780817       0.62065459618903518       0.89653177386266358       0.83492747662200217       0.86756090958732690     
   1.1979179542239877        1.2191987599095786        1.1965591791570900        1.1137860085586662        1.3338986435845588        1.1445693085647810        1.3914126153597137        1.1627596810715475        1.2769575098479011        1.0263274663082318        1.1012029152278040        1.1518816261163187        1.0693997299732176     
  0.92556506273177852       0.98208672297129984       0.74864494782196334       0.76316971961358437       0.88875587874575179       0.71756848669049711       0.87716478044892154       0.88361333622466454       0.94425063057517833       0.63395320501523300       0.90789047112803145       0.85515966377876995       0.88421363847164913     
   1.2831015783505375        1.3338058486234547        1.1657806116976062        1.2179967366450328        1.1734185656173599        1.0395174114856014        1.1266352262420043        1.2365231556982674        1.1611598125106386        1.1113889265096646        1.2093884285382535        1.0173667238237749        1.0493130095619740     
  0.93733684493127989       0.98447774676127842       0.78507207725661143       0.79080213511678266       0.90495222576198031       0.74929724335911385       0.89448450555934400       0.90059804972610880       0.94950201549223456       0.65212437550315416       0.91997681820385180       0.87588507176157182       0.90101798763242169     
   1.2531806133277295        1.1694359307724163        1.1000747621441453        1.1877293740972057        1.1524503437848617        1.0181346866641729        1.1119595059785876        1.1821732016226152        1.2700318574462122        1.1814126205550581        1.2112675945892393       0.95125818542726115        1.3859478785919046     
  0.94859100263611384       0.98691740403795203       0.82275352668953605       0.81863657247748567       0.92105760928362090       0.78565264149751857       0.91149471268423410       0.91785103454921413       0.95500617413955446       0.67069852097973348       0.93388081229041919       0.89598383190791131       0.91787274345218217     
   1.1253703144192320        1.3506754180870153        1.1031013137120982        1.2001062808388767        1.3625369876950875        1.0696710855758695        1.1139469279999170        1.2387857632922754        1.3476593824770433       0.99443471222979685        1.4678410720719546        1.0976933772005244        1.1941480998984124     
  0.95997435284872923       0.98931465764753446       0.86100045807707293       0.84666313803687310       0.93726917231864537       0.82678663206212433       0.92828388745932477       0.93477462478682116       0.96117219846672131       0.69681905906702046       0.94774671368105579       0.91569559833279468       0.93450720587009684     
   1.0448892357862751        1.1498856187993833       0.99584179057175082        1.0861919188182438        1.2191542581490926       0.98578449689411596        1.1604988572941266        1.1533689748385652        1.3574121220519217        1.1588095925840007        1.2927605026460667        1.0888242362695977        1.2349150267222397     
  0.97050373645976185       0.99179007697580512       0.89665474575128890       0.88161172551909084       0.95290788683486494       0.86746621313363714       0.94557850844897151       0.95072289693177292       0.96832347009570841       0.72487916109834849       0.96035049451958021       0.93586193202971535       0.94964633550092903     
   1.0698112764534413        1.3992450762947906        1.0078069939523215        1.1629786004018510        1.1752054634244467        1.0173265111530054        1.3452567965947393        1.1401140354752966        1.2849165093987811        1.2552981399020755        1.3728056763772862        1.0387461638611089        1.1566419668041099     
  0.98103925278676307       0.99421855765215117       0.93058281546614341       0.91835442427184766       0.96967532463869743       0.90932186946714499       0.96305863193918539       0.96658091785339539       0.97536447579073016       0.75916011793716265       0.97306990738816723       0.95629113169051194       0.96491694820252261     
   1.3073416603611205        1.2831421788408732       0.97456371383453966        1.0708977529748192        1.3298394841867065        1.0546874463265350        1.4061912490194379        1.0594226569249745        1.2865730349445512        1.1192470583415677        1.4176227342401968        1.0497305499259575        1.1966708061098006     
  0.99059256936165718       0.99704977372836467       0.96584140969228816       0.95884066507077415       0.98485323066773234       0.95350668932727245       0.98054719598608875       0.98261254691585698       0.98710780362385597       0.84776849594280368       0.98653185113978203       0.97812563986820067       0.98268200068459477     
   1.1991158973150444        1.4412277925071597        1.1812058118655242        1.2170385449868149        1.2685167285607939        1.2135359577888207        1.2427048051430969        1.1635919861532755        1.3324327183479530        1.3396577363323439        1.3485653063630345        1.0009636207995660        1.3165059479244630     
   1.0000000000000000        1.0000000000000000        1.0000000000000000        1.0000000000000000        1.0000000000000000        1.0000000000000000        1.0000000000000000        1.0000000000000000        1.0000000000000000        1.0000000000000000        1.0000000000000000        1.0000000000000000        1.0000000000000000     
   1.3142860906993752        1.0810119596454772        1.1157767734715029        1.1167233782047024        1.1082821260099500        1.0879711819932849        1.2196710455835484        1.2877601922915880        1.1102238382246346       0.93491347487535037        1.1496227224795421        1.1149613625031289        1.1261594931627035     
   3.5444346274366261       0.18531445919844380        5.3870915956410235        6.8343068091772494        12.319064785334344        18.219284339637127        11.531284237016100        10.178846392766346       0.28845665857520575        13.124878144890122        5.2866437092409901        11.993130069950691        12.520933265068255     
   1.0425356197053628       -31.931276908863243        11.464735207512454        12.576707940548804        14.972210656668576        5.8672802153681154        10.289899370713281        14.194606687696627        14.636050381199096        8.3920160004686686        3.3706479265308924        5.7116848157560991        16.056733309123594     
   8.6232548900962165        13.030758427122025        9.6187844802631801        9.0569296133119899       -1.5252551812017776        3.2315002756679219        10.324751830324127      -0.72218199058826038        13.556193100908436        11.005270223077094        8.5494773540718842        5.6646533295332349        6.7041586261061363     
   7.8876665004434967        8.3451963381031717        9.6899152412796141      -0.26249977963772964        6.0305601428052169        2.7973840334034570        7.5594843187874732        9.7137414612670181        7.2872388602746705        13.284246246801388        4.8723675994647904        4.7732764696680583       -3.7199172472258315     
   10.547444103432454        6.8132417634136324        8.8909086640579265        8.4376855061757929        8.9284483921757420        2.3515758768965940        13.818503278867654        10.298339805109329        12.401611801262730        4.8750697985253018       -3.0882904062425438        11.483988779393325        8.8335428307673158     
 -0.51595950958475967        11.269496722891416        4.4153882545833625        8.0675871284176335        7.0342907450562029      -0.66251900661720808        7.6536592423682857        2.2981230874324083        8.6135891678876320       0.53016227346019906        12.158858067511012        7.8977818254121601        6.1788998514488993     
   12.897813102731254        12.364898710917656      -0.27429471756448798        4.7125006016544111        9.1113610546015593       -2.5916272370184457       0.35792782865045120        6.0225396242699318        10.345547494415147        3.1557867427598061        9.2011470520128800        13.052543164690226        14.075021774455072     
   8.1252735067652058        2.5314089784875269        13.677729325676241        22.418102922376718        10.727994796780104       0.66882743987391369        4.4244123376959932        13.785914143504103        1.9529583354353108        2.7825747546752972        13.522400578649354      -0.21147156580601781        4.1890223047749133     
  0.35108644655366694     
           1           1           1           1           1           1           1           1           1           1           1           1           1
  0.36014845658101863       0.11376176491403821       -1.4004956614729847E-005   6.8175545554623804        1.1238621787895942E-002   1.1557724996084842E-005
   6.2134922384384792E-003   3.5211462635294233E-003   1.3530462883233913E-003  0.58372078797990856        1.3523964786133450E-003   1.0603085548570438E-006
   6.7239013098223162E-003   6.4175785302871651     
