   0.0000000000000000        0.0000000000000000        0.0000000000000000        0.0000000000000000        0.0000000000000000        0.0000000000000000        0.0000000000000000        0.0000000000000000        0.0000000000000000        0.0000000000000000        0.0000000000000000        0.0000000000000000        0.0000000000000000     
   1.6615971094851509E-002   8.7508334636338656E-004   4.6442884541685039E-003  0.10296130161365788        1.5666617656828360E-002   1.4920532982221020E-002   8.2003342493733918E-003   1.9067658630074206E-002  0.27854245170233244       0.17392377054619584        9.1448473525767529E-002   1.2522615148868405E-002   1.3898773867197296E-002
   1.0989734089667993        2.1484964134183451        1.8106506408084651        1.5103189362422116        1.5334266449723404        1.3085648409906161        2.0698762618575279        1.7458788438151178        1.4980216411172864        1.1416041676895645        1.5481483860917509        1.9267077546151925        1.4089337138876969     
   3.2970791198496309E-002   1.7247298028455330E-003   9.5146673908397261E-003  0.17775064470305366        3.1972699146696225E-002   2.9997320475430422E-002   1.5952081222602821E-002   3.7815035574208032E-002  0.37483408006480651       0.25946130343631174       0.15283237411174003        2.4376852104752912E-002   2.7559394275591016E-002
   1.6821713317155658        2.0417106868266113        1.7642902537211429        1.4597500939994108        1.5989122106902960        1.3537957900705457        2.6823899252344505        1.6554996081036071        2.1673934774573160        1.2697523900534970        1.8266326513525468        1.9295342901297063        1.4636385216126355     
   4.7838335376835565E-002   2.5806454962667910E-003   1.4376823534629882E-002  0.22931696459274969        4.8810222920686035E-002   4.5882579940809749E-002   2.2012413842235443E-002   5.4295003657425706E-002  0.41421421928894830       0.30355695935048554       0.18573545013016021        3.4057651607310661E-002   4.2513129568270247E-002
   1.6773683800480685        1.6295830454314972        2.0159526416740126        1.7939791652607613        1.6733909301773990        1.3721336984847146        2.5445200662410632        1.3847336860861748        1.5904226004745028        1.4026954303015953        1.5762664811726446        1.6467139585180577        1.5738929208177759     
   6.3618689102306863E-002   3.4771469346848898E-003   1.9181071919159954E-002  0.27114973668172537        6.4246947860590098E-002   6.1708109162324318E-002   2.7367889413797544E-002   6.9548884986717546E-002  0.44429010735332436       0.33726255326872828       0.21182981601336012        4.3994195064127495E-002   5.6923108065701417E-002
   1.2618011808273826        1.6283789545924079        1.9062990541203146        1.5642416793920986        1.6059216925651667        1.4338010959745298        1.5596364461364418        1.4354164300425512        1.6179368398706198        1.5006308840380933        1.8555585736850329        1.9835405456876214        1.4081157121022969     
   7.9449040792813924E-002   4.4579242796060660E-003   2.4337479404223563E-002  0.30627826779776224        7.9169765122707181E-002   7.7008066908122175E-002   3.2440872932926954E-002   8.4571266752146199E-002  0.46897994065649545       0.36422505783879233       0.22922233006347917        5.4044997856913038E-002   7.1191100401734042E-002
   1.3370049593201914        1.7015124975113884        1.5853427094444683        1.6079534453685413        1.5236366019389689        1.4553112137232025        1.9583371508432603        1.6205403447822062        1.7325894128133550        1.4705047055675626        1.6086368822276897        1.5048677092763330        1.6498666279614640     
   9.4840771764066731E-002   5.5231490474574223E-003   2.9488482949665124E-002  0.33666112428148243        9.3350525281278032E-002   9.2769474133016713E-002   3.7568315717482467E-002   9.9884174455191058E-002  0.48983221391262122       0.38620428527930406       0.24563997818576450        6.3732177680834223E-002   8.5851260681013980E-002
   1.4820495456120883        2.0536797004775931        1.7449631938911270        1.6548887013966684        1.4408950831077985        1.4833562130892253        1.9435592323524524        1.4666066599519660        1.3593270993575186        1.4331068681126813        1.4656018767058514        1.6617606983512820        1.4613370155036247     
  0.11037848133324599        6.5727426868661008E-003   3.4424664435673998E-002  0.36359512955413537       0.10732002621019278       0.10901141293499170        4.2613556080433268E-002  0.11556141703460983       0.50911787972209388       0.40462893983567827       0.25818905329279535        7.3749756052886639E-002  0.10070724053967935     
   1.3224508298337883        1.7068921693357424        1.3967560298900528        1.2242548986422330        1.5736057472937728        1.4962834724490068        1.7531946475278379        1.4321572136309721        1.4574070771945158        1.2389291839921197        1.5710096405154388        1.5289533585277535        1.2388371525604998     
  0.12613706546595668        7.6977309067901142E-003   3.9673033149128081E-002  0.38803464782479458       0.12138364535109036       0.12489769255410627        4.7499580534437612E-002  0.13039696695043432       0.52747908182498238       0.42089580633156082       0.27126491624259524        8.4282757812617667E-002  0.11529688310195954     
   1.3981198324298827        2.0507591224616961        1.4411142554857956        1.4881263290187665        1.3609535484801532        1.4500890986508643        1.6886154542148779        1.4499813779495767        1.6798302135915248        1.4109567545187605        1.7114974681105410        1.3822099971918240        1.4122181714585840     
  0.14182776190295177        8.9109989849466380E-003   4.5276836882225377E-002  0.40983818932119531       0.13564307766263128       0.14025165819342217        5.3066227007554728E-002  0.14700246719647034       0.54402145341170738       0.43552774497030550       0.28224963778728501        9.5287389659048274E-002  0.12967783060519331     
   1.5729346906657229        1.4633706738203451        1.1427271728264341        1.7191859042306665        1.4467875870540119        1.6817373237588886        1.5171886697334120        1.5916587046200705        1.4730864065444924        1.5494457657883318        1.5074547446623199        1.7141754341134603        1.3554007822054259     
  0.15807875432039356        1.0266945462894965E-002   5.0982726918330577E-002  0.42975129759147107       0.14983627549797846       0.15596723999826037        5.8205282625764153E-002  0.16321520959328878       0.55886247411412115       0.44911631755578701       0.29285310862528802       0.10690803266783583       0.14259893741749616     
   1.4706814917097910        1.2971740156050910        1.3227686649127457        1.2751747262424193        1.3255424719284536        1.3554772528463386        1.5607309178712456        1.8682194553457532        1.1325283417633596        1.2044843785673471        1.3083935455646023        1.8677927844291238        1.2403855154913461     
  0.17453932887407880        1.1700627290852760E-002   5.6748359968371041E-002  0.44953492566850722       0.16381329199411968       0.17100700488090492        6.3501333251086811E-002  0.17910996465037249       0.57296216481070605       0.46240876017220439       0.30507468731790316       0.11894461034979735       0.15752200206539924     
   1.5928410061853910        1.4592720139434323        1.4252645847990457        1.5429990186885287        1.5517143038113987        1.3215710528923461        1.4688449691389149        1.3751651301952359        1.4542061192788103        1.4363301206065360        1.5065784473719159        1.6806388630238216        1.2669665175427620     
  0.19055191041800940        1.3334683850888455E-002   6.2570211067729586E-002  0.46854971693291264       0.17894428640975840       0.18637461686705104        6.8943298174286918E-002  0.19472336267284121       0.58685885379913383       0.47561241389724246       0.31670030914802366       0.13126238952171745       0.17412463729499900     
   1.4366636047212982        1.6170160898040222        1.4164209433694832        1.5968236039378862        1.3473378956327724        1.6276172723838860        1.5515968904968671        1.5256041760262999        1.4851955976645237        1.6261573757462802        1.4969417562673202        1.7821105220467062        1.3661384935719270     
  0.20593435531888621        1.5051780405954084E-002   6.8551303748153478E-002  0.48660351363204823       0.19417266758147064       0.20166070158132587        7.4445169027503949E-002  0.21113756585224064       0.60046415616581406       0.48797392386184429       0.32900052438425076       0.14358101934723411       0.19135855469288973     
   1.5206524841791746        1.5423349569790883        1.2711068618615826        1.2631882005888204        1.4727548148871097        1.3624435384063531        1.3656020771195139        1.4377311171469183        1.2398198447999020        1.3298647052272319        1.4367888959192763        1.3540654588795933        1.5677864915070403     
  0.22050881660288277        1.6819376399499979E-002   7.5233083781164056E-002  0.50399911390368757       0.20979663759387773       0.21734475227183114        8.0235033103846498E-002  0.22729205012566453       0.61312975510094914       0.49980878356917879       0.34156321045658350       0.15593561785920043       0.20865279754392710     
   1.7732319442056073        1.3032766642912514        1.3373067167119981        1.3977600943546762        1.3742531573269356        1.4137445569554246        1.3959068865356059        1.3648491657548909        1.4683093141010821        1.4810879940664716        1.4991312002611001        1.3547431262637901        1.4299330865083142     
  0.23525573873548655        1.8603662510897481E-002   8.2671721705340012E-002  0.52096890798928042       0.22495533533670045       0.23342457848013642        8.6554866567389088E-002  0.24348824086444396       0.62455550821086936       0.51148761030750989       0.35458387619053738       0.16857788148867009       0.22527536597039405     
   1.6972597356953703        1.2848225805854760        1.6555188935047758        1.4453855623230312        1.2638433304643699        1.3150881633745211        1.5614187640297856        1.3529922250690285        1.2672905740724787        1.4370903480961210        1.5502729377085909        1.5511663363294290        1.3349281213869806     
  0.25144762321660308        2.0389723643324063E-002   9.0544739977080999E-002  0.53692364848116780       0.23963158598445339       0.24952117413460179        9.3402499309598541E-002  0.25892675602903242       0.63533546275873720       0.52308399343487166       0.36825333010522066       0.18175688190200162       0.24382511928511466     
   1.4720536389012981        1.5209592629968756        1.3437959093392851        1.5111892580896715        1.4058651019612209        1.6085243286968680        1.8210847897362261        1.4532650316736220        1.3121221902069560        1.3197471490301371        1.3685759274247014        1.3582236925741065        1.3589007716883617     
  0.26820977810515023        2.2403602724004486E-002   9.8619035494806995E-002  0.55218138679251483       0.25458865876846021       0.26567663665419911       0.10040119899220362       0.27507640273561657       0.64573792662095497       0.53433416665849276       0.38220808357711578       0.19613803393216064       0.26108286558625254     
   1.5273213583930974        1.3042173749857573        1.4340687902110809        1.6830229519731659        1.6365334191023229        1.5203734666608115        1.2674675278359131        1.2306849228282737        1.3481190707264616        1.2708683733213890        1.7219158316104597        1.6355243840238378        1.3411048059149588     
  0.28484354186682392        2.4582260883688901E-002  0.10656680312537355       0.56762291464982684       0.26999107330337291       0.28167837360484027       0.10683541705875944       0.29166730146988123       0.65619166503286452       0.54490137791998994       0.39625660053507816       0.21113367052246179       0.27836649917325129     
   1.4453826317216176        1.4413348536982795        1.3515095683510345        1.4730328838356661        1.3862238967282645        1.4201765834684732        1.1778732521478363        1.3094330943925068        1.3219521370090821        1.8374222156875006        1.5000195098955138        1.7299838272130608        1.5567386587241787     
  0.30108482158567590        2.6926470241574626E-002  0.11473158436404890       0.58282042844944515       0.28583433234020333       0.29704563797976558       0.11329726988817650       0.30919761410287966       0.66667841495901492       0.55503951272143859       0.40975481167950262       0.22630187118895725       0.29437086763731590     
   1.3849088143108583        1.6316096488752463        1.4622993735161944        1.4881541464062886        1.4478730229187491        1.3551211731461716        1.2678032039384766        1.3746503189373032        1.4065194232919398        1.5760437889568271        1.2879979970551241        1.5943252097158191        1.3791478567760302     
  0.31655245789803649        2.9495598485508954E-002  0.12369846119777173       0.59681075020419583       0.30180706957177078       0.31162646103481462       0.12007784904731980       0.32696024608552865       0.67633893745346396       0.56428080797989999       0.42287709992152467       0.24157042889424923       0.31218485573940502     
   1.4303488795001944        1.7187028652811405        1.4856229364475111        1.4131802194364160        1.5222940278126387        1.3011022079558368        1.3498465337669159        1.3860684072302683        1.3557620068806755        1.5008403375238530        1.5647008196102143        1.4438552709198307        1.5101088778958087     
  0.33100558562462840        3.2124410850517628E-002  0.13335352569467274       0.61009840335191878       0.31836809386143522       0.32639963619105505       0.12716345517186925       0.34411775458016036       0.68534854195426376       0.57321668414410210       0.43526308432114741       0.25738780001311201       0.33045529074158125     
   1.3360262989698786        1.3995053413842167        1.4467753097830858        1.4939409320449071        1.3365987348140433        1.4064116820291119        1.6015715369762265        1.5614006658436459        1.2317473948673534        1.4047391984212669        1.5356725029724323        1.6358198537636413        1.6368277349058487     
  0.34544917014090115        3.4889063495112942E-002  0.14341888109398757       0.62352530789296490       0.33556362395371320       0.34224251502770081       0.13448495212003012       0.36070630681003579       0.69437267407379311       0.58244526251479978       0.44656651397704922       0.27360697460155475       0.34580900196400272     
   1.3599629958487975        1.3934001933926619        1.3291224667052950        1.4611122717154792        1.4796889517119030        1.3559586646047819        1.3981724141512326        1.6026639033374557        1.4915724699240953        1.2436095769536477        1.2348789068999995        1.3200289374926126        1.4586043286318695     
  0.36122712822466385        3.7815038856391772E-002  0.15386844491828833       0.63700938268623430       0.35294523588330001       0.35901801139825629       0.14196313511338282       0.37615160850403823       0.70323594474144258       0.59174703578056698       0.45817292444688990       0.29017034089588756       0.36034269739782987     
   1.4160970762009557        1.3130847922733695        1.4808054081755215        1.3403388106681582        1.9218563678638363        1.4965071420259561        1.4384942074762479        1.6115057086055324        1.5474566967127081        1.8244858019335237        1.5545241439727762        1.6960268406666839        1.3950643142335901     
  0.37578013082191197        4.0921188321615037E-002  0.16497200667625109       0.65020282080589542       0.37010420204361727       0.37651146584996326       0.14981795300110154       0.39063273385758834       0.71243728878427670       0.59980255062092969       0.47025499356948847       0.30739173558748456       0.37659129464424573     
   1.4031512550377867        1.2098747212542726        1.5946838373731049        1.6235430133212390        1.4807022270141990        1.7455201394899853        1.4326718780306904        1.4114572719543337        1.2583101289019691        1.2550792219343501        1.1865717077034563        1.3497203524463479        1.3615284236474872     
  0.38822682318876095        4.4184458635208292E-002  0.17650404448152190       0.66298077531660915       0.38652816155511771       0.39414754046186218       0.15816202993848724       0.40556834376389278       0.72155831667733150       0.60749938901750900       0.48337816660329153       0.32455261803916319       0.39254789260948808     
   1.5250992707392996        1.6815398808660789        1.4399734431763223        1.8955118274305509        1.2494594209484484        1.6265939722758009        1.4474707165345522        1.4789560396674157        1.4425655050179707        1.4006253164143210        1.4932240228292253        1.4937256321692567        1.4187421948342087     
  0.40220196578692846        4.7627153011555082E-002  0.18800352143922275       0.67558572095937630       0.40247545248014827       0.41157943090954907       0.16703072246501313       0.42108167261792845       0.73033831367192525       0.61518353510142820       0.49723013425946122       0.34173441554466882       0.40887967707652767     
   1.3235234206858368        1.2741656400372268        1.2657031522700561        1.5188632753986195        1.5920959256834981        1.4360631955811143        1.3425949936595791        1.2884970561075011        1.4049909577265653        1.2670299371159379        1.3372035791832968        1.5984192812656199        1.4691095824775611     
  0.41804466080217378        5.1250812486063044E-002  0.19972187136904823       0.68849296125247916       0.41844084802665693       0.42883162666582797       0.17613333930622838       0.43603124304482266       0.73865844830258676       0.62328812584682769       0.51104364328194163       0.35898231010607473       0.42494259179140637     
   1.5395567738776523        1.2543307362209142        1.4159016426107554        1.4412411324591894        1.4249857076125876        1.5020301326040624        1.5647733978985090        1.4381750264283226        1.6641126030023923        1.3835337276001058        1.2949518064234113        1.2370337152735125        1.7693205759848096     
  0.43437053875425519        5.5057295793060138E-002  0.21176930621696979       0.70141600926541536       0.43491116137501629       0.44509634612583038       0.18530452883113646       0.45074038814567902       0.74682872443002091       0.63209541163909799       0.52474493761666330       0.37647571370310451       0.43908946149323780     
   1.5151316757838045        1.3353643129836184        1.3053531830514340        1.5278780015850955        1.2523942230599641        1.2681915745642751        1.2998695569520025        1.5311716347679472        1.4544275352071856        1.6258815854792377        1.6716560687294086        1.5381065410065047        1.2551159164190338     
  0.45129014321498795        5.9065569083712001E-002  0.22430877750831910       0.71332835934146144       0.45190067239868820       0.46074168352559358       0.19436435430422749       0.46644964242836273       0.75454444597018955       0.64020404886255311       0.53822292827911988       0.39405197062262537       0.45339825673181294     
   1.4698184632574358        1.3484986231813267        1.2804466437981992        1.3654788517988461        1.4923417342371881        1.4453402635520576        1.3135413881787386        1.4643523268776115        1.3686435081504196        1.2587440957812759        1.4496484208173646        1.5884496472291560        1.4776146115066622     
  0.46823779480722433        6.3218684279190598E-002  0.23770280102655528       0.72410821458542785       0.46897055598719334       0.47623057605773950       0.20377953752827280       0.48294828623153147       0.76239733563556855       0.64776615365009194       0.55217450527992129       0.41149681183571329       0.46748581739806727     
   1.5184960918389918        1.4288774976475982        1.2477492384728996        1.5974902426452184        1.3218077385891962        1.3191693506741966        1.3434176197942174        1.3125983625814530        1.5378541741383989        1.3836178377745996        1.4753526652873707        1.3714551935867334        1.6078015475987379     
  0.48530369771039389        6.7504625408633792E-002  0.25237919275908471       0.73468249692278498       0.48547220955004311       0.49162488933730519       0.21380273152561294       0.49952809784075980       0.76958342305199323       0.65546714914188930       0.56668830614158472       0.42884881346532150       0.48151593011670546     
   1.7740904333957228        1.4114491954483943        1.3416835652768331        1.4242427949906722        1.5988068700820797        1.5225180800122335        1.4154406398376886        1.3716739624446137        1.2638295260718602        1.6220117184536178        1.6565305019785035        1.5752168874632251        1.6123690532086010     
  0.50210403595820641        7.2263454150252399E-002  0.26762081000472088       0.74476813506995510       0.50137326233407142       0.50788287899732298       0.22390600363333471       0.51648251801763445       0.77665229179977258       0.66313019862284750       0.58171925304861571       0.44583004956201761       0.49599783986166601     
   1.2724998284549267        1.3872062931357627        1.3771368868181464        1.2441471030159283        1.3585803818145314        1.7701240160926475        1.3617196886120702        1.4664047724551679        1.3675330743589431        1.3020865239178143        1.3954744148953706        1.6077374959784503        1.7140882143213774     
  0.51789337959324910        7.7558038332468118E-002  0.28301092308157966       0.75461823596931055       0.51630338517328644       0.52461220652845408       0.23391980925461972       0.53168621477448119       0.78389559762514860       0.67096133761302856       0.59620000275654195       0.46239763228048225       0.51067061940878833     
   1.4025016267817842        1.6160051788394403        1.5657229274397357        1.6125354610477594        1.3675130059130463        1.8038445897454531        1.3006306129693899        1.3137782709295369        1.2456175039919593        1.4183302882898912        1.3318789832694382        1.3204351647604406        1.3922015219431512     
  0.53376467040045772        8.3298682901755142E-002  0.29853701907316954       0.76337959032990055       0.53166937651376700       0.54076921496577479       0.24375469421732207       0.54567510012449372       0.79113830467243706       0.67870031976148637       0.60958103206306169       0.47903964883438988       0.52442829712543637     
   1.3969297167327301        1.4686941057222243        1.2568533834000108        1.1861715293350710        1.5147883716477732        1.2903745714934023        1.3843860089280555        1.3864498521285404        1.2989557325081926        1.4246720484185253        1.3827888704813638        1.5470921077111490        1.5120872352346622     
  0.54959815673352674        8.9456708338607901E-002  0.31453638286055313       0.77245958338923149       0.54765829225477891       0.55581425393983619       0.25450045078389605       0.55972733576677658       0.79882939303170331       0.68609144151122670       0.62238928007579153       0.49646450181376611       0.53814389658285289     
   1.5446269637482832        1.4950945666233746        1.3140734198394508        1.3668877262457282        1.1364207111997529        1.3423846083697120        1.3220073159284971        1.4585915399399398        1.1937889815554830        1.4483967540508533        1.2680169078622145        1.3088228438362508        1.4877819842312152     
  0.56549942669763742        9.5850749552199230E-002  0.33064113081987262       0.78145739894999289       0.56437395411937352       0.57011701425314720       0.26648147381846804       0.57433508635038466       0.80614969525059255       0.69306596026818668       0.63528783233632324       0.51439535699060512       0.55278395317334150     
   1.2934925305403926        1.2786479071831627        1.2932674112154190        1.4256415963637543        1.4326933419547914        1.9353651033174963        1.3718786422342379        1.6214403857244335        1.4340044470096838        1.6370307110555475        1.4505583623188829        1.3812662845672976        1.5524782096579759     
  0.58091459727819728       0.10248466809056639       0.34729783797729036       0.79056076043109125       0.58057798492277279       0.58414514529427564       0.27891373379117623       0.58839041232871947       0.81292973084379350       0.69990296462590318       0.64819727720620346       0.53118146598898297       0.56811755452585955     
   1.4800359189479122        1.3855851335398166        1.7977512568580836        1.2531836388860316        1.6495919199007998        1.2938852370505931        1.2144604434546713        1.5939266959749028        1.3202859788624015        1.3982111915767019        1.5063443366477087        1.5361092088966086        1.5475597072241247     
  0.59689430693750978       0.10943628881857541       0.36454354595839616       0.79929161653553449       0.59701558199658622       0.59905721885117447       0.29198753389123555       0.60315482397390663       0.81986541634760046       0.70668417551293239       0.66096401046452569       0.54713638922952612       0.58415788553257719     
   1.4929574100092178        1.2348700084718331        1.5141478407483497        1.4867212976477062        1.4795508724834909        1.3804522271083173        1.2269737245678007        1.3702290828689898        1.4010076219043845        1.7686609273332470        1.3056810287938065        1.6097324163398825        1.3034485914145943     
  0.61341657909248593       0.11679279991493904       0.38230852859139347       0.80795471742692793       0.61173609484211422       0.61425709139649698       0.30504996218599001       0.61731385342096201       0.82564263225781687       0.71345191199128788       0.67376057969742775       0.56294056033659656       0.60086244868216510     
   1.5066150574611301        1.2229059782550848        1.3787228826390288        1.4394455896188545        1.2089323116055479        1.3439578774400305        1.1625767475027176        1.3267831384497422        1.3725867318762823        1.9581680730307029        1.3052295573220325        1.6407209268487846        1.6013597244702491     
  0.62976597019785086       0.12457491798263004       0.39936453235073216       0.81658490662883298       0.62674469804814659       0.62874049778900576       0.31853086181246870       0.63182765051685141       0.83196782827834470       0.72007674063185834       0.68642527228781935       0.57866892262147518       0.61756048239026562     
   1.3236608985634719        1.4636982749091489        1.3776003133744081        1.3569176316165075        1.4807897954633360        1.3571192777969177        1.3480676879389633        1.3641105115786667        1.2481844014464007        1.2644184764091584        1.3358472854836350        1.2856437617840928        1.5238374427638270     
  0.64559517118785470       0.13296873197834644       0.41633249942397910       0.82541098552880321       0.64160083322441974       0.64293718474353967       0.33255324991333551       0.64688212733744388       0.83845845584023593       0.72657259167312704       0.69912017069785304       0.59499892058683934       0.63380916277005306     
   1.3858542810102061        1.3667830532477583        1.2374632370089926        1.5425563465680370        1.3072475857292287        1.4195193766486929        1.3156986056921103        1.6005652100256440        1.3462850880226243        1.4001604992951691        1.3984601832787735        1.2117804210953034        1.5154911201580308     
  0.66129024275130144       0.14199978064845967       0.43316981982981029       0.83418148596022768       0.65621999510226592       0.65766190229113786       0.34782848532000044       0.66131571069432993       0.84513214691546934       0.73323194980031470       0.71106727989918961       0.61121565240163067       0.64964339291329143     
   1.3220836603834767        1.3666050273185835        1.3490759115040170        1.4453749614306806        1.4955300813979604        1.6479018965423253        1.5648299583973988        1.4010669200334649        1.4259688405525610        1.8061412722370651        1.4384307597970991        1.3126761003859213        1.4392259961956284     
  0.67743899367890803       0.15164584981157403       0.45123090593035431       0.84267849535111516       0.67073961715065233       0.67260775060747868       0.36377490516472055       0.67547963512159193       0.85151142415104875       0.73997202202223722       0.72370929906735593       0.62687947701009739       0.66556311882719144     
   1.3442122507202705        1.2935859724423024        1.5621813002563112        1.5491440963673153        1.5397502646878767        1.4077862535676935        1.3299379694081845        1.5144874617566004        1.1840157520759460        1.5370909223500155        1.3525398373230570        1.3055910804500843        1.5420785947928632     
  0.69353538536421300       0.16181882034841605       0.47022413122615014       0.85080085758309576       0.68536705602760750       0.68742694098927370       0.38059026094039178       0.68942861592433102       0.85776145065923581       0.74689396816963460       0.73647707179977218       0.64221503602337404       0.68167704032523535     
   1.4362069906978348        1.4263068661307623        1.3202630800236606        1.3813980313606797        1.3683162041251233        1.4407618413899344        1.3425295271909159        1.4185900844010020        1.3431889591387622        1.4757332399670449        1.2577076005953740        1.4609073930194578        1.3663787468026591     
  0.70962408272088473       0.17287564313460199       0.49078326731532107       0.85887514042454760       0.70055250380959455       0.70251558258063707       0.39809804524223913       0.70428350247719407       0.86397554619178241       0.75394180809880140       0.74886991297930439       0.65775889472821514       0.69832313245773281     
   1.3512143126024643        1.2701172746863982        1.2786468341297601        1.5299395041395139        1.4293570502808617        1.5163479238185760        1.3132496291692108        1.6538525132430537        1.3674444210898575        1.5890768955301589        1.3813161951819890        1.3798833990270107        1.2414149416881044     
  0.72562778116535864       0.18522463959900468       0.51308014782422973       0.86689602690833112       0.71630800438560582       0.71816987807711041       0.41582745324955417       0.71929029780327869       0.87020876677054049       0.76076299166882455       0.76064356457599780       0.67310498068249303       0.71556008780575586     
   1.5125143287691867        1.4249390033450855        1.6323175482394063        1.4140848563427728        1.2930804845925856        1.4005938137975829        1.4677877175989218        1.3724211903582728        1.3449210800074973        1.5396476889520778        1.3258014469169883        1.4463649740529594        1.5461239858258298     
  0.74058333070387172       0.19897553703713461       0.53575894525181678       0.87425707386034157       0.73204702710337044       0.73409873751856813       0.43389170329740340       0.73384442117076876       0.87638115977375564       0.76742729635688989       0.77246182610193315       0.68865283586588666       0.73270234875441098     
   1.5329500272721752        1.2427673019667047        1.5034458897737928        1.3275491786963642        1.3744772571404686        1.4669610031697187        1.4768883186246364        1.3550791481677107        1.2718617496831124        1.5568459933909542        1.4040452160935648        1.5910145136504399        1.2606620012304415     
  0.75467155887460058       0.21433994376087195       0.55862242160932707       0.88118560890982733       0.74791676973080345       0.75011796630927596       0.45270045836196798       0.74863775747459527       0.88233884432215126       0.77412888578267858       0.78439306891280836       0.70461277667077882       0.74941204653428239     
   1.4724075449022351        1.3144973102745034        1.5226826956928210        1.5156006426229778        1.4130718310480628        1.2450593201036932        1.2717122132305478        1.4248422980258129        1.3453582490418743        1.5771184902253814        1.4000388697818826        1.2470756203857998        1.2655392503263678     
  0.76894499068345601       0.23105904761810636       0.58010570929192318       0.88845497255193573       0.76397039165738234       0.76655319399632404       0.47236027058004976       0.76438998180989626       0.88840507687083148       0.78110601334741481       0.79695464771895741       0.72140267848965633       0.76558605430274218     
   1.3789954922169101        1.3288352503693863        1.3452288698602766        1.1478884397085705        1.3841733462992878        1.3655253931438822        1.3279702159337390        1.3490040294947201        1.3756442434929197        1.6138214795580710        1.3387506915335248        1.2997609675265611        1.3495911777880791     
  0.78363749995666576       0.24811034809989102       0.60227691736445155       0.89572833527628293       0.78049797233652596       0.78196976575953248       0.49367489013121768       0.77961106323500662       0.89463025016821829       0.78786199691361780       0.80964408526060239       0.73937620656244762       0.78077465546936065     
   1.2079159846619385        1.2706238663923082        1.4250115595601760        1.3543193698606186        1.5530375271609040        1.5366886168065077        1.3002632100967799        1.3516678817065340        1.3974797651690385        1.5981051208920551        1.4300740943853913        1.2380449507500202        1.6386101562163895     
  0.79915531705344067       0.26716160061530475       0.62673938029473131       0.90254935245480983       0.79584330665250291       0.79626666017968761       0.51614072303961911       0.79516616466991008       0.90100878789255290       0.79472672791452093       0.82206457733715588       0.75827435379769925       0.79709873750205962     
   1.3359485270317590        1.3401714465231451        1.5918183971332047        1.2242922916315975        1.5131822014340266        1.4469290661426901        1.3379544450136189        1.3642278450572856        1.8116394069941562        1.5153283881762556        1.3551962764602756        1.5078274829723779        1.5066354363933505     
  0.81516247240704998       0.28756950489477900       0.65335006082556013       0.90921131037130154       0.81108811702047390       0.81060812345070921       0.53841534984732731       0.81040749237998200       0.90718758691859924       0.80180926796790108       0.83433413403632861       0.77863158709676317       0.81596391565619286     
   1.5989826797372682        1.2500108621910309        1.4057972069576714        1.3712521753554292        1.5678266219601711        1.5059828455027289        1.3698239176369917        1.6662009449074902        1.5395573867101910        1.3405695189592470        1.3497452263327665        1.3589090892800719        1.6341042892045448     
  0.83147652729941757       0.31144667771515794       0.68022194872863340       0.91589565167012754       0.82676626555782817       0.82596352515640958       0.56135684133526575       0.82567244306106169       0.91285565212814312       0.80891683392407487       0.84684573852457667       0.79930409452039042       0.83485578886566381     
   1.3365595471773228        1.2803100841857922        1.3511997271371419        1.4339416603739057        1.3636768191113191        1.5574497395819027        1.3337741374256751        1.1766277483216541        1.6738359334521202        1.4042101536468141        1.4245557565093372        1.3418401044118367        1.6778065783129654     
  0.84785403031063655       0.33762352102317922       0.70936961342159044       0.92294111479293883       0.84302514622782021       0.84241705764314712       0.58583168635173888       0.84139508000376051       0.91841324387394097       0.81647846393768164       0.86016677444581502       0.81847054929020313       0.85270964601157140     
   1.4206855853561442        1.4250053615165670        1.6109347837562757        1.5462590326197136        1.5491155188148935        1.4552060197569296        1.3638422627711642        1.7583494629653946        1.4431219508212305        1.4193638379673117        1.4484109987029916        1.3299297612131991        1.5582990036639157     
  0.86423793223077228       0.36714635920270483       0.73907390726610456       0.93049579235972657       0.85948923565840907       0.85786396463980941       0.61258421333854851       0.85742137664115392       0.92411292531195599       0.82506902169690766       0.87436685081415821       0.83659412331274663       0.86943020419929373     
   1.6876665697666167        1.2642004034704855        1.4229859717276159        1.3696705628970103        1.6411245109557835        1.4932099969491961        1.3900827732796264        1.5646085826168783        1.6838573716279348        1.3176932903189598        1.5319202027166765        1.1536891454100315        1.4235916717205819     
  0.88068343075019972       0.39836254507991720       0.76783718882273011       0.93829424944103013       0.87545963417782269       0.87241328638658078       0.64129896401370878       0.87327058924573631       0.92972705938537337       0.83362868235655507       0.88873341977190501       0.85542163008606364       0.88461166365998245     
   1.5493171238686758        1.4097825883086090        1.3746407760965411        1.4371387009116796        1.4011356109419191        1.2584489840984252        1.2178248047970313        1.4158302350818615        1.9108456420715492        1.4707667021991926        1.4373396561767713        1.4196980008988038        1.4765791409827194     
  0.89724433111309332       0.43182985001256496       0.79758602702784465       0.94610736013933128       0.89035402392559415       0.88729399435430356       0.67231578282941307       0.88938163140162463       0.93525220732492897       0.84261375636261715       0.90202628168175814       0.87330729625517312       0.89912695692755706     
   1.4581260841611379        1.5079013291429242        1.4177805278581639        1.5330123611662672        1.4782245708851587        1.3704630838886114        1.5923578195168957        1.3914893759797984        1.3644858920573417        1.4459688124576813        1.3730008223417827        1.3195847867669084        1.5102762714914906     
  0.91357946222332220       0.47304650860613506       0.82935353498753328       0.95406696819984260       0.90582315874748698       0.90309478290168177       0.70482707654821508       0.90522564987663512       0.94275623362017602       0.85153751568154001       0.91528085339485343       0.89076727115284859       0.91306434108944223     
   1.5444265663125014        1.5366887728043788        1.7188341488151344        1.4703240114452936        1.7364468440772749        1.5672251781214190        2.0032926360014476        1.4352423010230824        2.0764761113576560        1.3805470784031828        1.5107138421044133        1.1978013377220851        1.2569103893210753     
  0.92898977382361181       0.52710273053372780       0.86107578846003896       0.96224398146512824       0.92223516682382600       0.91934134385826893       0.73818802357221736       0.92154246877446455       0.95030522054064626       0.86193988859647452       0.92876351862523754       0.90885638017483894       0.92707921082892986     
   1.3639850926045674        1.6944418215631307        1.6067139681932674        1.2408191746123898        1.4885955559258521        1.6217380738391372        1.3804906542389517        1.4285298576743100        1.6912783034177312        1.4217326207648515        1.4446519490681791        1.1754601824085469        1.4915020491768030     
  0.94416795138436749       0.58757553602014856       0.89227728060611888       0.97018914198322914       0.93874654940744906       0.93695330705006974       0.77368330737683899       0.93826471922781740       0.95763408821375451       0.87314788271764687       0.94180001558016779       0.92696433713980309       0.94176109475837655     
   1.6545133199518818        1.6366168954516251        1.5351383220847175        1.7748305978613776        1.4947112811417917        1.5572552274681706        1.2423462513569303        1.3497359385111698        1.7842647677575429        1.5723140910384452        1.5516424422738369        1.3039498638433813        1.3264909660184552     
  0.95939704183072494       0.66004756528143604       0.92154120896353831       0.97793315378751167       0.95466541245032177       0.95098375455703310       0.81287102966818070       0.95424296955080201       0.96516606162030905       0.88675123550755142       0.95504612705132974       0.94658658258103912       0.95635558541543608     
   1.4779328556793985        1.4705849027129403        1.4598261436218887        1.4428295422782178        1.4375873160896848        1.2686048667022904        1.3283918376092481        1.4592400877434788        1.5952594292897679        1.4352528304932564        1.5517551216998999        1.1694514359119224        1.3736944838122354     
  0.97435862906749471       0.74557800222553194       0.94883608267062713       0.98547828754071798       0.96950428160413260       0.96592618210784265       0.85859627927834448       0.96960813727123374       0.97359953560990864       0.90375562654837127       0.96842249720274454       0.96546657845099948       0.97079445920584484     
   1.3194122645570669        1.5432755126932871        1.4069487489563064        1.3725261999096907        1.2650461761882104        1.5531639502919521        1.3682034442496056        1.4139465792562664        1.6266941092157827        1.5443914693900396        1.7049501921340129        1.3436751920792396        1.5045554366311955     
  0.98735058510373597       0.85428236466483576       0.97355811042972107       0.99277941937887593       0.98492655270025464       0.98359286913320820       0.91984833869399141       0.98487655994494738       0.98423851954193042       0.93540848985930092       0.98436270782492052       0.98282882157318918       0.98525429726826752     
   1.5371542652234966        1.4882766718900120        1.5747197363898930        1.3186521178569204        1.6492807780346534        1.5347631622093498        1.5624531544239746        1.3331779766194416        1.8134966566693198        1.5690557367374895        1.4699734859580562        1.2481630140737192        1.3963608777833332     
   1.0000000000000000        1.0000000000000000        1.0000000000000000        1.0000000000000000        1.0000000000000000        1.0000000000000000        1.0000000000000000        1.0000000000000000        1.0000000000000000        1.0000000000000000        1.0000000000000000        1.0000000000000000        1.0000000000000000     
   1.6181007174842976        1.4989584851586815        1.5491434739564260        1.4879554987400421        1.3273909581705705        1.4328472951543541        1.3265581195468312        1.6763794221388211        1.4558092632806701        1.2446921542683282        1.3744780704881256        1.1538312676469027        1.5714404682256533     
   6.3692237413102983        17.719391652003466        6.0374171804876076        11.257099063095598        9.0041395485712243        8.3623212217295766      -0.90181112723836088        3.9228396450662606        7.2581933358769968       0.72176118486464269        5.6101357902014781        18.387945815863958        9.9932769536553554     
   12.406034611176283       -3.5244023373058262        6.9906117740813398        5.6524563953403719        13.984552978236495        9.7483008953274428        11.530848262753526        5.6399041549582698        6.2063016325720337        6.2945928839076632        5.5909937977748339        5.0410731693063928        2.3217197182015630     
   9.1052237143418964       -1.7010191807249884        6.5742113428882005        9.2418050860777328        4.9885599983023603        1.0052556871807372        1.2700139526354737        9.0519214885996639        2.1893394105027673        7.3620525651050821        13.178249184815819        6.9820464728420752        11.973193246013862     
   2.5723925713788494        1.6943003466295070        12.399714017270830        7.0205434364389214        3.7392468345699004        8.1399973334497915        13.056287901035219        9.8264191440492681        6.4131252855006862        1.4831025885287121        10.429261722173635        11.092641473955638        9.2283900176115594     
   9.4349394878367523      -0.54423724156352993        6.8917413964074266        5.5925004628628745        10.271889669796854        11.772780491684028        10.206352226053921        13.561863289235527        5.4701407514417477        6.1236910486949059        4.3727874513944132        10.547675821551419        10.460453204468383     
   10.166119684952102        2.9956126865832724        11.404956749468798        9.3767488082428727        5.5889017808737336        4.7868417852256488        12.256812887883802        11.266173411610756        3.4421833586527959        12.268119086299155        10.242372221476153        7.8620574346581584      -0.14137633002854316     
   12.122594766963617       0.77590677805062336        11.298414646462792        2.5487353075106176        5.8375751295702631        14.609014971864504        14.597377060081657        7.2001363439816108        9.6627327236878404        8.8754300562328279        4.7970395040777145        3.7957386152788941        9.6334742433484344     
   5.1224028230776604        6.8644522750702661        20.250810252784945        15.575786904565637        9.0752818151728469        8.6606075370344122        10.417290599584724        4.4358396583285771        19.081796544980129        5.8011203157449742        12.412545162943717        9.6803969131821539        10.137597212182488     
   8.6714064489448521     
           1           1           1           1           1           1           1           1           1           1           1           1           1
   1.9437383943183941       0.67796180533302530       -4.4587064777779090E-003   9.5368070723033114        6.2382874912276620E-002   9.6022949436942175E-005
   1.8869018430980572E-002   1.7748315276857864E-002   4.2395301534417481E-003  0.21529884643710645        4.2343745026421475E-003   5.9954280082978924E-006
   8.4136175191443282E-003   7.7691523990642581     
