   0.0000000000000000        0.0000000000000000        0.0000000000000000        0.0000000000000000        0.0000000000000000        0.0000000000000000        0.0000000000000000        0.0000000000000000        0.0000000000000000        0.0000000000000000        0.0000000000000000        0.0000000000000000        0.0000000000000000     
  0.19024741444441809       0.25819496481602267        2.2479363535847833E-003   3.4852971077703947E-003   1.3339095284049047E-002   1.5967402137047108E-002   1.3218608264674836E-002   1.3085596126411345E-002  0.45387362129048658       0.15836321856082344        9.1747860297535025E-002   2.0217035849483575E-002   1.5536393481125952E-002
  0.75882997013661835       0.66285524508539195       0.78139803252090034       0.61708659799871224       0.76700690542700278       0.84614532262991604       0.70276031589048482       0.62056561820368761       0.57593171547371891       0.56462698317119886       0.57631273159065843       0.80646811518701433       0.78161760540659386     
  0.26842510589203378       0.37248112036060493        4.6020650439090602E-003   7.2447305567617968E-003   2.7650214358451896E-002   3.2869327185620772E-002   2.6652160337498877E-002   2.6173124845088269E-002  0.62374155071401260       0.22852802029783575       0.14923658688411318        3.5105073094234940E-002   3.0570049413659046E-002
  0.66171620645959139       0.72437999489391769        1.0566943561428093       0.76222670377624246       0.61020750680036273       0.88871895162476577       0.75681869737675356       0.55828349687668100       0.76226077530859115       0.61095684101046110       0.79452539108813813       0.97477014524805694       0.75964283592592508     
  0.32001713037061930       0.42862295304329268        7.1021391886794570E-003   1.0977802659362849E-002   4.2417466283939713E-002   4.6223775005355974E-002   4.0806750756599293E-002   3.9698044542039131E-002  0.69707094260171032       0.26559524304567145       0.18544739676496599        4.8512847857028606E-002   4.6011215379405446E-002
  0.63152737774455991       0.77376113268025926       0.70065728580837172       0.70971834857252758       0.81897578915031377       0.70088101261801650       0.64318050156645412       0.68193762110224010       0.84076101322835861       0.79190119584798402       0.81968844827447240       0.69612930486494762       0.66432833961166582     
  0.36810305163339052       0.46715724097231603        9.8440606264292470E-003   1.4777296963588255E-002   5.6867501176025390E-002   5.9235124916652594E-002   5.6374685824394095E-002   5.4227918126288695E-002  0.73940371976992558       0.29187395464877419       0.21145510453568472        5.8656279644061407E-002   6.0919693519317822E-002
  0.61001825458361414       0.64243741402844834       0.81600408589140483       0.80536763517393173       0.62311011253259441       0.70827801964145476       0.73504961705637417       0.72495212522231001       0.73941405637361601       0.70190960100003441       0.77649639295384598       0.69459867240841278       0.73014778591192364     
  0.41281014519358822       0.49444184672741970        1.2846012307924662E-002   1.8483484148184699E-002   7.1490419895789054E-002   7.0834042827115862E-002   7.2681671547495080E-002   7.0602675701529227E-002  0.77204106340187495       0.31295268540826121       0.23199592164457511        7.1000240649992288E-002   7.5442917168081533E-002
  0.66820505731056712       0.54638914204848954       0.66570383876118910       0.82288083537130774       0.75136292427760831       0.66191313800152951       0.78131403571679559       0.75805892026526478       0.78418564940665847       0.77827390287849585       0.75097609559333256       0.82330589328229076       0.62366268426175031     
  0.45269010144175398       0.51418443806825587        1.5927742574372687E-002   2.2033130767262522E-002   8.6798009067133711E-002   8.2935651893708967E-002   8.8749061575314231E-002   8.6738629172053008E-002  0.79104492377713453       0.33225785060020074       0.24677925566042994        8.4111626156205377E-002   9.0413902454582945E-002
  0.69506723712496432       0.58724577964338287       0.67237207495175844       0.67462874363597380       0.72721604654202932       0.76288447882397137       0.68747925044562719       0.77233606451857617       0.72918291375766564       0.69366452960784175       0.77832838950704619       0.75626217348808544       0.74430517090239889     
  0.48908003769338299       0.54267761256992242        1.9011571686862253E-002   2.5783308411941906E-002  0.10556114292319434        9.6631517911475590E-002  0.10701593454406243       0.10025966296556427       0.80633739505766933       0.35002105790456328       0.25894150839564811        9.6065037455250704E-002  0.10573514483818693     
  0.89662223683882603       0.77092195737161162       0.72570608686693650       0.71920257680330080       0.82316812303940645       0.82023447144370121       0.75451403868447320       0.62636458574597842       0.86292862508968915       0.68193136110713803       0.73984812270615574       0.68091358040650884       0.77091089893043041     
  0.52146616520062805       0.56871672347565960        2.2266645746105426E-002   2.9997948880431259E-002  0.12577086115085412       0.11048927716111304       0.12621775743079136       0.11385239462276066       0.82080266456634365       0.36570074414571951       0.27082128802138983       0.10901311382240395       0.12188242565647614     
  0.78522943722081939       0.57697442319458181       0.79688999655405768       0.68760633947588923       0.75213517699471355       0.67964228778555358       0.79715663832936545       0.67301810255464944       0.66236700150438832       0.73062269697224957       0.88443208889144853       0.72911715445139424       0.82395185883882682     
  0.55190320325116904       0.59074816896352478        2.5924443392030889E-002   3.4886074507011228E-002  0.14444127322960210       0.12399067214482262       0.14377342151966407       0.12686715773210785       0.83419081134767659       0.37971226963341437       0.28207772085073052       0.12259030830086440       0.13887796016848350     
  0.73056441332003408       0.69276805942496111       0.67091758206993724       0.78361660699642133       0.70704575585253449       0.72232059583882391       0.81539982242873088       0.73495105846062558       0.82899303807085079       0.71069675773627639       0.91918487212977695       0.77833963416710605       0.73116229458196513     
  0.57784369544294356       0.61208033764829040        2.9895939440419832E-002   3.9869454061385992E-002  0.16252273481408805       0.13814451737954733       0.16033308722899151       0.13989331613844341       0.84562689825371073       0.39271216865036546       0.29065029252700214       0.13587025351723780       0.15505500123198374     
  0.72755046412177038       0.71566019473178977       0.75915796381241318       0.85274194897318301       0.72488788024725470       0.73014924115933688       0.68379004327085957       0.68062743303807416       0.72876336349481619       0.69737334811237606       0.64234814949471886       0.67135241795669953       0.67947994377589460     
  0.60138425070047641       0.63186476083404841        3.4090111445371371E-002   4.4946334843641154E-002  0.18080881701546836       0.15225568391319486       0.17681893179493044       0.15384181435406916       0.85682695756039728       0.40481599026788956       0.30066116087538208       0.15111182093685060       0.17014943823574755     
  0.89643842637761950       0.69601240921015417       0.69499183570823098       0.76418179326639180       0.85427607295376207       0.75223558415095337       0.78897567971414495       0.66926233433794668       0.77460520412601863       0.77676539873946226       0.73679073572545972       0.65589309145550267       0.65383005207970568     
  0.62201584160477863       0.65039729485385400        3.8655898437299385E-002   4.9722230052390348E-002  0.19723196069833968       0.16698786211789746       0.19235243945136707       0.16935312742954495       0.86698148784074536       0.41586731726938808       0.31063906884424636       0.16714729680862989       0.18555275267567847     
  0.78937302698730416       0.72033848151241708       0.76472446819097895       0.68763283501206851       0.77390206506065495       0.69986409771513303       0.78442533832029149       0.63855916061223694       0.71948825074372436       0.71321167516125328       0.64210209618323688       0.76301797978401931       0.75937824937543241     
  0.64072263660607631       0.66704748750010956        4.4203363903477552E-002   5.4622454657121823E-002  0.21170046031710077       0.18202479814282416       0.20906980007501783       0.18626751093620630       0.87577833757979984       0.42598833066115349       0.32178966612526311       0.18171090449078783       0.20026528013313516     
  0.70292561405467313       0.67823196609517256       0.86460021491452199       0.66889861488222424       0.80866339148693445       0.84732121823721096       0.69719908242004813       0.78252072186635369       0.66599498027973514       0.76727690196166398       0.68034096682811784       0.77618402893352290       0.77195368844514611     
  0.65787468536811733       0.68186791965177318        5.0130774203147196E-002   5.9782109124946997E-002  0.22573448403421989       0.19746813331191390       0.22604618529776019       0.20370352821617738       0.88381269022552389       0.43605870230552840       0.33385182741841463       0.19590667542695833       0.21519946713674265     
  0.81132331685562020       0.65645240811900807       0.77733906515281137       0.71818217678414886       0.65695404249715239       0.65568005118250994       0.73588030983890518       0.74427794450894014       0.68775171044025163       0.74094684018756296       0.66711939666300013       0.66617711856309492       0.61871545939896011     
  0.67457053273794954       0.69580055625000503        5.5770094173659780E-002   6.5088073023805121E-002  0.23919580004496549       0.21319783585241570       0.24283111195736040       0.22095091324001129       0.89134987296466195       0.44563697107033190       0.34600667023034792       0.21130961780672317       0.23240275410869179     
  0.75795155468955389       0.72993616814049556       0.73164459347331690       0.74521243046211860       0.72646907059930854       0.57421764226016070       0.73571564297052028       0.78483924982854647       0.70587696380673193       0.71647314865932787       0.83438439561222544       0.72403888232020619       0.65680534894095999     
  0.69002484137150033       0.71051730852859463        6.1467199289071899E-002   6.9962845991959732E-002  0.25437996092275195       0.22863687341139377       0.25772604045520203       0.23777628977734760       0.89828999126815623       0.45523406224797308       0.35818375353065590       0.22611573478379760       0.25143522132298429     
  0.78319061111559862       0.76938539596572719       0.66587106238741667       0.75010993861899566       0.81686909918480799       0.72997257851816499       0.87474599599082437       0.61712037559821353       0.63606216527094683       0.63938831436602894       0.73714548196580465       0.79457577106741195       0.67507731937627813     
  0.70561406997421028       0.72242740467706923        6.7702427196385043E-002   7.4779324362369767E-002  0.27090155828886764       0.24363182307471259       0.27176492208766290       0.25354256576393813       0.90455999881672844       0.46511462989614932       0.37070011255173069       0.24063807048524652       0.26843547675700880     
  0.71415302933051317       0.72149068977024056       0.73951947504848614       0.66578831505274327       0.70879983465622698       0.79676554063314309       0.66530912430792932       0.87295044423270296       0.62637826653023765       0.70674415253428302       0.79752394900609058       0.78237510531525423       0.74619131963820640     
  0.71928648637526194       0.73349346652862457        7.4532288672120223E-002   7.9367830105225690E-002  0.28853168018872422       0.25817148089693431       0.28515474845946742       0.27023026763891261       0.91018329287642330       0.47479635620046629       0.38399950195005467       0.25574266018876163       0.28470827910539775     
  0.80995081694795545       0.73672357602730953       0.80239914482244379       0.82709397738803037       0.66405745103559410       0.67127545612966977       0.71556750241649025       0.66807232991771814       0.80121061903282631       0.71133558373625827       0.91627497298514993       0.80134002111997005       0.81317298528474402     
  0.73342203885928603       0.74404912058862904        8.2437508548279220E-002   8.4385983021137562E-002  0.30455600479620187       0.27141885765938079       0.29810088006506658       0.28463890814007115       0.91530626181669850       0.48360421543355586       0.39798702314778966       0.27120991403182082       0.30214832475668774     
  0.76016061420370229       0.62709100795401340       0.70969149921185282       0.71773417141148643       0.83173429144912914       0.83621425763362889       0.67628020311889681       0.77921479511849001       0.64855217837110135       0.74635621184434953       0.75526402151719818       0.74213368242492261       0.70570356978799420     
  0.74536349551316339       0.75359919232790840        9.1046802081921216E-002   8.9720212172197861E-002  0.31970528789596458       0.28453013323883325       0.31176623400072340       0.30004372811300117       0.92002035634073387       0.49174967562885424       0.41180573287601535       0.28519658098092154       0.32020561152561511     
  0.75885275966096755       0.67879025479197774       0.71597206135763247       0.61108483574201222       0.71547054437805757       0.67210236472744578       0.75380210550962767       0.80922967970225068       0.68489942675504323       0.70252628261161509       0.78269753350080795       0.73631158433411192       0.73912030279289742     
  0.75669636195374235       0.76311430353861764        9.9768292996989139E-002   9.5005864537106868E-002  0.33334984515539223       0.29954986285679747       0.32636305810608335       0.31585677491793246       0.92446915985428824       0.49982313511861487       0.42511188320585552       0.30080138896448427       0.33825561858314274     
  0.76774966673555034       0.61770477545511537       0.68242310408493434       0.64116605396975368       0.76361857663237487       0.66751659362460647       0.63721821094789810       0.69269159964986726       0.72129324741838030       0.75999095915244375       0.63451282431976663       0.72303875573073895       0.78766271049477810     
  0.76601213957655123       0.77275828575911643       0.10882046926837022       0.10004778909558427       0.34798740607048634       0.31473295156840858       0.34194472853342034       0.33102500411148511       0.92890905672262747       0.50762208174768242       0.43769213180659960       0.31915768694239399       0.35656109214016901     
  0.62040764328713449       0.79017294689881790       0.64571665029643155       0.74684956939651059       0.63377544955238119       0.66403429144860548       0.67023341805727643       0.65083194276608880       0.58702704406844242       0.66157385464939422       0.86200073100052055       0.74497571045356403       0.74279412692543367     
  0.77553835541234606       0.78266704572033952       0.11803939202201881       0.10513422298072909       0.36211121476283131       0.32989502755418881       0.35678914004720563       0.34593233289270758       0.93310739873065718       0.51514766694819125       0.44856420611937509       0.33652280369122378       0.37468446821150753     
  0.65006306408117531       0.70851219214183214       0.71105655975315196       0.64457943764719405       0.63081156812564354       0.72856185294443954       0.76684050999671460       0.76870961941986438       0.79546831864321965       0.68556000337966227       0.70057729305867122       0.80594660470933543       0.69222638786832225     
  0.78331520539624322       0.79211987090908553       0.12773233775322507       0.11120305973991755       0.37736222899435107       0.34475404431304274       0.37112126132007345       0.36192402110185934       0.93669843327725799       0.52301783268110880       0.45873364678305356       0.35324551928046660       0.39155473193467177     
  0.64533587997991482       0.60665032129458618       0.70797168174857805       0.76354532194330371       0.62450529090043871       0.70375752347679155       0.68390962136696110       0.75998149540481397       0.58052575711031462       0.69221508681922472       0.67759083339665349       0.72339812558754413       0.77630366423499975     
  0.79201412099837198       0.80029127287389568       0.13808102958926638       0.11842319841141365       0.39392991167005820       0.35992566530784958       0.38611703720876217       0.37757576376044411       0.93982829398528789       0.53032380479248831       0.46906411520210639       0.37154343606405188       0.40571411585297973     
  0.75521517578669251       0.64172816421795054       0.76902433841082962       0.73625520883147677       0.92433889400082869       0.71184701529387329       0.72044377676351279       0.70974229834759917       0.63288331540328058       0.73557392933090959       0.64480065482146554       0.71754667468784916       0.71490234781739037     
  0.80151116189705862       0.80809416422238900       0.14911975965211741       0.12387659218157014       0.40910688488739561       0.37483165094294013       0.40210878940603356       0.39086429576884613       0.94297445612064146       0.53790547660772936       0.48218880848499884       0.39264533742152286       0.41820185638501012     
  0.70587302212742875       0.79047957405942182       0.78425941405283439       0.67242555008402383       0.76932892553087207       0.79998864647186751       0.80007487484776230       0.60941070456303625       0.73734560386489334       0.73708545122712199       0.77243630603462043       0.73956403195969023       0.69100645133672367     
  0.81028838149003612       0.81613671750212691       0.16061351271675930       0.12998816380894673       0.42456093336526662       0.39049525456699830       0.41923914506202647       0.40420752041528024       0.94598426247754575       0.54559768978477396       0.49744105247980802       0.41379780565691615       0.43067205910297462     
  0.62866442070355977       0.77323682797663140       0.70420845405454502       0.69832752112200547       0.79573429900197223       0.75491618078882161       0.78095600570338808       0.80800729036323338       0.81014449157522950       0.64065885788332910       0.70242400457392784       0.79708008337356584       0.68998999615958023     
  0.81856360250698668       0.82395782352851199       0.17227955103562134       0.13791859907263429       0.43950039954702119       0.40862167447165487       0.43662570202332240       0.41807280082304482       0.94869068639897036       0.55317921391675007       0.51155546611667313       0.43251231226888004       0.44435391283666642     
  0.67476649902708152       0.67441543414317628       0.84472388925652453       0.70783776772710738       0.79217466055939345       0.84557158267388877       0.66044520357566761       0.70416337980256605       0.67194432150996908       0.62339509681597260       0.74189973681506693       0.73505184537659241       0.81344361852209135     
  0.82626127840680896       0.83138294424846504       0.18427569468950630       0.14572814374395743       0.45620354978800598       0.42767948233750286       0.45425946750126073       0.43300272536836609       0.95126783332505938       0.56061503701616544       0.52543441498292376       0.44930283576208963       0.45928413935980023     
  0.62936331610636209       0.63397881022673275       0.71193213688122936       0.63965080494227478       0.69835365703026797       0.84126026860056735       0.73694513754132485       0.70675507707903518       0.76688138051036492       0.78306788156446028       0.66027785920221371       0.71202889066584185       0.74184822096914238     
  0.83346910249734696       0.83813709148409044       0.19676078278746473       0.15485348853968448       0.47366233682265529       0.44553184395170975       0.47108445074157695       0.45005602633926828       0.95376700663344116       0.56887751622168070       0.53711932058846534       0.46498245702035318       0.47360115766836369     
  0.77103612633506646       0.61827199994780746       0.80471250323304810       0.69158318150078568       0.72846509474633347       0.84840491215525615       0.70568666303677663       0.71186806449791495       0.63041975227668379       0.81396529623975866       0.63198834344211141       0.69533938413797458       0.76773723457373033     
  0.84033980916105933       0.84415444807043727       0.20958363188510057       0.16405577470385560       0.49069490362186047       0.46070186432223637       0.48664573017080714       0.46779187894908519       0.95614218352545677       0.57808635376999584       0.54917424151842287       0.48069026044178176       0.48670021113663436     
  0.64570416047800649       0.59607434323437658       0.67698354789903348       0.75587107462027670       0.77988236365517172       0.77624303261529792       0.75527381433922436       0.69374071642201141       0.70798917702688113       0.73629991711737186       0.73113272762933501       0.75949660160141086       0.71170502478724273     
  0.84717300576598609       0.84978561913740858       0.22224415279614573       0.17338892556491073       0.50677104243338200       0.47499074323779689       0.50183911573913575       0.48636762983409049       0.95842767808522455       0.58745674062156250       0.56391891445577136       0.49679070239312545       0.49921566719393573     
  0.59086528570754393       0.62619269317272208       0.69575585634027315       0.66330076247364433       0.83538713388205754       0.70680245534608099       0.62454273021023432       0.81618829057631093       0.74038831810266115       0.65427372136746542       0.70672156472203129       0.65868864083371537       0.72450732516446692     
  0.85371311546392936       0.85575272922464207       0.23555767028716981       0.18375183440712950       0.52208772103467838       0.49014873114860125       0.51791363011520586       0.50512893621313049       0.96051953789073696       0.59702931363766398       0.57799416903220213       0.51276711130765962       0.51226851101240667     
  0.70602399740260624       0.65997920999766346       0.68871536441759262       0.73182152444799342       0.65657575190391193       0.64418105712795448       0.63736318443714413       0.76670146539319339       0.66608611238912896       0.77546725263044070       0.65233012629644171       0.74417958681376373       0.67199308604608399     
  0.85997382893084573       0.86177411660188619       0.24955439863465484       0.19375872413978926       0.53584238081103441       0.50621570566279261       0.53419807314299472       0.52426357060373530       0.96237741668936616       0.60525296610444357       0.59077029824294369       0.52914326594832772       0.52509041059215589     
  0.66047847313102304       0.68361251748356677       0.68801475554428770       0.68918940911452775       0.70726665506372610       0.75011354839723743       0.67877601498142714       0.89180798117841042       0.73136489101519386       0.78429253655901310       0.63320807536098522       0.72690901893403481       0.63983172020089618     
  0.86575798059118303       0.86721290534117568       0.26389379701210713       0.20410515434114854       0.54924721414895694       0.52143138209106421       0.55038489438239302       0.54269879257504472       0.96416808078573180       0.61307643871526118       0.60277155653973025       0.54372758964428192       0.54120645258901168     
  0.62726950108703905       0.84934759345533128       0.70535797735115435       0.77369801605183253       0.75597301067051237       0.80859476823505638       0.76551400024373917       0.78955320335509172       0.73995514020777553       0.85393535084861694       0.63532897638865093       0.70303852684786206       0.69210844794491932     
  0.87216875130936511       0.87240606529812836       0.27831564417853705       0.21453410494270070       0.56188476403837428       0.53636909078478301       0.56631149247582990       0.55883350921479358       0.96597236731434644       0.62083920864015563       0.61532821815023719       0.55633741876971521       0.55740539348568485     
  0.72330331854774699       0.76649472219280934       0.73943645471233332       0.64562838520759669       0.66847784717715975       0.69917151785749354       0.65091319611073095       0.61493407055166205       0.74620447785935884       0.79266676581793838       0.87059305785902963       0.77103832163482344       0.86736283899018496     
  0.87914258619988606       0.87763453215120601       0.29328503846312776       0.22609304429776836       0.57693658827006289       0.55142804250888033       0.58172810338401504       0.57387621774347042       0.96779320824486792       0.62914053623413357       0.62901543506911950       0.57165920758133260       0.57315987673753255     
  0.72022186003118394       0.71424845367258039       0.63468339957125275       0.72601287201958309       0.75511477760044188       0.68162887074624623       0.70790254086779225       0.65759940213397394       0.73747576877317900       0.68432688648392614       0.73653405255493376       0.73307650327111695       0.63914980534193222     
  0.88519950314098850       0.88285145914436736       0.30924781499363746       0.23820973528532369       0.59020522511235618       0.56670591124993352       0.59762699122476315       0.59015628659974118       0.96954985918748537       0.63809622541600630       0.64419391359430900       0.58811065360529913       0.58895011814750509     
  0.76559720620126004       0.70695122609284056       0.72465031899648735       0.60467468936738611       0.67257435651125319       0.76899299243464247       0.69007250175766166       0.78050774594339467       0.66688200102620254       0.82092693484997559       0.66853337643864641       0.71718200853919389       0.73967861180319039     
  0.89081849875203645       0.88829481188973691       0.32629344271721017       0.25002647086680446       0.60288995990716010       0.57906324824730115       0.61359580500716848       0.60770804498462760       0.97120262377265143       0.64761959992330831       0.65909585199682064       0.60427638315590704       0.60533001812954934     
  0.62305431289619528       0.72502384222163585       0.80056428293972215       0.66842442829402759       0.62870076783359685       0.70207070282451767       0.68973124444893663       0.72959104962742571       0.60439098230798494       0.71331741644592983       0.71442683839598398       0.65372071652943742       0.79524132774543244     
  0.89595856021149567       0.89392071268286599       0.34466321891260965       0.26144484045849614       0.61620249907368263       0.59094016486103207       0.62958961953928005       0.62689519954474970       0.97278935106327946       0.65645779062367704       0.67301684932449790       0.61982516055545112       0.62307067729801580     
  0.67129934203811481       0.70034799388249580       0.78362927799030513       0.84547196674909886       0.73750633972542745       0.75150119774695279       0.76445033700422338       0.67355734014673752       0.69738255737776056       0.82542534358411357       0.62937279390975631       0.63783941401195665       0.72343335969621569     
  0.90100449404864180       0.89978334160117679       0.36428863153355773       0.27300520326992400       0.63267688540976597       0.60268197450502936       0.64488309409377953       0.64732587136978015       0.97436570523698784       0.66427660856952819       0.68577882057451889       0.63351430425786270       0.64100667395579325     
  0.62305041930307525       0.63469850315792942       0.65177501407275007       0.60167405599046120       0.68257944588656716       0.60429245678928334       0.74033440103075521       0.85811520915682715       0.70125584567035859       0.83130824635154699       0.62771963455270818       0.65949514267172360       0.83044443596678574     
  0.90592937728339928       0.90546699598819513       0.38498912094461368       0.28548870575784419       0.64861540200335932       0.61586206847817848       0.66086983698192092       0.66767293323163013       0.97595930110587481       0.67111150608615611       0.69821036848475415       0.64692155057838741       0.65800726927095032     
  0.68438925864139255       0.75643961705245844       0.75373649506514773       0.88866505196718282       0.72952366796800794       0.70122998638195333       0.87410201644084784       0.82712292044545965       0.78073173042429234       0.65118114431758056       0.65549893365240730       0.71468154048236732       0.75797027699529496     
  0.91091232296286206       0.91083454757771531       0.40713295809992678       0.29955055190307789       0.66427920094250226       0.63118193530505673       0.67818825754955880       0.68751840680572462       0.97754593944176726       0.67773847722766523       0.71119416584821549       0.66072850239187852       0.67732259575641340     
  0.64903404229086892       0.65128175504236796       0.74154051941517274       0.86307181570960534       0.72255883492754835       0.80289814273780613       0.95720118202872140       0.66098550222073660       0.70062526178944762       0.64795506762822286       0.70119370804677206       0.73944805121928181       0.73655889816384557     
  0.91591562844101271       0.91567888538027120       0.43077696266292964       0.31495560130616962       0.67970727570938039       0.64771356298430061       0.69286772030205557       0.70688892527716318       0.97894410592361369       0.68438104204334660       0.72355845609863401       0.67486238610199667       0.69731449926837552     
  0.68858200795112068       0.72635387797501472       0.68847100770239844       0.67312925845104410       0.75478220926744977       0.65924843588451221       0.72648560699619025        1.0172785443651688       0.72151285519716302       0.74615481548702778       0.65737590152488423       0.76713613701563110       0.82225866616800314     
  0.92048763161842084       0.92038805107600152       0.45580910578288414       0.33009261099858939       0.69600201491118829       0.66482162190740335       0.70574048716983262       0.72468672489811681       0.98031485471413427       0.69091230946101745       0.73595238632501936       0.68907582790414224       0.71717147156820926     
  0.67196443695271069       0.72728663816870409       0.90213568824724966       0.69150233099214509       0.81986190345979115       0.66718705347961438       0.70587285269623812       0.79435701072311538       0.74999942137970121       0.68264639326567322       0.81026045761135390       0.69640716691630922       0.76108740708986777     
  0.92463105299321224       0.92523897124327703       0.48149733998703448       0.34633178976960916       0.71286664513907061       0.68226540278466563       0.71938440368720824       0.74068638171323020       0.98156857159581679       0.69789060687278448       0.74904686490947536       0.70436731491840987       0.73551365994396367     
  0.65969569831531649       0.90429995775844862       0.60880968707212224       0.72048592131792033       0.68129113043074885       0.74948190358010736       0.65949898352140723       0.75075542908176784       0.67255947924095372       0.69402258720782140       0.71222261635032025       0.71237839931690572       0.65651473085749512     
  0.92871562875164737       0.92995598919716438       0.50708153869684269       0.36424545659240182       0.73047044689803464       0.69986044150375959       0.73340228614187142       0.75609490965841464       0.98273480173100602       0.70465681112900447       0.76281886603221571       0.72062913802208128       0.75053450769934604     
  0.70749937050388800       0.78304851619181515       0.79405634175778428       0.81966752715532321       0.69347391182672280       0.83315113031942178       0.67862363456479213       0.67702826206669964       0.68697845703609683       0.67190184539928588       0.79091377474818125       0.64090208742232879       0.74846448403174470     
  0.93305083358092900       0.93420484348220989       0.53450280725627064       0.38424631014251442       0.74848789352998624       0.71745071173875707       0.74769568915145290       0.77156622405626674       0.98384322675631397       0.71184278582148053       0.77685018985344245       0.73621901193314387       0.76356249951981858     
  0.70239018655884167       0.76084341763319352       0.78636128007698636       0.67676568715638175       0.80376362769651888       0.80442474410296994       0.68927261264646111       0.80546396295569189       0.68803236934306633       0.69643169001866534       0.68976040050551490       0.58962860059220801       0.79184935265837830     
  0.93794431457878746       0.93834270135606068       0.56516305461781735       0.40644297968351922       0.76717847500293979       0.73463258003642862       0.76297452406036725       0.78767623014065979       0.98489839337754392       0.71944329650786165       0.79070300357946166       0.75018643454531908       0.77629169170374346     
  0.68396880006948113       0.83887003425878703       0.65266383766314984       0.81753584140748303       0.64851804018926895       0.72420800371684280       0.69139217625134008       0.96164720455571162       0.73487109751955604       0.66928095029876278       0.69939073384404760       0.67316622655284764       0.62835502378363584     
  0.94277699459860154       0.94220939893357980       0.59868083332721922       0.43079140069339072       0.78549620327303593       0.75113308935021117       0.77851259192834199       0.80355635203541620       0.98590283449624527       0.72772481903616149       0.80401510279764843       0.76449940410077277       0.79013451383476951     
  0.66333309163081666       0.64858342252716927       0.63580386424886060       0.78150672453999759       0.75209559960372840       0.73240772420549638       0.74621420791110882       0.76087360416198435       0.75604895228421831       0.81377370676337923       0.82183594629477486       0.63362015591445187       0.63620770420589678     
  0.94722039421350424       0.94589773490589135       0.63228589064469887       0.45674045533545665       0.80226076949963121       0.76794469359049444       0.79429590517754778       0.81872616054622094       0.98688663214516503       0.73628325152357610       0.81671641121388028       0.78127692620303091       0.80461135905010417     
  0.66469276654042475       0.76060453929779148       0.63571174215982174       0.81971170565548557       0.66681224237113212       0.69820943835544069       0.80777116780430969       0.72935577577217137       0.86962928650331572       0.76787026459864915       0.76083882527942703       0.74697772496286641       0.65327830350140537     
  0.95129730156418790       0.94994739913744752       0.66472682511050263       0.48461280931017803       0.81749482647356964       0.78473067045901601       0.81055335255306671       0.83342679622719140       0.98786208825617394       0.74491406630136836       0.82885145585065656       0.79934700801922975       0.81915403411727250     
  0.76626790478366202       0.88560303324082301       0.74112672167617322       0.71428632386804625       0.82194187772854355       0.61367070629294029       0.78259997388775548       0.75643404225016508       0.87150617400258190       0.78746772765444306       0.71451649533626271       0.77902200195681615       0.63533887432683545     
  0.95537465591060755       0.95417677645887788       0.69812534817548244       0.51497328983415447       0.83224324273959727       0.80151476100764452       0.82766614570727781       0.84685933378149847       0.98882735962132551       0.75415556357693181       0.84120171923979692       0.81625492958152834       0.83406573576556731     
  0.77438736185677881       0.91048159207025148       0.65650532972553810       0.75349597828838033       0.80813891187206721       0.65525689488942984       0.75193747646711884       0.61149657018899273       0.71182058500323941       0.96671522300689017       0.86916757818160828       0.66690304613518792       0.74332136304171614     
  0.95969504503748349       0.95853442765402119       0.73451614062240222       0.54374927250025817       0.84659161119653714       0.82002204537773571       0.84498377143806236       0.85859663525213192       0.98981069658294552       0.76412415636904207       0.85372706681384947       0.83184315551670907       0.85041940031441665     
  0.97861943889526848       0.87641079045939818       0.66054188443951745       0.72205762532512940       0.74562909416936496       0.73803073316914281       0.79831930068822088       0.64141770968173861       0.70355089435774043       0.78282183366533953       0.63297531259465856       0.65540048249243776       0.70222256211644096     
  0.96428103023058298       0.96280573781904044       0.77335527003431526       0.56997431372420015       0.86235377668237556       0.84019534911928451       0.86043111174206510       0.87016244251183561       0.99079831435530008       0.77493591362127145       0.86580473382171919       0.84767529788750529       0.86656814679176630     
  0.87579448456153031       0.73028659738339385       0.65536832583443549       0.63744354526611513       0.62985047288318385       0.72645734028386177       0.75259306735322973       0.61174659550330623       0.71458149762076972       0.74660471880654911       0.71454793430472274       0.70772131984253683       0.68689154798816010     
  0.96896515733888389       0.96686868592042574       0.80930301143562078       0.60455679770722770       0.87881685524336206       0.86075033475141349       0.87482464954869910       0.88296295531809099       0.99171720498043459       0.78631695793361556       0.87679648653368603       0.86469373837250685       0.88143526473817901     
  0.72639331094724879       0.89399772174899017       0.70461287244424919       0.93646813467948664       0.65480103598861616       0.78317174872868134       0.63168223498112785       0.70058915779966613       0.82182325294739900       0.82674297473302094       0.76129088716067683       0.75245822504139903       0.70220111523853712     
  0.97352732929729036       0.97095465410975290       0.84348221520216793       0.64463236774082588       0.89471149920430681       0.88164190576318002       0.88789984972499014       0.89745270727046722       0.99258932895562613       0.79679623595321247       0.89193222837624697       0.88307404752205310       0.89625027800985657     
  0.91676090472281524       0.88190527573337862       0.66321852813235427       0.76660435075192157       0.64434759496504890       0.70372774642620806       0.70414197439045656       0.66779494004307738       0.78421688609465978       0.68976960769748497       0.73204950579492012       0.74111447556764898       0.75609197067570666     
  0.97798877641041448       0.97496649586714601       0.87259298345345593       0.68712339379350229       0.91191745784374778       0.90383890034112591       0.90164807992670815       0.91108567745528246       0.99348915347205968       0.80622663444863230       0.90717098361319803       0.90117095897409094       0.91044247750123675     
  0.99333001010096278       0.99357766098277500       0.64562813659469587       0.80518104117561595       0.76388096480191414       0.75725316016571487       0.66630649325052460       0.77670154807352521       0.79449853673290072       0.73826925824875722       0.75358914625981754       0.79833274231766616       0.70576089922473872     
  0.98206118014480981       0.97880722578573587       0.89791332694768367       0.73606001285928324       0.92897104126022811       0.92664763948103868       0.91725520591709342       0.92491440088631560       0.99434203088243056       0.81632718818335637       0.92470226663913135       0.91818089896623223       0.92588731821498338     
  0.80160038741973816       0.77649971472847590       0.65926571897420105       0.75883014233924062       0.78259225467694360       0.69207398113893226       0.65323919796767393       0.65053467999367298       0.83231223148853251       0.72781332281454425       0.70880402839187240       0.69468766297924234       0.85760688867243884     
  0.98576874027744843       0.98250425324691071       0.92132931122724016       0.79256904638745229       0.94495458024635015       0.94549740834381091       0.93392285325562141       0.93929924535169995       0.99514065560122467       0.82807029252615194       0.94297947714713271       0.93641073289070631       0.94213417922255094     
  0.72932675886962051       0.70672295318236689       0.73590478976893925       0.68492363027445524       0.71216059409586119       0.73660809595464793       0.73682194931125333       0.74258462388473701       0.80062315214282109       0.63685391411039205       0.78815837234891151       0.65727768998621983       0.72189135487274025     
  0.98910708480884935       0.98635537712695698       0.93878825556632051       0.85101723249318795       0.96040919162687699       0.96135526339843314       0.95294141839569735       0.95455245231037489       0.99597049515752234       0.84348525454828926       0.95848499507115592       0.95264025224865490       0.95721466999884641     
  0.88622363703607154       0.71494431953983861       0.73561875789144116       0.70166882934130281       0.67465474741026410       0.61966158817104233       0.69751185457889120       0.82949955513098750       0.87983413825500556       0.77995531161830545       0.65644816024900932       0.69137847457840285       0.62806202801019972     
  0.99218265529163652       0.99061265326746462       0.96136818885571085       0.90473109721928779       0.97380870931764230       0.97527191393267765       0.97106325398942395       0.96903670700723132       0.99689155777218941       0.86265896944128262       0.97254573647800735       0.96890228397854905       0.97094703674427496     
  0.78896997176737560       0.92812453953329910       0.66468020607565115       0.66016759263784563       0.64116605396975368       0.69226296895755757       0.72758198322460710       0.76247752210429331       0.90065802047124910       0.71513404601379893       0.74691341112655540       0.75182551979723922       0.74777089965823051     
  0.99550642306598891       0.99521251775321273       0.98148584483795942       0.95499400587648453       0.98651875596070093       0.98724443045569499       0.98602528894956532       0.98455719796302232       0.99815113924729937       0.90088551403363371       0.98608736200568226       0.98456805250250257       0.98593294915170104     
  0.70444125454926387       0.84222189021869398       0.72716405694374875       0.73971865844274387       0.60816070076922590       0.62897622511135387       0.74421105902711393       0.62341156927700492       0.68189536450885357       0.70424368062793963       0.70315501764049182       0.73202387222694143       0.71119361166017314     
   1.0000000000000000        1.0000000000000000        1.0000000000000000        1.0000000000000000        1.0000000000000000        1.0000000000000000        1.0000000000000000        1.0000000000000000        1.0000000000000000        1.0000000000000000        1.0000000000000000        1.0000000000000000        1.0000000000000000     
  0.77706929367946298       0.78165653743626984       0.84046734486116870       0.67846585563603412       0.68150262338064649       0.60787511872629918       0.65965253718347894       0.69322594164779427       0.59009018000357549       0.60150917312567009       0.63849075619169704       0.72142559577884413       0.79617699381839302     
   8.2430814549568456        6.6171519913818351        12.256755773539732        13.196685361665002        9.9671671381124600        4.7244168418074874        8.3479057060010238        3.5248934696402316        0.0000000000000000        9.9710074537497544        16.287811414986571        7.8279498933268217        7.1204212515651220     
   9.5549627394141083        7.3525454286761507        5.8178805047234468        6.4761296065844167        14.039365832584361        7.1111844696553987        1.9347433946987764        4.8614572415435982       -3.8077366241140060        4.4489334528649112        8.3247680893724532        8.2659106702108502        13.325794068031605     
   12.335534226991371        9.5549095764911041        6.1156301548011482        3.9174218915035102        3.0231699861419492        8.0695168473579688        4.4836836984895188        11.612988384440275        6.5067375999646719        8.5013408615634560        10.655887060027014        9.0003714603541987        6.0750409105481795     
   12.216900100255220        10.853452994673468        7.5036593743409830        4.7905596415038572        7.3594625980237920        7.9973803512839092        11.781896876073752        5.0389297149433370        7.7457211820290475        6.0047133401595785        4.2084572302042229        4.2315635926167792        4.8838886325650748     
   10.477781186630633        10.372316760949357        8.4342323542865856        4.0992241973361336        10.624484374928498        9.3996593780284066        8.1967864337361469        10.092531302001039        8.0788686563643424        9.5201147605269902        7.5264242420774510        11.504212311877941        3.9170943387212098     
   8.8618211343633373        17.340797256011001        14.626897305214602        8.5892630783253754        12.442104108643651        11.525503755253823        11.856278750241302        6.7306845943970366        9.8845791134044294        6.3123653725859059        8.4118282514032217        4.1701342129276169        4.5836176553879104     
   3.7742815783395587        8.6538743120796635        5.8714102135490744        3.4558522864123429        4.1629729503032902        8.1860480210765605        9.8196348904583459        12.148496995829152        8.2758041222253738        11.965146880252071        3.5992081376920413        8.8440806992576562        12.036941389197255     
   6.8448097657557749       -3.0204694055242327        11.384161508551955        9.7337046338684203        5.7356855380221505        15.040168143555935        5.1730632025550349        15.492768814083876        8.4989144179757279        11.020165638191447        9.4586440861079399        8.6257044512751548        8.8652317927303397     
   5.8705015181735110E-004
           1           1           1           1           1           1           1           1           1           1           1           1           1
   3.8302939108387748E-004   1.6565002520626336E-004  -3.2834318573260069E-006   7.3129163812035527        8.1182585030509564E-006   7.5817267728748934E-009
   8.1202697750760510E-006   6.7287402469262408E-006   1.1361953454848461E-006  0.54547613414626894        1.1356932137610481E-006   1.0149513638133708E-009
   5.4129893632113932E-003   9.5297457048950882     
