   0.0000000000000000        0.0000000000000000        0.0000000000000000        0.0000000000000000        0.0000000000000000        0.0000000000000000        0.0000000000000000        0.0000000000000000        0.0000000000000000        0.0000000000000000        0.0000000000000000        0.0000000000000000        0.0000000000000000     
  0.18621580538563889       0.17379535325407713        1.1306157065117044E-003   2.9387464194989100E-002   1.6701144305652244E-002   1.8786478040008395E-002   1.6626243292642479E-002   1.2858709429973204E-002  0.64679587678375117        5.1700752466046253E-002   7.7901920862437246E-002   1.0964634969226568E-002   1.5257855598429409E-002
  0.58970702720375112       0.56631426947291141       0.93948426795904227       0.79229926521056371       0.78127180269970120       0.65851338465982634       0.81303668149206643       0.74175359693477583       0.55797602756924669       0.54861556403282885       0.69534769717324474       0.76006642509569555       0.63378213992110888     
  0.29998016500025976       0.28348193610962652        2.2369813323908964E-003   5.9741558372721403E-002   3.2101536182331067E-002   3.7204783572013449E-002   3.2442458876968741E-002   2.6412844006314034E-002  0.75006508635633862        9.0040106889963348E-002  0.13287352102821004        2.2072343748174978E-002   2.9776512921283069E-002
  0.82670379814880079       0.63414742584391193        1.2192876221441489       0.68220345138939309       0.75853908415083060       0.73183507816481064       0.63521574288380755       0.63631406274064428       0.87293220184133002       0.71744498948325963       0.75991365294595403       0.82687509502959844       0.63967531926876275     
  0.35969418735690112       0.34173368124151959        3.3393253763920822E-003   8.9430429867081343E-002   4.7403809569957683E-002   5.9865923694464383E-002   5.0395125560486399E-002   4.2090329419154214E-002  0.78531564749104976       0.10368807932712742       0.16809165177202903        3.2513693661594206E-002   4.4894953491856071E-002
  0.70654199944210094       0.55798489457719247        1.1696280206861154       0.65476356065170138       0.68413244877962764       0.68937225954999970       0.66628914600489997       0.61048569085819371       0.88717794914697512       0.67211095103098473       0.62096211194815865       0.80230987623679195       0.70209959735540683     
  0.40538987229591517       0.38493491335479213        4.4667318240676247E-003  0.11944943270164192        6.2655635032297888E-002   8.1347638992581503E-002   6.8208380476791911E-002   5.7365319561516304E-002  0.80709784078587410       0.11699585278700671       0.19251704962775096        4.2567733110229024E-002   5.9542784013661539E-002
  0.75779512507095237       0.63667837445115805       0.77418745947278089       0.66139929399084552       0.74264053510806827       0.81727284648129905       0.80049658823184822       0.76493280446778000       0.76157262177407015       0.72840608788578753       0.74082755312023907       0.75220099277210595       0.67551341298490886     
  0.43765417456626238       0.41773314131142031        5.5509850925527602E-003  0.14409295684331130        8.2298201677861019E-002  0.10224132692617059        8.3916273727503404E-002   7.2249841868865669E-002  0.82447514221977702       0.12715443275909447       0.21060245589957349        5.2736609211042930E-002   7.3912186413885902E-002
  0.74662286211287165       0.66811821643853930       0.77140854517839075       0.68725067838818643       0.89270534464499318       0.67057017368479255       0.77526846914982772       0.76071063627770674       0.67251900922973085       0.66729226512746642       0.69874285410430770       0.92932314084676004       0.65854891332315624     
  0.46611268221034147       0.44526360029408202        6.6804132041746412E-003  0.16916168834398637       0.10219464699689640       0.12293557993259353       0.10023876500661244        8.5917776289962194E-002  0.83820368522012856       0.13631460237673307       0.22540353898549562        6.0134926577827479E-002   8.7849961470385013E-002
  0.72380516858478716       0.58211064294062709       0.72820918488802755       0.75499964736094849       0.74634296258632182       0.74971956513047755       0.77058856090387229       0.60883707769242690       0.66169786345329806       0.73345417841307048       0.68128751235987972       0.75169368320552366       0.62841802672692704     
  0.48994291061038342       0.46909505293975001        7.9721642508913323E-003  0.19092297407588402       0.11836535998687805       0.14394137624621295       0.11827317626933387        9.8427823255785724E-002  0.84903621494129755       0.14443441233646767       0.23950339101988638        6.8618481986532726E-002  0.10139209448053738     
  0.64007230278769689       0.63332185873353530       0.74067607097488519       0.60809863741053816       0.78245925775288871       0.77319823301424817       0.73906366824649017       0.64111340369521519       0.72112218481044743       0.70303121414596059       0.71541990284792489       0.87092460171449626       0.73392245976323311     
  0.51148178708467140       0.49050272345412932        9.4651147491878942E-003  0.21292853420950325       0.13423325703099953       0.15971799307961212       0.13624046824397090       0.10779837425793376       0.85774200081201546       0.15252878319970853       0.25420907390121555        7.7719096630340184E-002  0.11683924653579267     
  0.66151897189195408       0.72220350347601814       0.81026270453871707       0.74224600465411084       0.69894164741068820       0.67436028137135673       0.68229542281260269       0.54345898976677121       0.68030077015921009       0.65472285399313246       0.77725276332287530       0.84230321764220339       0.72772883167408398     
  0.53056447145073160       0.51043160776112861        1.1080962089892156E-002  0.23618293475020521       0.15003687179600353       0.18089789415348415       0.15216078183688567       0.11994211410747889       0.86533504736923672       0.16060782462850234       0.26820481396707546        8.7313427831860538E-002  0.13246116327619684     
  0.68695994979876585       0.72097302642959116       0.70383020505153082       0.69057337560031806       0.73644435418074639       0.67596816220660061       0.80365741263353496       0.59036157574857095       0.74615370083904953       0.75183815094671569       0.86856149205165301       0.80345140214849431       0.70151877146387298     
  0.54892045024240710       0.52826758599537516        1.2854829462711416E-002  0.26010125531137968       0.16509735670813735       0.20260847444735908       0.16935672132153282       0.13612772408057816       0.87206001636199415       0.16864792757483102       0.27975599917079053        9.8368489937194686E-002  0.14934594072227794     
  0.71910557473932846       0.72939803876118736       0.74663203172351744       0.64978119737737439       0.68682150895990268       0.79446255011636968       0.84778366203119115       0.81307346631573174       0.66300375144023960       0.84185826083567328       0.65507116652888042       0.76536525170792546       0.77017678929470301     
  0.56631313756816115       0.54406627745501623        1.4912250904670321E-002  0.28541173637520306       0.17966938383268824       0.22414054137654410       0.18778961632391800       0.15247895667227068       0.87833004250023250       0.17677527212713187       0.29039827655341793       0.11049562613268270       0.16722838603474938     
  0.66724479086046451       0.72745435284202475       0.66344281059699639       0.71299734161781980       0.81669976017068024       0.82816064166657632       0.77551966201276545       0.78342704037224908       0.56318771758134289       0.83567646842981635       0.75569968354754058       0.66346942764670802       0.71873512652910987     
  0.58323113013852312       0.55959322563863567        1.7201522256767431E-002  0.30913490030805107       0.19360638422727042       0.24214170682670480       0.20404273397604294       0.16873626886188378       0.88418861801919524       0.18442390923406199       0.30142054542312230       0.12262307392974023       0.18494082185328184     
  0.67806850696425824       0.64093565356883375       0.89699153755814631       0.63483727245441512       0.62550457398794357       0.64355514144821957       0.66033454419981297       0.70198565781657607       0.77264750056030507       0.70981361143036192       0.72499310213340118       0.73187133290940920       0.78126163715660779     
  0.59927414815297630       0.57575576013993446        1.9624558542498029E-002  0.33140954566301623       0.20818377070816868       0.25877618261290658       0.21795943921607397       0.18323822708519424       0.88985110187178129       0.19081955118577554       0.31216161213102578       0.13643472000175130       0.20376271473694677     
  0.71667684092994755       0.68658503594384213       0.77418417896870273       0.80507950401685613       0.70770479141092890       0.72061361678647118       0.78799888331478840       0.60717925927525174       0.79400299939389041       0.60196546558252528       0.68327844728642384       0.73571852913473024       0.80784360859012883     
  0.61408943760399082       0.59110227092498413        2.2465375669076956E-002  0.35336650693006222       0.22374594060521458       0.27466940526373190       0.23233544246073876       0.19686800020046058       0.89489852121248070       0.19724814731195134       0.32352640861856308       0.14946087383599482       0.22273533985428651     
  0.66415239845892104       0.73014964050431119       0.77724046071614972       0.62109947379325514       0.74979767755720017       0.67775897345942593       0.79394561187942092       0.84452556704235504       0.73507455578090719       0.79447761997577993       0.78922609884589978       0.71703035647593338       0.76161637275191352     
  0.62616663335253131       0.60551015654906981        2.5153334817746946E-002  0.37459804665995605       0.23766931879460107       0.29321531379580479       0.24826263472981777       0.21086992966876417       0.89965469091766148       0.20276404200497850       0.33516124194029046       0.16701179806514116       0.23774320520564232     
  0.60184472047982518       0.76434617338764244       0.67141481043136597       0.73129924797745727       0.62032794492371646       0.73850127144902067       0.64337960008072104       0.67652884427138049       0.71699504439646755       0.65006308636086596       0.64599903827804195       0.81296072521478535       0.65744176370278629     
  0.63839631123671026       0.61806839893243803        2.8627640397790404E-002  0.39508792491740452       0.25149998601109674       0.31295774082433186       0.26382969761119279       0.22581104120546081       0.90395482737517918       0.20863085495498071       0.34727886222961707       0.18641971801938295       0.25169204776268944     
  0.80277219086881257       0.60527787264459121       0.70298240119124233       0.82937929326753845       0.67655164793116895       0.71715964218102346       0.73924454926735883       0.73777168612963673       0.70241560371392453       0.76322180608293244       0.70310316819260821       0.82774419362115370       0.73362513894501979     
  0.65101574932647099       0.62890547388196150        3.2477338802040352E-002  0.41470180496170267       0.26560594534145826       0.33434368587054081       0.27912125829636464       0.24208730747258178       0.90776305924998701       0.21455030451728563       0.35956208397285938       0.20424505356225955       0.26649074262683764     
  0.85904288369047188       0.70831819917674277       0.73804174583876869       0.73087453297668281       0.65245740187750090       0.72701020211861911       0.60888050656590009       0.71198575556645982       0.67347805938993044       0.79953432542764769       0.80025712569392715       0.84167029495460122       0.70651662969205853     
  0.66318537216841722       0.63997285307404117        3.6737746091629456E-002  0.43441156766727912       0.28092137936664530       0.35683220006334787       0.29503388420321264       0.25985743684202817       0.91124084054374954       0.22059834320587662       0.37194090685279335       0.21994978480520563       0.28152302771980570     
  0.79692810214860843       0.68841104477080839       0.71591195843388777       0.63793708697099649       0.70321511124794245       0.88679078261224609       0.71317430717111896       0.79119426734546439       0.67221370688636994       0.74338761089429228       0.82056745937486197       0.70728406604775917       0.65227136471708624     
  0.67401624490617806       0.65088918806068763        4.1256421380492188E-002  0.45232116375996845       0.29998033666000057       0.37771102418197666       0.31057248221738776       0.27739424231478477       0.91463811875079959       0.22708108385190476       0.38389794358765233       0.23491194359983172       0.29631450443582646     
  0.65796693497878933       0.80135715497685944       0.69927124875176239       0.80730409644587764       0.71956131800673129       0.64608214760137073       0.77273734876277322       0.66012257504228200       0.81944147587523419       0.79814453980632216       0.65712834753364402       0.78304627655670789       0.75046592978340609     
  0.68434679188031899       0.66110679166905462        4.6233133409167695E-002  0.46951408158118529       0.31769387595451032       0.39817525079253935       0.32772553363647389       0.29469356562294058       0.91794915011371958       0.23412954881105658       0.39648538358201463       0.24910826882893919       0.31087858715181904     
  0.69378300977692264       0.64233249830684902       0.70353703759822106       0.80128509103284840       0.64502232384818614       0.71541369865556614       0.77538337715798700       0.74618967475206510       0.80317987086045539       0.80324248046905899       0.72240155893907532       0.83745437218235430       0.70260112216397275     
  0.69367647834267709       0.67128921795184671        5.1569807898635682E-002  0.48664444120337419       0.33258818030445353       0.41579288938208220       0.34358510318008317       0.31177472816755814       0.92109695760365951       0.24108820402804745       0.41061518632883798       0.26336221841528012       0.32747090426567643     
  0.75426429876094425       0.64786106494346096       0.69202719933000778       0.73418495030479869       0.60235512159898819       0.70974128706302098       0.67559672255729897       0.72415863564717475       0.56343526811889633       0.77046180332891334       0.77678209087329630       0.85057574208998832       0.64540603073740066     
  0.70230940392416308       0.68021616631894477        5.7469846977605960E-002  0.50413549112471134       0.34839984720214950       0.43217592864709420       0.36383082035290820       0.32804660573207367       0.92388244712073897       0.24795627638832077       0.42564342632954072       0.27942153222893112       0.34586632129358541     
  0.65930670551387527       0.69283706454416660       0.69204992610028271       0.64082177240064453       0.70753635940631454       0.64040462107829688       0.74731611666175723       0.85728571987791524       0.76164144653955534       0.86326058705506192       0.83236027485592956       0.76783684200380464       0.80408085560091513     
  0.71127364067958898       0.68769912559483026        6.3870380057677853E-002  0.52300851284305017       0.36539387632441339       0.45074481685205847       0.38373869443468106       0.34511258764933894       0.92665721140110169       0.25479470387636366       0.44065849732867440       0.29673201366887320       0.36502939553063513     
  0.65102548317680375       0.61523916258203970       0.81655756388230216       0.70662952835820370       0.68812294452809741       0.55069232334696450       0.88461526631506171       0.66734933654632078       0.78183852834374634       0.69339430787685141       0.66118030498789382       0.76450332593475101       0.70406387326602993     
  0.71961993981917394       0.69740333512190122        7.0425069685723193E-002  0.54134209620289353       0.38133591522540056       0.47045039305139258       0.40048309706486201       0.36482885959548933       0.92945947152743258       0.26163017392040827       0.45596065293423943       0.31441324626349565       0.38437498206417353     
  0.66533166386283571       0.65092629404806801       0.63004245015120175       0.77647819970279330       0.80105355150043334       0.75878907197585665       0.63938593732919935       0.83488703998687575       0.54916394131342772       0.82100341727270076       0.69427673710095494       0.75548748249427677       0.73825661087509964     
  0.72805963357934622       0.70762246175606469        7.7023371695761650E-002  0.55920454134396835       0.39730858579009520       0.49046131739479693       0.41664687846575282       0.38593901187443541       0.93212157120851347       0.26847659753581549       0.47175102687499226       0.33260926169580768       0.40164903577247596     
  0.67952232956858039       0.72418251689310886       0.73040537044465914       0.60867823558410306       0.70780515030145841       0.66962837249338170       0.79530561693340096       0.82273707575315091       0.65984141635910321       0.67141212380570714       0.68908221225863153       0.68897185453579957       0.70813061537258548     
  0.73620112242526980       0.71706425733986479        8.3985479414253966E-002  0.57679203580949878       0.41329826740566772       0.51228810359310906       0.43240841875589875       0.40450521538693773       0.93464243296929950       0.27497295377826309       0.48777865896193223       0.35114095372526366       0.41787154170332191     
  0.69014028361563817       0.70696472926091602       0.70805281580601909       0.71257429166119868       0.65914738856077149       0.80759884635781853       0.64954857770610486       0.83743478350117739       0.63004869856139190       0.78133690391615251       0.77418683056223825       0.59431150168571467       0.73988504370689190     
  0.74438265607555354       0.72637274811455310        9.2239595519110235E-002  0.59278680990051325       0.42865537926605973       0.53424603519677616       0.44750649018390226       0.42057704480777303       0.93703573375153459       0.28117433725460261       0.50370000232356205       0.37004024849153733       0.43373004265919335     
  0.69179343265893312       0.62779724966127004       0.68776660439079662       0.74191046014480733       0.71585062001909161       0.83648743435928496       0.64559971181543541       0.62865686492849449       0.66570038689241962       0.81958525067675181       0.76057766193339393       0.67117598422672253       0.69254925352662067     
  0.75253640946933742       0.73505904037653769       0.10074055016584171       0.60894781288186173       0.44345420347844300       0.54812240756388264       0.46362199496309142       0.43597228538369193       0.93924881056789689       0.28709148635586051       0.51978226674269645       0.38897506956740596       0.44937194229453703     
  0.68493853481967160       0.72320586480908733       0.68825139367135202       0.76367796894196471       0.76906456190686978       0.68771510341063380       0.77041705693057627       0.76267982578291071       0.54818180549368312       0.75679313425192307       0.72844154284062568       0.64714072549362811       0.75974353475892431     
  0.76048269229254761       0.74362968285824449       0.11036992905834389       0.62576884220197415       0.45766570736772522       0.56359965814467428       0.48119695864795253       0.45011718296479714       0.94145421533794882       0.29312039191478451       0.53581494044422751       0.40653808284614312       0.46523160394517343     
  0.67542755005323540       0.72030377879525709       0.70488669149923766       0.76874212721579904       0.67422192182480356       0.54155139940946684       0.70835230884804845       0.65402757035417958       0.73683731391578877       0.55785293013829196       0.63055482766273419       0.67161505363963991       0.68372874014896778     
  0.76812173390311078       0.75168799260341002       0.12023276569035887       0.64221294829513720       0.47266637303152637       0.57939029835095490       0.49695245969784008       0.46555067609014034       0.94349566772351812       0.29914137412147029       0.55184851708063920       0.42349500888889885       0.48086079318328806     
  0.69783141762632517       0.70415025941887099       0.69582576643171090       0.68440744129391884       0.76396593310050354       0.61534931751305444       0.74700042072432216       0.80459948253124181       0.61377811004284344       0.71990872691616581       0.75112344950937215       0.64152307903230044       0.80081687221884579     
  0.77594129156214975       0.75977158638312325       0.13043819541559515       0.65749598896428907       0.48849024699435462       0.59605690535655564       0.51151942010108709       0.48225359137487861       0.94559663203055844       0.30508113817285737       0.56940397043347879       0.43867473565435416       0.49718290183542058     
  0.73588955972128423       0.80400719797878362       0.77300133174733976       0.62613461174451812       0.71208546692120633       0.70233719311765941       0.67183123319461036       0.66109833315724598       0.70572255118229055       0.77987713025871552       0.72969661826036225       0.59412026969714404       0.70410196302907424     
  0.78342199508562071       0.76824150621213871       0.14124099225108547       0.67216259394211531       0.50495194941426347       0.61361386353011393       0.52626870382361868       0.49895189102235693       0.94757267765986164       0.31131973453546086       0.58774669146530778       0.45535416612319607       0.51434076419154751     
  0.72170303426073157       0.64282892447316586       0.64989256986392785       0.65649755993713299       0.72567669548785863       0.78327818021243723       0.68803080127789495       0.57815112437859750       0.64872154954776040       0.66258910022880135       0.78591056061192466       0.69612540432713843       0.68254411894356881     
  0.79065415698280728       0.77612826723621586       0.15302172135211148       0.68661197856841927       0.52095770935538566       0.63017801221198033       0.54094497056412749       0.51695282429186407       0.94950291760782823       0.31695655770915515       0.60537800852718082       0.47197154483511167       0.53114912738986453     
  0.62767261934146090       0.73603598414098070       0.70418936685891187       0.72647358409892637       0.72397050812756825       0.71447762308997476       0.75159050290174367       0.73680058080782418       0.80070112095633383       0.64242886531108734       0.69936008053585474       0.67402773118618364       0.77884448727603472     
  0.79694553415609592       0.78409262568352223       0.16647999223897217       0.70103035684001136       0.53670023668646571       0.64512143985203596       0.55601628322724195       0.53335095113754838       0.95122481482113408       0.32197688470049407       0.62219612621089182       0.48794209671207067       0.54724259481253712     
  0.70524555943470579       0.84015675818194813       0.76159028159127662       0.83977891248447722       0.73903305810679931       0.64534657847940635       0.60009989793147700       0.75569273900862199       0.58245600988294921       0.58856851972269553       0.60452422840003883       0.73880970121637901       0.81124819832628881     
  0.80334316593132249       0.79147214827013312       0.18027661754213078       0.71552773079638921       0.54981332389158732       0.66012574877729380       0.57123580436509780       0.54859999803826209       0.95293134721013484       0.32784808988802366       0.63827489878602417       0.50341411084115328       0.56288626522623864     
  0.59057390060335579       0.62554754150180036       0.62747463999012232       0.68064522920255832       0.69728970120691935       0.71856149196238628       0.69183943636904610       0.59774972211496069       0.64813527493042788       0.69598553153512477       0.69381120359828341       0.76164360646296592       0.99143622480046512     
  0.80928431437229720       0.79835370925649485       0.19565190562579227       0.72909362743901251       0.56228537324539318       0.67517800842723985       0.58583778900888595       0.56404490279728636       0.95476759030310043       0.33383960919478983       0.65472510874604928       0.51769757156697782       0.57844036419375600     
  0.71280093415800683       0.75073121117438968       0.73375803374795145       0.64295052367793648       0.65052804268515030       0.68092972774060678       0.59823948308810793       0.63470019792160426       0.67286970229155518       0.65946083449124637       0.61837899936670293       0.69943984602990639       0.97757092549967717     
  0.81524800420511734       0.80543078180054517       0.21201662547515132       0.74146310779606961       0.57535633168055345       0.68999336538462386       0.60101820746600554       0.57966361531090049       0.95669285276829119       0.34100708488922182       0.67167325042381987       0.53214472267746760       0.59247113466832324     
  0.63648915614867840       0.77227418129310377       0.65142509167758500       0.84847858248159291       0.70125830645279963       0.65438774417543266       0.71903270464658642       0.67851955549624821       0.74018064386517268       0.74997742440331883       0.71774384497678412       0.60262292064435019       0.65908723584639284     
  0.82199131636040124       0.81308532660985111       0.22939825276821327       0.75440246440784375       0.58922080995077697       0.70409010616861534       0.61661244477401889       0.59394233704625010       0.95874155418935547       0.34982521393236993       0.68798365348648804       0.54731429597723291       0.60607479572641743     
  0.68009976798884630       0.73138140311704436       0.63028033362709979       0.79365230287875332       0.73679148445121356       0.67968690286294786       0.66910552455626648       0.75794462334219681       0.80651218765210253       0.77098910123848252       0.76318745463637105       0.68042000445113304       0.73920755793930015     
  0.82852152275520308       0.82098516128441024       0.24458301651907449       0.76737433979150071       0.60466790809405868       0.71853762589684966       0.62989642600738605       0.60810637284752278       0.96096789066294264       0.35874951759360113       0.70358467748798037       0.56169329184718952       0.62032940168482020     
  0.72295999957090040       0.75960867875572868       0.71405457686858897       0.72319922619223465       0.71991534656435308       0.79634879123407953       0.64882014294826074       0.73643902484477397       0.72791926703652365       0.68273052018252867       0.56695064877275370       0.65377391970489585       0.78172962785523259     
  0.83521658385677588       0.82895708589831940       0.25800963859598297       0.78039855922942170       0.62057384475689636       0.73318601688015583       0.64587616411989934       0.62218862039111555       0.96306552952854152       0.36759489598941236       0.71851102073290607       0.57636935522283339       0.63461022340155160     
  0.63298153457053097       0.81338789155210711       0.53690982493668160       0.67179515353730535       0.71487533739418108       0.71447595997634383       0.71370881003919628       0.62162414866538973       0.87775339091486060       0.76817792619254543       0.67575233222125364       0.70743573549685068       0.74067385411900899     
  0.84240786165686565       0.83632989068554764       0.27386401227635249       0.79270894613779397       0.63615733079526582       0.74896697428859171       0.66479376032236326       0.63616497116011494       0.96484153273337381       0.37635060067415099       0.73263501878111259       0.59124709409950382       0.64911348295220317     
  0.83204363041007412       0.78361979324548892       0.63583890820503097       0.75118185673182880       0.64101642235280665       0.73783626184646178       0.93448985439683951       0.72710900356611474       0.87679381195269113       0.66502875361840097       0.65317840305173391       0.67700236951226123       0.67443551000978053     
  0.84918725796443517       0.84299743950987949       0.29279473944102014       0.80420514362674111       0.65113034222102151       0.76347750092930067       0.68368213624223240       0.65007323141262408       0.96657984142034215       0.38636521404126417       0.74749574919338324       0.60763682271675568       0.66285956248014055     
  0.77112028382292774       0.56429655760635122       0.62132672463614802       0.83907288119019852       0.71012381116326295       0.70467643882806685       0.78717606893603809       0.70853556334747403       0.76784600220945820       0.76066514999950985       0.67504150514333772       0.74493788416227824       0.62613050204034282     
  0.85512064679311928       0.84995815883634607       0.31357268560089752       0.81514776581195270       0.66564824836194614       0.77738484708788858       0.70119542200183571       0.66407826423109273       0.96818766929643163       0.39645416500711433       0.76272183238060709       0.62325862968142876       0.67764861068110860     
  0.63004257700073030       0.73978563343453496       0.62631671403667344       0.66645517104889695       0.60367263146801864       0.84811921971579296       0.72425205798236225       0.66776173293432062       0.69641036544040247       0.68573150981267905       0.63254167676228390       0.65956685400864756       0.76041546007249006     
  0.86135332788986740       0.85674282615258535       0.33667755748572015       0.82626049778426025       0.67918634158869751       0.79078459807407497       0.71704364251715613       0.67823220493058245       0.96969825226376516       0.40708099967127853       0.77679664172208918       0.63787296050321640       0.69431083346435696     
  0.64837332360591438       0.62206651160456550       0.62871832498821056       0.78219817327063157       0.63628219731790803       0.68869493498763923       0.78703504427405613       0.65593592265218970       0.64559454844347086       0.71745169279489163       0.67352301933715775       0.68380900209412332       0.64903941056235237     
  0.86805934239222582       0.86368317212402101       0.36035227130578412       0.83658763845969730       0.69600486136757289       0.80409812958432436       0.73165878876760460       0.69285666572574955       0.97121885772260119       0.41752756363929344       0.79082657323567107       0.65076714322939055       0.71103611179106219     
  0.74434864820144375       0.69896935389805936       0.64797149121306818       0.66944295289922939       0.79302646826209389       0.68669621971279426       0.60338931571752130       0.76551878784898530       0.94150944208686149       0.76451394165998443       0.64755169705931281       0.64476224205203714       0.71756275169397854     
  0.87458837693032265       0.87092835120655687       0.38199480189395607       0.84555053219280618       0.71198570854461474       0.81683948612736856       0.74595711760553229       0.70759087117914388       0.97274495186668275       0.42884193584366948       0.80464369027160021       0.66124532751278309       0.72859888194523337     
  0.73159883090679612       0.74044088661255103       0.61070760119657452       0.76446402108627409       0.64185897096778621       0.70819424279953536       0.65569587865979695       0.61978595271773351       0.73595445545528659       0.86675478173612641       0.59815701966697699       0.58922074332523589       0.80046635092865459     
  0.88093569699747665       0.87798977502036235       0.40515205987540104       0.85445754736678670       0.72850017381418863       0.82924564296523029       0.76094195662230513       0.72288128494421044       0.97424542126679547       0.43964700788706618       0.81560307366685891       0.67377831815583289       0.74678340124954468     
  0.78305767013140637       0.80181751720816130       0.77382311061129705       0.69115130398602798       0.71176616583867813       0.76522851038986850       0.68888154357014864       0.73103894938769909       0.80586337741731162       0.66420251339461700       0.64605308472513734       0.69032774283991216       0.58763570423686828     
  0.88717466203432183       0.88523784041067599       0.43149157743352562       0.86369981891526271       0.74465626924351302       0.84000811949804743       0.77458265587330410       0.73828816973459999       0.97573022272167631       0.45032761087304835       0.82704268299516792       0.68753865152004845       0.76335449450900905     
  0.92013470640663342       0.90916265012666464       0.80316750752742061       0.73876453844143952       0.68158403494285102       0.71061913191876347       0.62146264037650445       0.86321380276604143       0.66916000322892144       0.73402528189937111       0.66293863044824874       0.62291138807368185       0.67315751097149423     
  0.89351118845470101       0.89259234586691782       0.46135280320460093       0.87316121298573968       0.76476489748888943       0.84954859392158444       0.78724662418098978       0.75518694181543844       0.97718734206801061       0.46121966371258705       0.83758995835250549       0.70480299078361219       0.77626527637949339     
  0.79086472724519863       0.89608815640646466       0.72940604113259466       0.78389687102621830       0.79625796138426552       0.58217047198753935       0.65235428714409016       0.75531519981695960       0.63418465057302198       0.61773352507948476       0.64005679363903645       0.73474175713093060       0.63773146702916317     
  0.89961032612409764       0.89964144600311546       0.49346689459377618       0.88373673362519012       0.78631338052523536       0.85995240771498793       0.79920030192723657       0.77168511561093678       0.97860170835322136       0.47333566049630088       0.84860125332662129       0.72374693518048383       0.78900626257591278     
  0.78858542331329495       0.65655007694755185       0.83098945883485420       0.76898209966615327       0.71830675473689631       0.67733247876102709       0.74145177796779571       0.81516736883287699       0.61688115846229608       0.74018964074627214       0.67600507911903251       0.67974806375884067       0.62065998887703011     
  0.90513366109800442       0.90720376778530554       0.52498950185958682       0.89501466732504542       0.80554731179355510       0.87051342712105162       0.81046716638917493       0.78750163368884596       0.97999970147296234       0.48582170254953899       0.85989122478944835       0.74436661339426202       0.80218857449192538     
  0.67804146890954931       0.82644571842634540       0.65780682311555672       0.75807946600046128       0.83032368475527929       0.72692390235088788       0.60572583336908259       0.69220695086077089       0.65901696992644199       0.78901620171765030       0.71763009135510814       0.67564000095702847       0.69104022585550340     
  0.91024995709624101       0.91409122395775377       0.55734997335592185       0.90528157307807111       0.82242506163989215       0.88064031680664345       0.82603832888258610       0.80313651296989830       0.98144252050339309       0.49990861224874217       0.87269992418372966       0.76503566369462950       0.81323405185871278     
  0.67017574164640836       0.79004347758566495       0.61601948223297731       0.75691296430019084       0.67804569364297806       0.63397899834363691       0.61332111245450671       0.62494987724512308       0.80665003938016244       0.67608144631479017       0.65916718742372815       0.75961640913856199       0.58630145151047364     
  0.91607192552990779       0.92111422712554480       0.59134286751989495       0.91394745012107137       0.83763076617369980       0.89041686145374954       0.84093382048094156       0.81635935014702588       0.98281756875604365       0.51480349685513460       0.88809978159293157       0.78664265058177751       0.82677627470549742     
  0.68530657551609031       0.72559339844275517       0.71548690703591356       0.58913857241555301       0.79181936931956398       0.71452800666267224       0.68021752969511173       0.70036966630879427       0.83688271220094912       0.63600649890146221       0.74261566205504903       0.64055899494269397       0.67154771120072976     
  0.92295003334029802       0.92743115387055097       0.62714916746096161       0.92195783734637982       0.85153884635360533       0.90041238932396550       0.85581375392042836       0.83131308073362709       0.98411490052284223       0.52955024702599052       0.90174725947299994       0.80821462765518881       0.83991831560510988     
  0.89137185120599083       0.74812165578299561       0.79795005755033765       0.69197868279977437       0.68557510461634652       0.69576091610584101       0.69927557026921616       0.69526052205922839       0.72093699382180154       0.68932081309430704       0.79027059230702634       0.68545764213336924       0.69327953687307697     
  0.92981191235073268       0.93379063882638091       0.66439511140980856       0.92869524398922432       0.86551218060332968       0.91085998376504529       0.87084659280280652       0.84645925330617533       0.98549738989693270       0.54569849816216576       0.91450271646866432       0.82945121459456728       0.85726616654143450     
  0.66855807699480396       0.64621363507615670       0.69521846717286007       0.67967065329079424       0.74320752255948630       0.71042246659329034       0.63116020889556423       0.74656845566595498       0.65818200769667312       0.59743500744257361       0.70914184784413359       0.60666491898021080       0.82564593129650410     
  0.93662470642412232       0.94023068610719596       0.70421716314040483       0.93538124632419994       0.88032970943325672       0.92118950811156397       0.88677964152802813       0.86128490377373235       0.98682645136548741       0.56352354672263216       0.92673913620740289       0.85025509748049133       0.87395402321431626     
  0.66715882500533163       0.79220514557272315       0.62573728066618783       0.63375492093201535       0.66634727731394117       0.73073857213738846       0.79251505808916489       0.72340743446049949       0.71155136961880705       0.68640252317957096       0.77106116728733487       0.75292264459758140       0.65641506956592754     
  0.94320060804941408       0.94684810799860930       0.74397535198844311       0.94171724794092448       0.89468351226604792       0.93172551890457078       0.90217013331630413       0.87640832725904594       0.98811437928279033       0.57973634659671980       0.93697224795159795       0.86981796082967833       0.89291132877030510     
  0.72956390393237358       0.79382703609590288       0.62581930163049804       0.71203079710749617       0.62069366135618731       0.83345714446543484       0.72882710976582887       0.70059153716221145       0.72668116844859398       0.71832633837181126       0.85006686697298561       0.59780891593389762       0.76907582909850025     
  0.94965215036519557       0.95354670443423051       0.78423244682515181       0.94860418870940499       0.90862016989286676       0.94226178996024779       0.91778541929508295       0.89234032156640553       0.98936012530666362       0.59573437519808536       0.94716590257139033       0.89005388358173132       0.91086884112893640     
  0.80790113957384480       0.81991447399622652       0.60525812898766007       0.66930915257336843       0.77163057665003354       0.83632386312968598       0.66269534351837900       0.74827299498996136       0.77915425266206140       0.64305336648489031       0.65163803712410828       0.66356710165256338       0.69041692797845933     
  0.95598068817864390       0.96085290908947507       0.81944627428290606       0.95657207126753374       0.92262515915883669       0.95238264000620843       0.93311477619360583       0.91064251599290569       0.99055972337808995       0.61306919701966667       0.95600576062672338       0.90995382169380812       0.92860484814392175     
  0.75571222325531895       0.75431609736858640       0.67642436983964982       0.70009132817962816       0.63782621862401589       0.79066332386097471       0.75431989346873107       0.76385665484763976       0.66591286823527407       0.62027523499861181       0.65736914844691963       0.66105228722482268       0.58278527749476339     
  0.96318793629719768       0.96802543918841422       0.85230234350930756       0.96463899090205885       0.93654013881683174       0.96221560287057128       0.94762872582513880       0.92876506281029969       0.99159612879320203       0.63713866576684874       0.96490782952679488       0.92883247059020613       0.94763731255729433     
  0.77680350899004680       0.85352522639212147       0.69172508210457795       0.67973115463851352       0.65701459377797511       0.68283387285210018       0.73392595603038457       0.78513496526600024       0.68718097797460032       0.69097204595789286        1.0285032794282865       0.68692625216502634       0.79903096270872787     
  0.97122011515547113       0.97495556060347743       0.88833539672658135       0.97359185571846019       0.95312676876549518       0.97183775725932975       0.96061071259025399       0.94673698208945223       0.99282046650430333       0.66927308100307470       0.97391861267664126       0.94733851391393209       0.96164584043841650     
  0.88275069718455668       0.85475452962600995       0.65838184161892577       0.63713857259403039       0.74901078638565810       0.63713703639834773       0.63447255903164690       0.77381115121534050       0.80636562215207241       0.66920766771737505       0.77280448886277076       0.73753892064032589       0.66089509766741827     
  0.97995386714206412       0.98188471867785798       0.93152675148343766       0.98245736462494326       0.96965986663228676       0.98196367134583584       0.97378381692055316       0.96565041341179469       0.99425565995073106       0.70736995886647969       0.98280002094230956       0.96501818575696297       0.97638800779363732     
  0.74523094312160965       0.72353650165859440       0.64443628494403182       0.69990159767915983       0.75288477774153617       0.74869039086912159       0.81254483024704061       0.71084086558396875       0.79655801693555728       0.82550436593841170       0.75788497416638589       0.60452566294661170       0.69861042874255386     
  0.98938582152363475       0.99021267973881744       0.96718277231561756       0.99101649784179313       0.98485763006891935       0.99104323105063208       0.98725489241634756       0.98276835598754375       0.99662587872553399       0.81717811679788788       0.99104795003509316       0.98240522961757426       0.98800672882469642     
  0.66005124560177642       0.69558110337552748       0.66544736527196646       0.64803791835402014       0.67902297789489874       0.71144110609123545       0.65128420026524847       0.83351528793192364       0.69545187634959649       0.77584817730716271       0.79533251067502087       0.65566550833261394       0.70226929782852965     
   1.0000000000000000        1.0000000000000000        1.0000000000000000        1.0000000000000000        1.0000000000000000        1.0000000000000000        1.0000000000000000        1.0000000000000000        1.0000000000000000        1.0000000000000000        1.0000000000000000        1.0000000000000000        1.0000000000000000     
  0.65865414000981237       0.62761843259256489       0.61215395591010024       0.79932308659368057       0.83301093748243160       0.71375389826964553       0.73107740852011438       0.64133517849162391       0.71271728357070530       0.56207653143822522       0.67223245725003866       0.68524007825189159       0.69062201291627567     
   13.861780533415306        7.0667059544414830        8.9472602273506343       -2.0148508639556182        5.1845860791755731        19.885322066641358       -5.0463050328485597       -4.6934316093572530        0.0000000000000000        11.309213969434932        11.403154486708099        2.5782325494165832        5.3263514403944319     
   16.206323976071495        15.885230973624097        12.354461999973266        11.004421013944441        12.314978900979650       -4.0021340342875620        11.080624248760641        11.823544533962419        7.7414506786180182       0.93648022806621911        12.637468715746451        4.3655587777361982        16.678460543323201     
   32.851142495287434        2.7225359110781686       -3.4448376368723705        7.8763701891990392        12.114681483582855        16.270605616155368        2.8779457236516901        4.1938044810490815        3.0190641516142498        16.605314923581915        9.7695797694594102        16.925139636384799        4.9385011199442648     
   16.117362353507961        18.735821603923682        4.5036978989067773       -8.8424526027095194        6.1544689872825016        12.880661672264329        6.5394118761135056        14.050611180205982        9.3438365480661361        11.756326757417641        8.8419038654506696       0.75057000358158787        7.7754230486733036     
   18.401475289659473        14.226439104308794        3.4585320552715468        5.7202818577701589       -3.5321106044915926        5.7566938950335249        3.6294008463772029        12.344697504873988        16.534261347651132       -6.0332829756537416       -2.2568111082560880        18.875450657212138        18.802517669906074     
   11.859835757476770        12.491343026275681        18.697178847563759        11.810153514944606        2.7348050522419776       -1.4450667434338738        18.699620865626621       0.90048126400578854        6.2854295187453308        2.0706555845822825        7.5282860667492466        19.819096898592267       -5.3869353081494786     
   8.2861690970963959        3.9642538036970811       -14.799346092137320        24.911466528208578        15.818517398374187        2.1762839744134470       -6.4130900158489448       0.93190724595972052        12.119686781482979        13.306447623259315        13.505369945485032        7.3339586353839303       -8.7112147096902461     
  -8.6519249833174214       0.49633503441057697       0.78406043511471102        13.449189843963323        15.559010708260287        16.245285298917608        19.423177334693875        16.678290978770924        4.3021887873660010        21.769279795015283        7.9281250495001654       -6.0531608990891446        15.054675541689502     
   2.5291218778939563E-004
           1           1           1           1           1           1           1           1           1           1           1           1           1
   3.1364019723185488E-004   1.0103697659574889E-004  -9.5415942597440764E-007   5.8270723171984891        7.2197285098875606E-006   7.5002400292090541E-009
   5.9550875256428772E-006   4.3526377273967687E-006   7.8574647445879643E-007  0.63886347487214845        7.8543748825704789E-007   7.9548057001645157E-010
   6.1585760703792821E-003   11.523854425097415     
