   0.0000000000000000        0.0000000000000000        0.0000000000000000        0.0000000000000000        0.0000000000000000        0.0000000000000000        0.0000000000000000        0.0000000000000000        0.0000000000000000        0.0000000000000000        0.0000000000000000        0.0000000000000000        0.0000000000000000     
  0.15317356248171715       0.18602445739871670        1.0656030839523100E-003   9.4494975310557890E-003   1.6409579186526926E-002   8.8496444194912805E-003   1.6357032963900068E-002   1.9480927255563978E-002  0.47349660779254660       0.13087507307202670        6.6872484751883232E-002   1.2329246840875521E-002   1.4154886509898192E-002
  0.45876251676161361       0.46857594357863841       0.61564611231479660       0.68275799243779123       0.58385081790834226       0.57055240305462473       0.57260060224926868       0.64078244136671303       0.45876251676161361       0.46597093743384538       0.52610747779915301       0.64299426250865799       0.64745976459916366     
  0.24838612716838551       0.28026314534442187        2.1853202775848480E-003   1.9149403921610575E-002   3.2788311945222227E-002   1.7573764372820808E-002   3.2216446384849939E-002   3.9124653956432262E-002  0.73007697823126261       0.17388428977961365       0.11777199514644318        2.5129948050341574E-002   2.8658171059852220E-002
  0.54993479490669239       0.64197608761303537       0.82647345762609281       0.62043888698655625       0.57709586035375515       0.72433864388349467       0.65671134933539732       0.76228844024046616       0.75066879768058836       0.48823297160690388       0.53357104336721706       0.61844928267362353       0.56869237928991057     
  0.30176030746857851       0.33197839723374845        3.4536041176636717E-003   2.9169308436005233E-002   4.9610228997686530E-002   2.6165353035101549E-002   4.9408558315901810E-002   5.8687452216532612E-002  0.75725027765250252       0.19924980524003730       0.15529759525109471        3.7452825286385327E-002   4.2293731654132818E-002
  0.54239140230541993       0.57401750889973757       0.81575528918619045       0.76747018593167338       0.62394888968215045       0.61399669886617003       0.71245176176151492       0.70065837953604948       0.67871872617978990       0.57367438957408112       0.50144124522404443       0.84559260170315276       0.57809182137618131     
  0.33079295387460955       0.36623671738115554        4.9532585509119995E-003   3.8852113934936337E-002   6.4916021868245133E-002   3.5047343102671297E-002   6.4162750491529169E-002   7.8298996588948719E-002  0.77926264365004239       0.22141439927328413       0.18120155769888580        4.9472194387551398E-002   5.7513900046646610E-002
  0.48442909130595097       0.57379613139031682       0.82122919488682566       0.59420709123165549       0.55784265609283967       0.65685926675919537       0.59876980133389746       0.64946078924093653       0.53021380642937577       0.60898193642858311       0.59052199565493613       0.67460393860077861       0.53168575489476266     
  0.35671349669963925       0.40008643412652206        6.6287882185754165E-003   4.8176294034660658E-002   7.9926629346002337E-002   4.4279396578340915E-002   8.0521353613242391E-002   9.7274782068955484E-002  0.79843373237415483       0.24083918125018675       0.20113842378417343        6.1910144157450143E-002   7.2718137734008412E-002
  0.54812372337294191       0.56798513707952381       0.87816700425781691       0.63071761723517827       0.60107816648408396       0.58155348950395525       0.57997908491452876       0.69907100278761192       0.63758051376589120       0.61382289537751833       0.66641753895891576       0.58916095514947697       0.76300539151656988     
  0.37991473239300227       0.43435339845427179        8.4393045167506300E-003   5.7332081311706570E-002   9.5365798290511464E-002   5.3702909898824966E-002   9.6551648410589108E-002  0.11641299070336926       0.81182337505317270       0.25458372421627273       0.21725080478450490        7.4641028734529297E-002   9.0615995867376370E-002
  0.55669889698890040       0.66919840778318140       0.81099083998905175       0.69760763126849401       0.56601412606918089       0.58461055806754991       0.55587802549748666       0.54949180343892057       0.57655264452974031       0.54276640054693281       0.66693992142710534       0.81714028659738058       0.60801436811328247     
  0.40126874699014997       0.46269768788024856        1.0492933670736412E-002   6.6220230278386152E-002  0.11056292035912077        6.3905900957172121E-002  0.11476835112831672       0.13516485754920882       0.82429663738424674       0.26805747105009853       0.23197652072325559        8.7900426207052948E-002  0.10841548291737670     
  0.62498368352891764       0.61786585533254379       0.82954454323968752       0.61465864496322120       0.62945777717364904       0.57851737316824448       0.62333689154161220       0.74456219164117798       0.73859828302588848       0.58850290135232364       0.66234594644930833       0.67970393287323139       0.55483745584400690     
  0.42270681237930580       0.48799302155969021        1.2552809618849785E-002   7.4530264202116558E-002  0.12590053093974182        7.3271246358697056E-002  0.13403870417164940       0.15286980314387280       0.83423306871440051       0.28081945635798117       0.24588033160412329       0.10042640813881129       0.12650043306102812     
  0.68336573901989250       0.55018806451414437       0.67829476417708923       0.55498434593520463       0.61908723721878711       0.58246567967784268       0.67627033536796244       0.66885254445930864       0.63247368333117537       0.61268232908232612       0.63185824163384996       0.70975120971140848       0.59076074156236258     
  0.44235095448877165       0.50968833245597145        1.4636344846524636E-002   8.4667993238020517E-002  0.14196405070160845        8.2049426320526850E-002  0.15251462321316439       0.17018462457937841       0.84358927416605567       0.29177623704700184       0.25816284181408866       0.11295350346888823       0.14376381469931296     
  0.57436858744556363       0.56382590368565311       0.58999265698845704       0.60442397363807487       0.51650899451365728       0.53993701572704389       0.68744191403310007       0.67377365181731286       0.56479097476696094       0.63028690357630290       0.75718297325439998       0.67596642540170271       0.62369389410902543     
  0.46128547734520536       0.52917802115735768        1.6850566718749585E-002   9.4034475031507997E-002  0.16016874288771912        9.0799431111540735E-002  0.17061463967673210       0.18819865665964203       0.85060705493271815       0.30132576956119334       0.26919477777698886       0.12607883969281952       0.16033785628700581     
  0.59008758328262645       0.61266052653528169       0.70176199545542861       0.69540364017160006       0.69877511733372188       0.55702176907945877       0.68314791801621932       0.58262965759848839       0.76064006321334499       0.62131323781382164       0.60122421153515393       0.75102437745808792       0.60348109368921787     
  0.47927189442918527       0.54599043403024072        1.9129372451054089E-002  0.10391253045139177       0.17800156809762388        9.9528144325313497E-002  0.18727223416019390       0.20648696775860037       0.85729272044491922       0.31072789103462561       0.27962004097322307       0.13918183534638323       0.17698067990565344     
  0.55264641814674231       0.55428406737466906       0.64161055665940225       0.61486876152067516       0.63314985281120828       0.56426871226466135       0.54695785760794635       0.61954309300960020       0.54469075025741587       0.55608541028697855       0.55410066240475053       0.75840079719034004       0.53322025862661426     
  0.49606211344711537       0.56092392268940716        2.1371239399199542E-002  0.11448688551559381       0.19505755361435667       0.10909583804666383       0.20352656019005236       0.22349672032320478       0.86391288859898552       0.32078545222756555       0.28984141649221218       0.15240969435622378       0.19481041343504335     
  0.59854068875450772       0.63157957093244010       0.58302763960930182       0.68462966210800869       0.54759724557417999       0.62534209211568414       0.54618423546912587       0.58481550451146358       0.64195916364964567       0.66454469896389212       0.54119343107678619       0.66366648652938276       0.70545563677548140     
  0.51237083000989869       0.57536365616874430        2.4179470991296872E-002  0.12484940377936719       0.21210582546148610       0.11854913640026775       0.21850198475062749       0.23944606892541995       0.87054555661126853       0.33079325591598385       0.30007313831908433       0.16651163571165017       0.21462894956499992     
  0.60737103402161052       0.53547151956366668       0.56764807499968772       0.61680264809398611       0.57571377419980252       0.59686091584472079       0.60356521698419219       0.62937441137986772       0.62982400079597922       0.63801200319286699       0.65625362341413429       0.67304288982984284       0.78635583099634754     
  0.52836913372302463       0.58814838057423058        2.7042173851544012E-002  0.13492989385605958       0.23043127316952583       0.12678795645791080       0.23292127367542242       0.25348952845824196       0.87659945827383678       0.34051604015617698       0.31039600306326481       0.18134050963584800       0.23645783464833761     
  0.52583704269027731       0.52246291535830702       0.61081028211447741       0.57135865238831918       0.62647190428958266       0.62514383192324186       0.49036731168088143       0.59204703083004329       0.65109538939862943       0.67305414364534522       0.52496661441327297       0.56780086654109374       0.74066872852920862     
  0.54399572472052504       0.59920697804469991        3.0205539867548471E-002  0.14477969715346128       0.24908772468171281       0.13411494476830857       0.24771334245272761       0.26631628759411230       0.88214967230325891       0.34933077856204159       0.32024103419205247       0.19587917867242555       0.25368954686445738     
  0.64230516723008513       0.61145147461850469       0.64184048223084966       0.67410868978790495       0.55144801510765440       0.61512108575866076       0.60250559044522800       0.56614573865499773       0.63216964937455555       0.64261917823751102       0.67639750613663996       0.66974273569895082       0.57952599447965580     
  0.55811976999034008       0.60756663145539358        3.3705893152522884E-002  0.15532368348517056       0.26800321474803024       0.14304389423984759       0.26232658645528112       0.27904886140984325       0.88708896612393229       0.35743261197889731       0.33140163899076386       0.20995754832343366       0.27068012185255569     
  0.67240896341916201       0.51769533179776828       0.61841828005635258       0.58550826643412168       0.61523379964370062       0.51601717404862735       0.54498884633365374       0.57116082963835724       0.64768502104372672       0.61631263258115321       0.64339821592933955       0.62127414975938600       0.52223520267962642     
  0.57131536901739044       0.61610294761420670        3.7648046334554930E-002  0.16580971885626847       0.28666616954637625       0.15255633641156149       0.27600038730749094       0.29233374694045539       0.89152448612112345       0.36561894301462888       0.34411079566536407       0.22455739421399112       0.28690744531582357     
  0.59066103235258460       0.47238453054913171       0.60078969433141682       0.58283028800076075       0.87769093665973752       0.50463760439149663       0.55352001983188259       0.66810498655445894       0.54124674564924691       0.59580444735999738       0.50978064535284739       0.65330320419898280       0.56519764241448689     
  0.58357256304546457       0.62580117245429157        4.2142077211292428E-002  0.17633801075765534       0.30344940595113712       0.16352894694311057       0.28908408063874319       0.30674551872085282       0.89503545668964613       0.37403575411881868       0.35711876246647883       0.23866713951446222       0.30191719401082157     
  0.54430854185627686       0.52581661331543217       0.58522098633869568       0.72667847731935720       0.57364790176042280       0.49765228996051869       0.54812004801352820       0.53489126692343425       0.63021754523991480       0.73323990634187353       0.49541092127734970       0.64138315583761252       0.54664863428528032     
  0.59572384011972712       0.63538645926437309        4.6930141343115198E-002  0.18701253591924591       0.31983078035605400       0.17521670730170535       0.30139486917243230       0.31997279920693250       0.89863433525530045       0.38249378983426385       0.37043146776626096       0.25232262715768483       0.31981810718379461     
  0.61036741061305511       0.57077882599727314       0.60822075515207796       0.54592207404239657       0.64827548941511670       0.55885960137221824       0.55953259566541114       0.53520329287872626       0.55382934603437950       0.60465111356645362       0.60194744360283570       0.63499992640752645       0.55329011555113072     
  0.60859612726379286       0.64538710248260722        5.2108331818064041E-002  0.19692329654485030       0.33556567504632956       0.18644652359213867       0.31553471858572951       0.33254150165673296       0.90216527911938704       0.39092040954280288       0.38369750750541454       0.26593654471265182       0.33727860599068060     
  0.67452578882779624       0.55147983249624932       0.66635951036843954       0.60706769419840600       0.52908486546651112       0.62978479427679301       0.57757128616857345       0.51345962574113224       0.56996203818975633       0.69409149636984291       0.81252444575039673       0.50754877939222609       0.60975042572883109     
  0.62140043809107626       0.65617041652401342        5.7407204842816209E-002  0.20698235950051161       0.34915525125275720       0.19796052657635202       0.32888587343239789       0.34553937710554600       0.90553761026947766       0.39893451487499487       0.39666315243185946       0.27994719478570740       0.35156214250989754     
  0.57827935529419039       0.67022561068438047       0.58962363273398932       0.68683046062334818       0.64323296339855396       0.62713364036728358       0.59742786078331278       0.53484341877514496       0.70182797429508259       0.62016472965196645       0.64256812922709539       0.61469505761378918       0.53324824360462109     
  0.63380609165436241       0.66711521660445239        6.2843688099941550E-002  0.21717179198608344       0.36343495110618673       0.20980259104158730       0.34109113168460647       0.35914120421607537       0.90891211589790599       0.40611686035177696       0.40970485724031802       0.29537173577445830       0.36337089635756881     
  0.69470311031323739       0.64390672133765925       0.63003407257685384       0.53704067413951695       0.62886730743574371       0.51970737839232461       0.64724138837128620       0.54089321130284995       0.59873118153792437       0.57017252295744303       0.61671369597604819       0.61705367949030154       0.60421641350705890     
  0.64629975037360132       0.67686154035837598        6.8750268311804474E-002  0.22861717529420941       0.37662054063622086       0.22180129600441051       0.35323236631717680       0.37353926468061743       0.91215778752389898       0.41300434077143372       0.42318835710941355       0.31093754672436080       0.37559516455912872     
  0.66449140837106746       0.53703061742468028       0.59707438029034243       0.55237571688629783       0.53781222786735006       0.52061233856760070       0.60331430901979111       0.72405718572413102       0.67254010054066538       0.54496726418488528       0.59836006816875642       0.61929342748376848       0.60895466422727396     
  0.65847678274051280       0.68594183767450956        7.5257247378444470E-002  0.24106779255260133       0.39022561550196017       0.23356291805405707       0.36607017275883058       0.38944302803909225       0.91526805054212390       0.42006868972650058       0.43649493733004679       0.32623157812473286       0.38886888789094010     
  0.65778806587442173       0.60069969734253348       0.62529612958329628       0.63474719087947817       0.57232897884812173       0.57592367887740359       0.52732307583453719       0.56230715629023731       0.58510716542524366       0.61153906679952352       0.58976772084482976       0.63350523860943797       0.64273601076681641     
  0.66973115553244866       0.69541255782604172        8.2173918224201212E-002  0.25452843898016803       0.40452815414505494       0.24470410616136257       0.38183734638734473       0.40578364389180421       0.91840047593795737       0.42741713672056508       0.44999847253850933       0.34056588694462081       0.40216925048689584     
  0.67284148002545208       0.60268456296684914       0.55144004198181151       0.53611316178405433       0.57077597550914494       0.50668908864255069       0.58980201799876053       0.57545394849705189       0.58238505915168870       0.55456051330208811       0.60011987052616800       0.59669898552429057       0.66248582859720617     
  0.68033662584106069       0.70474805210997515        8.9383147170004160E-002  0.26878158775273592       0.42128979031861302       0.25813919154862686       0.39718451187740461       0.42246853515386990       0.92124634612359935       0.43497261602687665       0.46443700647951758       0.35375230037368577       0.41489986904919068     
  0.68635383282689344       0.73753573795535232       0.63871483565399978       0.60134677751027532       0.61030358208804580       0.61488786624939273       0.63490290849844688       0.62199929772524454       0.58655044887292007       0.67846906496898129       0.66101704247170456       0.50354019154434349       0.55410530353473564     
  0.68907331146189421       0.71372772209813284        9.6894878963586978E-002  0.28248907353410191       0.43742893028436508       0.27318907040851997       0.41196642308742515       0.43972644032798913       0.92398434376947092       0.44259909729384639       0.47875218342019427       0.36698009528398634       0.42775163052784182     
  0.62563105367711414       0.62882769909624914       0.56095309812350047       0.63665647084872423       0.70127475324362332       0.59640379760174400       0.56948589991764986       0.59124973936531378       0.58435991150016997       0.60733187555893753       0.54972073046991943       0.54929943775830248       0.52454849123862801     
  0.69746020367821937       0.72235094679294454       0.10444315935662257       0.29489404265292346       0.45336340842291101       0.28828639722099114       0.42660021437804141       0.45848035680942278       0.92664268039040776       0.45031051141920825       0.49260027715117588       0.38084988621374583       0.44078206813731091     
  0.62956526183155215       0.57617176614209109       0.62272811485118451       0.67465583403080032       0.71818743118282735       0.73108649453343411       0.54352493170625360       0.54122336540718530       0.52732307583453719       0.76199766093951893       0.55797791979543154       0.54822892131468060       0.69232317746622618     
  0.70660427064061127       0.73076571300415594       0.11222905468962786       0.30694051789375276       0.46875570378245501       0.30303925916126012       0.44440447965358393       0.47833658473788249       0.92929757429563886       0.45740537049429830       0.50697428942735667       0.39507586400697536       0.45415626317146640     
  0.60538833403579706       0.60126481342192917       0.67099900809650925       0.61766871707110338       0.65019378053024424       0.59891156789821387       0.58233868675157541       0.53489068493690850       0.57761681633589801       0.72692706506881466       0.67455692644474319       0.52353213140396138       0.64161480164187579     
  0.71588074212057917       0.73897831212135279       0.12056593936528813       0.31930335016420691       0.48415410800647396       0.31721124987977134       0.46150882446392627       0.49753153970468833       0.93203557972653128       0.46306002370494803       0.52208937554162294       0.40920265304802228       0.46755476177646416     
  0.61378910032606138       0.56056495165860598       0.50697845552144039       0.68929563493880364       0.56584824005187373       0.63100448091696948       0.62722999645340372       0.76342198920507931       0.58237741637632812       0.53899971452516304       0.61892676910706246       0.60755328774636053       0.59349449720005309     
  0.72566403873563701       0.74648125741427707       0.13027185477629735       0.33300925831534278       0.50083183974533840       0.33242545555131164       0.47780632754188557       0.51564645955417465       0.93465995848102534       0.46889712180505833       0.53683365403380334       0.42451470432799415       0.48084694039202025     
  0.53975266213603756       0.64385257564826193       0.52785912898582543       0.52272590247765482       0.62503567310392960       0.57448536151980489       0.52466288717538290       0.62602259577225705       0.58781415003394510       0.51984756018223055       0.71430620484108276       0.59312626011684488       0.68186911974609310     
  0.73530637168591229       0.75398451634228703       0.14215554605458408       0.34844148075679438       0.51860950701208375       0.34766927577852963       0.49173462220180797       0.53426722229944257       0.93696664045038858       0.47512789489029794       0.55080980452460004       0.44029426480928252       0.49336304104893064     
  0.60339457016801379       0.57060829355627329       0.59658135372947729       0.53641534066582930       0.54575755921503888       0.68281935577586872       0.53070481388415724       0.64255351763302571       0.57290509961178326       0.80811272477428142       0.70306764478344264       0.61131474635021521       0.59301771061450825     
  0.74494736664395811       0.76140905979729212       0.15560600448675413       0.36464407316471270       0.53632534386107156       0.36462392004973115       0.50553896751213567       0.54973994728931319       0.93918088336709349       0.48193989645750424       0.56470769651848618       0.45466175758667354       0.50608860696941194     
  0.53745705438272495       0.55564945055119874       0.57294171892248758       0.68171508409634751       0.62891763174020432       0.59281983017439877       0.49599484115741027       0.69457341067247236       0.58948149909269432       0.62767248188995595       0.55441590860614609       0.57526182117263591       0.58125286758289307     
  0.75436685329354503       0.76956910102441567       0.16989317723775549       0.38133049509843003       0.55403779332160885       0.38104324139651341       0.51973103024583123       0.56662654402274426       0.94133619785110023       0.48949815821719433       0.57824599694106393       0.47088363160506325       0.51880439042589543     
  0.67971978751819961       0.70840674681381155       0.60887864880615428       0.59287796564615658       0.74859308508190259       0.55067504774737819       0.61536480984039332       0.58986421539371892       0.61387555572580488       0.60415882874667481       0.63272035546444028       0.69029057401386540       0.56201546646983735     
  0.76206113032374057       0.77784631543155536       0.18465315550823541       0.39805154565353684       0.57115143953667613       0.40023482288762452       0.53423598641948133       0.58386149164538281       0.94339272229687987       0.49720349414796922       0.59038648727762233       0.48690062144443041       0.53288033312249072     
  0.67344872687802826       0.57652920935682750       0.56546916291145088       0.58031576868338663       0.60530269846413998       0.64433534708007090       0.63201670917278840       0.71944554628360036       0.53184754158745950       0.61594262900400409       0.53409716991081713       0.48806500309220480       0.55043181288402543     
  0.76873081286399059       0.78615234621122554       0.20060618988454623       0.41553047347134908       0.58828118486706171       0.41930009427122628       0.54989240307109333       0.60047712102890205       0.94521426132077135       0.50508430778091085       0.60236010601853296       0.50319552117407140       0.54863039077439157     
  0.56927750393583731       0.60809105566568422       0.60285757929689643       0.69414121543732354       0.68890337462562545       0.68151735547816461       0.53811833553598276       0.71114917890841789       0.58283580121405953       0.67607489021899370       0.51038773995053732       0.58273038229333696       0.59528316453890961     
  0.77501639941051215       0.79407090572436467       0.21747618795846008       0.43297219834334610       0.60601110809849856       0.43971764620355791       0.56620688622105719       0.61436064491497289       0.94697117462645364       0.51418087554352054       0.61818839445887397       0.51962897888060033       0.56463485595878826     
  0.56261587133143753       0.58792477988271552       0.59159886414000662       0.60551509657113611       0.66359066596359650       0.61795908882531025       0.53419459717305506       0.57845358811362702       0.54079730103464529       0.63785477925862111       0.51801359358355126       0.51186519409270770       0.64480992896583567     
  0.78158281192808099       0.80156351081580779       0.23445093148959978       0.45136618755717078       0.62158484585045293       0.46040983444833744       0.58307680739910273       0.62769032390658197       0.94874074742420855       0.52348456908919139       0.63438844278554885       0.53646408202592344       0.58062733002862854     
  0.59005115474477543       0.57232514332369933       0.56036223014841324       0.63530076952064951       0.60386617555767963       0.55008398440057804       0.85772774687321540       0.58327587083592902       0.51138847602797455       0.78402080719424505       0.62021666476332715       0.48833063323169390       0.67460858274177837     
  0.78909967377348222       0.80763766438203122       0.25153386663061544       0.47096508660708897       0.63866562732283449       0.48036426310333696       0.60052415782674362       0.63960055344751099       0.95057965306813907       0.52966670575787311       0.64936297678097488       0.55384578669773632       0.59634976983081722     
  0.57963811041386137       0.66806042932487020       0.50361883457501300       0.64931782283480910       0.65408721253573121       0.60862282960880387       0.61441035704319424       0.56920057920697487       0.51937320187617431       0.57579353740016059       0.65172453189460600       0.57208832682344402       0.57899712261001068     
  0.79697311346086486       0.81465410591947829       0.26898774603160747       0.49009922933008626       0.65328499866753320       0.49985655424587616       0.61847829321176506       0.65341293249062893       0.95248428326306778       0.53558169664946431       0.66386453202470996       0.57186448501638987       0.61167061499209452     
  0.62708146856805691       0.58507408399500094       0.55578429958466202       0.64773325789232084       0.69438633616669709       0.62218629627579736       0.70216818743555931       0.58369367144844642       0.59339387208076744       0.49299906127497267       0.52971777538028797       0.69926170221011497       0.56043608164949787     
  0.80567972740940363       0.82197506182349100       0.28750589143814309       0.50897874945505972       0.66765193499722053       0.51859103377021265       0.63636830485128260       0.66813358441525028       0.95428860752397893       0.54254595472301714       0.68069341859353616       0.58919268716920847       0.62763620732032399     
  0.62978851015999260       0.61021101282465717       0.58752194953048631       0.62347348042054207       0.60539127893323197       0.60826195256209459       0.58283050788443802       0.54861298280772064       0.57676933967795851       0.55841965285526218       0.60300826803703356       0.61906848752051147       0.58890994639606598     
  0.81356313619217857       0.82898360253063008       0.30728513967646293       0.52792967230667187       0.68175745312958580       0.53605417216126383       0.65366198814551435       0.68254092490362084       0.95601940191438106       0.55048839259364324       0.69830292012751516       0.60638896056277092       0.64525251999263844     
  0.59795191885518983       0.56872977511198475       0.54206211602557930       0.63227755374740680       0.65099208238865391       0.74118921661572357       0.56345842405491409       0.53606776377234366       0.58467449722357656       0.72526139133306333       0.65658176565430970       0.56641028235515356       0.66863420848309463     
  0.82129625484869440       0.83676291279074988       0.32540655054120482       0.54691172559660495       0.69565321194129737       0.55508875784434519       0.67026780373403827       0.69686429792534577       0.95765090469321013       0.55845599104273069       0.71471642761631926       0.62363809336731335       0.66393087757499458     
  0.62444124957261427       0.61037707835721355       0.47461528919671525       0.52926572016392370       0.52313094176579122       0.59397984623291245       0.80932727058500697       0.55565991060319009       0.59694042244712164       0.54491338893195063       0.54527699839806032       0.63531462806886196       0.57739145745245923     
  0.82906730975124321       0.84481309460648912       0.34422506214957388       0.56755614361617690       0.71005483878638231       0.57637513909882054       0.68676852759535711       0.71133581662994738       0.95920065038303193       0.56651321927860709       0.73154075947513331       0.63925352651572487       0.68075882090739293     
  0.50521240157047809       0.71486657131744547       0.50676247971904920       0.67795275721281434       0.59617379503028389       0.82595630174929557       0.55287580387933466       0.54071390576796907       0.57553925339931111       0.61166092148932050       0.66824205148995863       0.63140104474186909       0.53813410243800364     
  0.83709292521169476       0.85271277604346940       0.36350035903193001       0.59063737792808724       0.72307931579444706       0.59836725719514749       0.70099915432840332       0.72584437074719044       0.96064164855247203       0.57459309222543931       0.74872190268984051       0.65306886695360999       0.69657447224691615     
  0.64742144925269085       0.70804015549672517       0.51185381891936477       0.56706560979562037       0.60571877251644646       0.65564579529749445       0.63442015330469215       0.51739283536768144       0.52526956955613380       0.60544075313446422       0.61549887501445177       0.52425680764021265       0.58726898893788815     
  0.84504679580884123       0.86052355472350328       0.38726630869534689       0.61179810608600815       0.73753515172533435       0.61904105875695481       0.71587948042252658       0.74114353984450732       0.96202548881222461       0.58273874404711434       0.76570868216209031       0.66618393164582235       0.71415493831374455     
  0.60061424108726758       0.69721081122170003       0.53076353996046666       0.54627663232046175       0.56591452396733477       0.50554282626136871       0.59961363635451848       0.56470943338155377       0.49160278543102870       0.57089071489152332       0.61780106806645374       0.54135782887331430       0.62637046197946733     
  0.85270007874010945       0.86803027677936906       0.40969154609997988       0.63183309841229229       0.75181213596092278       0.63804141583419693       0.73349901299086828       0.75665148927687376       0.96339015166690656       0.59112230335440730       0.78244650561068729       0.67892077373272652       0.73240628032156119     
  0.66026749105656901       0.66220789860902707       0.52964063554460739       0.54286584712071673       0.58329677054184148       0.53370061032223404       0.65769817726920510       0.61397402173821847       0.51393133889789366       0.54220714630119615       0.63149683779885546       0.65329497362045519       0.61906107288383772     
  0.86077485630771189       0.87466380814710698       0.43759606445913468       0.65157065532356973       0.76635745951374967       0.65626647544902739       0.75266272510897547       0.77281644150959783       0.96479802159785655       0.59961993033575645       0.79645880576745964       0.69094932320404956       0.74864099922488203     
  0.61295878395694914       0.63087012202155601       0.60607658115716556       0.58267560470769664       0.64620272549653712       0.68125846390321132       0.53830434561317020       0.75599039015755876       0.50660650627932691       0.59906524998099786       0.61187100808587347       0.52177088298499230       0.68343730674969483     
  0.86909731838771487       0.88047736578215186       0.46630268841773259       0.67149787891509871       0.78153752452198377       0.67709132154528184       0.77195201784227596       0.78971293697826239       0.96632880988017356       0.60776743438110614       0.80928089837079098       0.70290397738627508       0.76431141833926330     
  0.64995727961955907       0.59980187661987405       0.58845482800273685       0.64507493779092417       0.65281261075323449       0.65687473997783685       0.64969003856596996       0.58211257732267863       0.55991074851663380       0.63462022603259027       0.54363337959517677       0.58092697134613303       0.53712054581081059     
  0.87777494036729942       0.88603450177170495       0.49500563229955874       0.69122008302271487       0.79634844876473931       0.70083829957172028       0.79101633701548435       0.80505055855006014       0.96798417960862593       0.61541594412085077       0.82533112513881535       0.71705814093925546       0.77902686493609141     
  0.60547253247340593       0.54165702413484429       0.56218543978814051       0.55497966130775300       0.53218255560118310       0.69763043237206712       0.60902496364551884       0.61644339236622048       0.69874383757482073       0.52370808101855115       0.57103202472851011       0.56707926552821519       0.54311290235824095     
  0.88563752354496983       0.89125223425793954       0.52746465313104784       0.71016925737618231       0.81115499331856389       0.72495771177556556       0.80870792649470757       0.81961993697921709       0.96966142513002873       0.62559052407716187       0.84142231928751043       0.73241185295996725       0.79425156545931330     
  0.64351717642066519       0.52336571614740468       0.50372572408130478       0.52183943779678954       0.64260711343556443       0.63689298281025597       0.63305813819541068       0.60554992807242014       0.79235147113144100       0.60654250646693730       0.61351333339733716       0.51491536745927502       0.68799497275487054     
  0.89249355136120634       0.89699222935577327       0.55626701885255236       0.72867330381030737       0.82625172437933025       0.74830702046804864       0.82716616160390977       0.83214167780891535       0.97159974449096353       0.63538956909077371       0.85572652066396504       0.74770876793673624       0.80938847512201884     
  0.61108235950275758       0.64242510899404814       0.52887701511233387       0.47363850554262982       0.53826263700259469       0.66350305178277658       0.74618256327201316       0.57742401041437663       0.48275960255745681       0.60463628763580168       0.56341330832295888       0.53610035539184109       0.50569093825406009     
  0.89944731722388682       0.90328038519542286       0.58802896788093884       0.74799497812452265       0.84100593338407537       0.77165204703815260       0.84445094173034974       0.84401008462745963       0.97352356334812340       0.64553947558270497       0.86892512283400236       0.76571541748604655       0.82326211081615075     
  0.63709378329675104       0.65652146123009092       0.61933882131628792       0.61835353464626641       0.51035724424580209       0.55894200458432963       0.54599471317996850       0.53159693560075150       0.69539766165150130       0.52413047767606069       0.55006500374514677       0.51724734163579222       0.65638425558478863     
  0.90691886682162903       0.90957362530560915       0.62410310767655142       0.76848297251305497       0.85605574964337849       0.79606698672168918       0.85903662928204183       0.85682814525564721       0.97537560364357190       0.65644010517621887       0.88257195820124945       0.78341916780502918       0.83867965521418741     
  0.72150676205030340       0.53651606334217317       0.57561961995733890       0.51238592095042201       0.67572576483347369       0.64652062472766081       0.68222040628213421       0.56083652631882075       0.76835757740501076       0.63183071705493554       0.54819748284167158       0.51542475160301737       0.56163287231274939     
  0.91471752837895859       0.91603939176403526       0.65992575143414911       0.78861751486482101       0.87051244908218894       0.81912934490164391       0.87443667240893297       0.87073010769013170       0.97717119970341249       0.66770232587350042       0.89639159772682686       0.80236284220775356       0.85459151541662703     
  0.72762107896602313       0.59700498231727173       0.53522887969131405       0.63415737662565430       0.62799186065340928       0.56847107005392883       0.54827366151706103       0.62557526839736943       0.65100553898905311       0.60557652931951966       0.63913932564076748       0.59077545271193832       0.52413816390317136     
  0.92248152078654055       0.92276971344674497       0.69628187325318092       0.80950433668257471       0.88333252781374760       0.84220416881951232       0.89048094905846986       0.88509747623773949       0.97887484433239780       0.67963056232485541       0.91069139778286323       0.82479867378609228       0.87032843256535042     
  0.52958733075247677       0.56230741582671462       0.61676396694736957       0.45876251676161361       0.55879168865518292       0.63606258807845772       0.59108077536916703       0.54455934165683451       0.61152527088395603       0.57818542379130133       0.61414690904625213       0.54264651322199164       0.63659121195936563     
  0.92950826899738925       0.92984499947170374       0.73199845812757725       0.83099309379623509       0.89593938094561343       0.86840165716558226       0.90650599811374633       0.89820278457104930       0.98061980289186257       0.69232452427635471       0.92318294505563492       0.84858661620973141       0.88599012387158194     
  0.55903855880635012       0.70547170911045431       0.55055582336299003       0.53455925701686435       0.53968281930054030       0.67426975543147538       0.59812057151061804       0.56771469834138333       0.68988088488646726       0.57031777847156628       0.70157357473530435       0.63791694146865874       0.59791647379811186     
  0.93627592771333201       0.93732388093740371       0.76860902112741902       0.85453825585730214       0.90751326449938707       0.89645804035837751       0.92283291023988812       0.91014047160813039       0.98246175700833316       0.70464436468022307       0.93472697230955670       0.87153457177057758       0.90194774844402603     
  0.55252707533657919       0.75402129321930689       0.67787571087448850       0.54107728707846448       0.50130714824447864       0.56048752194538676       0.63164799890803469       0.55446185326574082       0.62861556129698337       0.62300923089736460       0.53807926344760659       0.57081229658248933       0.54392062859876467     
  0.94353757633550417       0.94476683141310447       0.80877549301422258       0.87793856768014700       0.92278157541713224       0.91350961328197322       0.93826990535413402       0.92262835835738322       0.98444234830312694       0.71936635721625941       0.94573799420952886       0.89428221681485487       0.91811402886273319     
  0.59624339643259505       0.73378575083608955       0.53403580763258596       0.53353267930028925       0.57636347529508314       0.55321268783299571       0.62303561001856567       0.53299124319054703       0.70005401097804643       0.56088316697213347       0.69451294066490055       0.64924701081440728       0.63024220187902069     
  0.95141949498417311       0.95253348614524225       0.85160435338256013       0.90202240762244768       0.93825839326991267       0.93107175782949791       0.95264419379352994       0.93651574296232321       0.98622274920828257       0.73706075265257331       0.95674537487255784       0.91655865699274797       0.93554181348788967     
  0.52227880186085096       0.55924528336389567       0.60661856967814731       0.61904280236147113       0.60315377740263665       0.54448577335184434       0.70355493063904107       0.57024878427851899       0.64614914586196515       0.63304509040794910       0.61364451985887147       0.59744836450259542       0.68379234030996494     
  0.96022321364224517       0.96107752812787894       0.89320158989932263       0.92671980861661440       0.95271109085816819       0.94698070467589257       0.96569414281570731       0.95162234100362020       0.98832556637557167       0.76022346708803457       0.96764742813409144       0.93744420383534333       0.95181357032049474     
  0.77041267878240649       0.59112370908870082       0.65369027129932322       0.66092129144992307       0.52687466072603695       0.56756654807547791       0.67590993157819945       0.59930350525156173       0.62952441950396776       0.57079995118965199       0.50195694927965295       0.60938460473299316       0.75551073197990759     
  0.96860441598546010       0.96949801067658514       0.93215327684165394       0.95193529137509370       0.96650177392037229       0.96356058833807301       0.97725370599879979       0.96765992914770427       0.99093521377721039       0.78891128532002464       0.97832422332868252       0.95857076534152807       0.96757815547511772     
  0.61713576568221817       0.66611653133210247       0.62816271175925353       0.59861405935212120       0.52060884285306186       0.63316428652222734       0.61338733674554613       0.61024355803926711       0.72539582372621669       0.53753398850112377       0.60918191622033557       0.58479873723503450       0.57796036118919170     
  0.98018391407222816       0.98283282050388898       0.96696752321531010       0.97581921036317609       0.98321778280284011       0.98133128296901473       0.98859285724873347       0.98375476061007139       0.99455460878591861       0.86231161937879841       0.98904620017493083       0.97909771038036963       0.98371922493663788     
  0.57888211475501472       0.70267518712638710       0.54371650570531671       0.62826077501943900       0.65259153099227241       0.58697277583838148       0.54167284340206923       0.73521708974352007       0.67006071902995068       0.61518567386869605       0.61934618442985212       0.59293393725281185       0.64250099969702534     
   1.0000000000000000        1.0000000000000000        1.0000000000000000        1.0000000000000000        1.0000000000000000        1.0000000000000000        1.0000000000000000        1.0000000000000000        1.0000000000000000        1.0000000000000000        1.0000000000000000        1.0000000000000000        1.0000000000000000     
  0.54860042219050265       0.65337745379914325       0.54929306579992376       0.56782242570872121       0.54905575608458956       0.68911904266234947       0.59698531691046020       0.58735935376936366       0.53020580946411600       0.51676264908177749       0.70858810049059784       0.53730494968931330       0.52536723324155854     
   1.9562772402098727        5.5713519316840321        9.7119393699375269        13.730362054651335        8.8387052985716927        7.7459308831636688        3.2312769273494659        10.204380381499664        7.6520188558736022        8.5883388445751674        7.2034778398571504        12.907899837457570        1.4889965062967390     
   3.2560964916855921        2.3247057456011562        7.8450047606632616        16.271914319531437        8.8838960662658213        8.7118223223034921        3.9374118615888900        10.607224358656154        5.5822290465014586        8.2303606387878414        2.9621518998099901        7.9725772564005242        9.7149937670387807     
   4.5866010977475611        15.365709375884432        10.638435414947072        11.918891800441310        6.9618475433502836        7.9918285754368608        16.017727618955711        7.9303764225275355        2.9148892569900506        6.2055327469323949        9.9611914884292698        1.6976729254178078       0.52871669636438956     
   13.456931684024084        22.760480063987341        7.5208082368058484        9.3753072393948269        9.8284751691192032        13.734597315106059        11.285021168185382        4.4578918188350762        8.0051510417604543        11.698054279282873        8.6200821387299769        11.100346566178059        9.1976788823179714     
   5.0854067205277484        11.226828966876418        2.2778239478257405E-002   9.6620211653002066        6.3750127901919589        4.1963344671678975        7.8637630422661218        4.8594801033830812        4.0788194047397255        4.5189379071053937        2.4330418230471720        6.9282302622830390        19.791268622669808     
   7.2450434246730939        4.1260510409941684        2.4284505338076707       -1.1502770891686114        9.6603689485002846        5.9012741155230124        10.473351073429741        6.7060396488926486        4.4014999215109007        11.745354390278491        15.240218020371207        10.872813094031363        6.7976853123877552     
   10.098755320296066        11.305519960436575        12.594399088867036        5.5897031148224912        12.658408680798837        3.8483894986203082        12.431045521343778        7.9418651188856595        9.1428934947710871       -9.0567705415098736        3.3489846596011579        12.491333964021255        9.1250091398533240     
   4.3230294120020707      -0.36093023536454200        19.237293381661321       0.82670176914717863        4.8380926197856180        7.9765383151507638        5.5754649358776609        14.784957943828074        8.5679275761191498        7.8539881282600019        8.7730930095085196        3.7575229965599326        5.7882634261770542     
   3.1475561256908509E-005
           1           1           1           1           1           1           1           1           1           1           1           1           1
   3.9174678630648165E-005   1.3425117942806220E-005   2.3434650191440946E-008   6.7724559398989452        2.4980596616621017E-007   3.0601116390712575E-010
   6.1254430301044365E-007   4.6008817984688667E-007   2.2115013930530481E-008  0.56749005951441145        2.2108218765570737E-008   2.5572412846068175E-011
   5.0000000000000001E-003   9.2960904262021486     
