     
 Collinear #          17
 
 part:           1
 comp:           0
  0.99999210664093297        276.80752451648618        276.80970947491630     
  0.99999924665640316        276.80950094209413        276.80970947491630     
  0.99999992500771340        276.80968871632325        276.80970947491630     
  0.99999999250417548        276.80970739999930        276.80970947491630     
  0.99999999925045202        276.80970926743413        276.80970947491630     
  0.99999999992504573        276.80970945416823        276.80970947491630     
  0.99999999999250488        276.80970947284158        276.80970947491630     
  0.99999999999925071        276.80970947470888        276.80970947491630     
  0.99999999999992528        276.80970947489561        276.80970947491630     
  0.99999999999999245        276.80970947491420        276.80970947491630     
 comp:           1
   0.0000000000000000        0.0000000000000000     
   0.0000000000000000        0.0000000000000000     
   0.0000000000000000        0.0000000000000000     
   0.0000000000000000        0.0000000000000000     
   0.0000000000000000        0.0000000000000000     
   0.0000000000000000        0.0000000000000000     
   0.0000000000000000        0.0000000000000000     
   0.0000000000000000        0.0000000000000000     
   0.0000000000000000        0.0000000000000000     
   0.0000000000000000        0.0000000000000000     
 comp:           2
   0.0000000000000000        0.0000000000000000     
   0.0000000000000000        0.0000000000000000     
   0.0000000000000000        0.0000000000000000     
   0.0000000000000000        0.0000000000000000     
   0.0000000000000000        0.0000000000000000     
   0.0000000000000000        0.0000000000000000     
   0.0000000000000000        0.0000000000000000     
   0.0000000000000000        0.0000000000000000     
   0.0000000000000000        0.0000000000000000     
   0.0000000000000000        0.0000000000000000     
 comp:           3
  0.99999210664093297        276.80752451648618        276.80970947491630     
  0.99999924665640316        276.80950094209413        276.80970947491630     
  0.99999992500771340        276.80968871632325        276.80970947491630     
  0.99999999250417548        276.80970739999930        276.80970947491630     
  0.99999999925045202        276.80970926743413        276.80970947491630     
  0.99999999992504573        276.80970945416823        276.80970947491630     
  0.99999999999250488        276.80970947284158        276.80970947491630     
  0.99999999999925071        276.80970947470888        276.80970947491630     
  0.99999999999992528        276.80970947489561        276.80970947491630     
  0.99999999999999245        276.80970947491420        276.80970947491630     
 
 part:           2
 comp:           0
   1.0001061190960776        276.27931540029130        276.24999999999989     
   1.0000101673678468        276.25280873536758        276.24999999999989     
   1.0000010124938941        276.25027970143810        276.24999999999989     
   1.0000001012071542        276.25002795847627        276.24999999999989     
   1.0000000101202937        276.25000279573101        276.24999999999989     
   1.0000000010120256        276.25000027957196        276.24999999999989     
   1.0000000001012028        276.25000002795719        276.24999999999989     
   1.0000000000101208        276.25000000279573        276.24999999999989     
   1.0000000000010123        276.25000000027956        276.24999999999989     
   1.0000000000001015        276.25000000002791        276.24999999999989     
 comp:           1
   0.0000000000000000        0.0000000000000000     
   0.0000000000000000        0.0000000000000000     
   0.0000000000000000        0.0000000000000000     
   0.0000000000000000        0.0000000000000000     
   0.0000000000000000        0.0000000000000000     
   0.0000000000000000        0.0000000000000000     
   0.0000000000000000        0.0000000000000000     
   0.0000000000000000        0.0000000000000000     
   0.0000000000000000        0.0000000000000000     
   0.0000000000000000        0.0000000000000000     
 comp:           2
   0.0000000000000000        0.0000000000000000     
   0.0000000000000000        0.0000000000000000     
   0.0000000000000000        0.0000000000000000     
   0.0000000000000000        0.0000000000000000     
   0.0000000000000000        0.0000000000000000     
   0.0000000000000000        0.0000000000000000     
   0.0000000000000000        0.0000000000000000     
   0.0000000000000000        0.0000000000000000     
   0.0000000000000000        0.0000000000000000     
   0.0000000000000000        0.0000000000000000     
 comp:           3
   1.0001061190960776       -276.27931540029130       -276.24999999999989     
   1.0000101673678468       -276.25280873536758       -276.24999999999989     
   1.0000010124938941       -276.25027970143810       -276.24999999999989     
   1.0000001012071542       -276.25002795847627       -276.24999999999989     
   1.0000000101202937       -276.25000279573101       -276.24999999999989     
   1.0000000010120256       -276.25000027957196       -276.24999999999989     
   1.0000000001012028       -276.25000002795719       -276.24999999999989     
   1.0000000000101208       -276.25000000279573       -276.24999999999989     
   1.0000000000010123       -276.25000000027956       -276.24999999999989     
   1.0000000000001015       -276.25000000002791       -276.24999999999989     
 
 part:           3
 comp:           0
  0.99998646892579690        237.83494400592249        237.83816221174371     
  0.99999578128603006        237.83715884056619        237.83816221174371     
  0.99999866626403755        237.83784499843352        237.83816221174371     
  0.99999957809497619        237.83806186662821        237.83816221174371     
  0.99999986656232764        237.83813047517293        237.83816221174371     
  0.99999995780116935        237.83815217525137        237.83816221174371     
  0.99999998665533907        237.83815903787408        237.83816221174371     
  0.99999999578002552        237.83816120807273        237.83816221174371     
  0.99999999866552480        237.83816189435458        237.83816221174371     
  0.99999999957800156        237.83816211137636        237.83816221174371     
 comp:           1
  0.99974418701063761       -85.376101175534174       -85.397947079662032     
  0.99992067498191506       -85.391172885965517       -85.397947079662032     
  0.99997496333206215       -85.395808999618424       -85.397947079662032     
  0.99999208422452979       -85.397271088687333       -85.397947079662032     
  0.99999749685962525       -85.397733316612772       -85.397947079662032     
  0.99999920843899226       -85.397879481976986       -85.397947079662032     
  0.99999974968647531       -85.397925703400901       -85.397947079662032     
  0.99999992084391431       -85.397940319894815       -85.397947079662032     
  0.99999997496864823       -85.397944942035977       -85.397947079662032     
  0.99999999208439105       -85.397946403685282       -85.397947079662032     
 comp:           2
   1.0106244376336753       -10.255876076161401       -10.148058659827189     
   1.0032945305456700       -10.181491749061241       -10.148058659827189     
   1.0010398241220011       -10.158610856013160       -10.148058659827189     
   1.0003287583754608       -10.151394919106275       -10.148058659827189     
   1.0001039605489379       -10.149113657576118       -10.148058659827189     
   1.0000328751506327       -10.148392278784259       -10.148058659827189     
   1.0000103960335966       -10.148164159385958       -10.148058659827189     
   1.0000032875144398       -10.148092021716570       -10.148058659827189     
   1.0000010396033299       -10.148069209782763       -10.148058659827189     
   1.0000003287514569       -10.148061996016258       -10.148058659827189     
 comp:           3
   1.0000000000000000        221.73867776117828        221.73867776117828     
   1.0000000000000000        221.73867776117828        221.73867776117828     
   1.0000000000000000        221.73867776117828        221.73867776117828     
   1.0000000000000000        221.73867776117828        221.73867776117828     
   1.0000000000000000        221.73867776117828        221.73867776117828     
   1.0000000000000000        221.73867776117828        221.73867776117828     
   1.0000000000000000        221.73867776117828        221.73867776117828     
   1.0000000000000000        221.73867776117828        221.73867776117828     
   1.0000000000000000        221.73867776117828        221.73867776117828     
   1.0000000000000000        221.73867776117828        221.73867776117828     
 
 part:           4
 comp:           0
  0.99993246754622422        39.001058967146804        39.003692982240210     
  0.99997903608372707        39.002875312086196        39.003692982240210     
  0.99999338112861580        39.003434821812853        39.003692982240210     
  0.99999790710879144        39.003611351754067        39.003692982240210     
  0.99999933816022746        39.003667168044920        39.003692982240210     
  0.99999979070607403        39.003684819004178        39.003692982240210     
  0.99999993381524044        39.003690400790170        39.003692982240210     
  0.99999997907051952        39.003692165913179        39.003692982240210     
  0.99999999338151524        39.003692724094861        39.003692982240210     
  0.99999999790705074        39.003692900607462        39.003692982240210     
 comp:           1
  0.99990389221901710       -37.271956849086720       -37.275539318455557     
  0.99997019739496196       -37.274428410279668       -37.275539318455557     
  0.99999059360817566       -37.275188690127266       -37.275539318455557     
  0.99999702600120743       -37.275428461046630       -37.275539318455557     
  0.99999905955635893       -37.275504262911639       -37.275539318455557     
  0.99999970260611104       -37.275528232937958       -37.275539318455557     
  0.99999990595580623       -37.275535812907513       -37.275539318455557     
  0.99999997026061438       -37.275538209903921       -37.275539318455557     
  0.99999999059558076       -37.275538967900758       -37.275539318455557     
  0.99999999702606135       -37.275539207600389       -37.275539318455557     
 comp:           2
   1.0102017053718257       -1.7508006667053637       -1.7331198882315735     
   1.0031635044821778       -1.7386026207661456       -1.7331198882315735     
   1.0009984752225285       -1.7348503654976439       -1.7331198882315735     
   1.0003156857764097       -1.7336670095291011       -1.7331198882315735     
   1.0000998267658141       -1.7332928999847839       -1.7331198882315735     
   1.0000315679417786       -1.7331745992593006       -1.7331198882315735     
   1.0000099826585049       -1.7331371893755658       -1.7331198882315735     
   1.0000031567938168       -1.7331253593337204       -1.7331198882315735     
   1.0000009982658453       -1.7331216183459637       -1.7331198882315735     
   1.0000003156793966       -1.7331204353418141       -1.7331198882315735     
 comp:           3
   1.0000000000000000        11.349825118659233        11.349825118659233     
   1.0000000000000000        11.349825118659233        11.349825118659233     
   1.0000000000000000        11.349825118659233        11.349825118659233     
   1.0000000000000000        11.349825118659233        11.349825118659233     
   1.0000000000000000        11.349825118659233        11.349825118659233     
   1.0000000000000000        11.349825118659233        11.349825118659233     
   1.0000000000000000        11.349825118659233        11.349825118659233     
   1.0000000000000000        11.349825118659233        11.349825118659233     
   1.0000000000000000        11.349825118659233        11.349825118659233     
   1.0000000000000000        11.349825118659233        11.349825118659233     
 
 part:           5
 comp:           0
   1.0000214443949837        275.66405612815379        275.65814480601608     
   1.0000066267739012        275.65997153021573        275.65814480601608     
   1.0000020893264212        275.65872074586127        275.65814480601608     
   1.0000006603548419        275.65832683820673        275.65814480601608     
   1.0000002087963873        275.65820236244087        275.65814480601608     
   1.0000000660248740        275.65816300631036        275.65814480601608     
   1.0000000208786728        275.65815056139229        275.65814480601608     
   1.0000000066023940        275.65814662601974        275.65814480601608     
   1.0000000020878581        275.65814538155115        275.65814480601608     
   1.0000000006602383        275.65814498801615        275.65814480601608     
 comp:           1
   1.0002064030918785        122.69880658500166        122.67348639811757     
   1.0000640027369185        122.68133783699440        122.67348639811757     
   1.0000202005541647        122.67596447052415        122.67348639811757     
   1.0000063867470059        122.67426988263954        122.67348639811757     
   1.0000020196275701        122.67373415287283        122.67348639811757     
   1.0000006386610449        122.67356474489459        122.67348639811757     
   1.0000002019623122        122.67351117353853        122.67348639811757     
   1.0000000638660893        122.67349423279340        122.67348639811757     
   1.0000000201962302        122.67348887565956        122.67348639811757     
   1.0000000063866092        122.67348718158519        122.67348639811757     
 comp:           2
  0.98948216674396572        11.756214293205108        11.881178548058761     
  0.99673856574185571        11.842428865314993        11.881178548058761     
  0.99897062559261196        11.868948366931782        11.881178548058761     
  0.99967454586340931        11.877311769352723        11.881178548058761     
  0.99989708436134128        11.879955788980469        11.881178548058761     
  0.99996745528220032        11.880791878455787        11.881178548058761     
  0.99998970845880231        11.881056272420256        11.881178548058761     
  0.99999674552899576        11.881139881107680        11.881178548058761     
  0.99999897084592559        11.881166320495449        11.881178548058761     
  0.99999967455288852        11.881174681363522        11.881178548058761     
 comp:           3
   1.0000000000000000       -233.08850287983751       -233.08850287983751     
   1.0000000000000000       -233.08850287983751       -233.08850287983751     
   1.0000000000000000       -233.08850287983751       -233.08850287983751     
   1.0000000000000000       -233.08850287983751       -233.08850287983751     
   1.0000000000000000       -233.08850287983751       -233.08850287983751     
   1.0000000000000000       -233.08850287983751       -233.08850287983751     
   1.0000000000000000       -233.08850287983751       -233.08850287983751     
   1.0000000000000000       -233.08850287983751       -233.08850287983751     
   1.0000000000000000       -233.08850287983751       -233.08850287983751     
   1.0000000000000000       -233.08850287983751       -233.08850287983751     
 
 part:           6
 comp:           0
   1.0483667721401857       0.58678081555434669       0.55970947491636391     
   1.0046354757129452       0.56230399459364400       0.55970947491636391     
   1.0004616265204580       0.55996785165373697       0.55970947491636391     
   1.0000461435283898       0.55973530188640974       0.55970947491636391     
   1.0000046141616901       0.55971205750638064       0.55970947491636391     
   1.0000004614142575       0.55970973317429573       0.55970947491636391     
   1.0000000461414071       0.55970950074214665       0.55970947491636391     
   1.0000000046141411       0.55970947749894240       0.55970947491636391     
   1.0000000004614136       0.55970947517462144       0.55970947491636391     
   1.0000000000461411       0.55970947494218948       0.55970947491636391     
 comp:           1
  -5.0748560380782001E-002  -0.0000000000000000     
  -1.5736540749223430E-002  -0.0000000000000000     
  -4.9667807784726558E-003  -0.0000000000000000     
  -1.5703329055819293E-003  -0.0000000000000000     
  -4.9657334842559333E-004  -0.0000000000000000     
  -1.5702997965668042E-004  -0.0000000000000000     
  -4.9657230133548715E-005  -0.0000000000000000     
  -1.5702994689677880E-005  -0.0000000000000000     
  -4.9657228408870904E-006  -0.0000000000000000     
  -1.5702995271473411E-006  -0.0000000000000000     
 comp:           2
  0.25046244966165587        0.0000000000000000     
   7.7665504512390959E-002   0.0000000000000000     
   2.4512854579019257E-002   0.0000000000000000     
   7.7501592826522483E-003   0.0000000000000000     
   2.4507685804317698E-003   0.0000000000000000     
   7.7499958777207229E-004   0.0000000000000000     
   2.4507634126644273E-004   0.0000000000000000     
   7.7499942609014170E-005   0.0000000000000000     
   2.4507633275453569E-005   0.0000000000000000     
   7.7499945480384964E-006   0.0000000000000000     
 comp:           3
  0.94372016173893991       0.52820911619488808       0.55970947491636391     
  0.99460922438326471       0.55669220672652908       0.55970947491636391     
  0.99946318573355197       0.55940901488516270       0.55970947491636391     
  0.99994634110251657       0.55967944152302884       0.55970947491636391     
  0.99999463433544111       0.55970647170307108       0.55970947491636391     
  0.99999946343579593       0.55970917459629499       0.55970947491636391     
  0.99999994634360267       0.55970944488436991       0.55970947491636391     
  0.99999999463436073       0.55970947191316478       0.55970947491636391     
  0.99999999946343576       0.55970947461604381       0.55970947491636391     
  0.99999999994634325       0.55970947488633171       0.55970947491636391     
 
 part: i_fks+j_fks
 comp:           0
   1.0000897228768120        277.39430533204052        277.36941894983266     
   1.0000086021987000        277.37180493668779        277.36941894983266     
   1.0000008566847247        277.36965656797696        277.36941894983266     
   1.0000000856332798        277.36944270188570        277.36941894983266     
   1.0000000085629766        277.36942132494050        277.36941894983266     
   1.0000000008562944        277.36941918734254        277.36941894983266     
   1.0000000000856297        277.36941897358372        277.36941894983266     
   1.0000000000085632        277.36941895220781        277.36941894983266     
   1.0000000000008564        277.36941895007021        277.36941894983266     
   1.0000000000000855        277.36941894985637        277.36941894983266     
 comp:           1
  -5.0748560380782001E-002   0.0000000000000000     
  -1.5736540749223430E-002   0.0000000000000000     
  -4.9667807784726558E-003   0.0000000000000000     
  -1.5703329055819293E-003   0.0000000000000000     
  -4.9657334842559333E-004   0.0000000000000000     
  -1.5702997965668042E-004   0.0000000000000000     
  -4.9657230133548715E-005   0.0000000000000000     
  -1.5702994689677880E-005   0.0000000000000000     
  -4.9657228408870904E-006   0.0000000000000000     
  -1.5702995271473411E-006   0.0000000000000000     
 comp:           2
  0.25046244966165587        0.0000000000000000     
   7.7665504512390959E-002   0.0000000000000000     
   2.4512854579019257E-002   0.0000000000000000     
   7.7501592826522483E-003   0.0000000000000000     
   2.4507685804317698E-003   0.0000000000000000     
   7.7499958777207229E-004   0.0000000000000000     
   2.4507634126644273E-004   0.0000000000000000     
   7.7499942609014170E-005   0.0000000000000000     
   2.4507633275453569E-005   0.0000000000000000     
   7.7499945480384964E-006   0.0000000000000000     
 comp:           3
  0.99987855432196115        277.33573363268107        277.36941894983266     
  0.99998837001921770        277.36619314882068        277.36941894983266     
  0.99999884191045474        277.36909773120840        277.36941894983266     
  0.99999988423990482        277.36938684152233        277.36941894983266     
  0.99999998842447924        277.36941573913720        277.36941894983266     
  0.99999999884245305        277.36941862876455        277.36941894983266     
  0.99999999988424570        277.36941891772597        277.36941894983266     
  0.99999999998842470        277.36941894662203        277.36941894983266     
  0.99999999999884270        277.36941894951167        277.36941894983266     
  0.99999999999988420        277.36941894980055        277.36941894983266     
     
 Collinear #          16
 
 part:           1
 comp:           0
   1.0000615106644970        276.26699232106728        276.25000000000000     
   1.0000058936218441        276.25162811303443        276.25000000000000     
   1.0000005869049213        276.25016213248449        276.25000000000000     
   1.0000000586660314        276.25001620649118        276.25000000000000     
   1.0000000058663585        276.25000162058154        276.25000000000000     
   1.0000000005866336        276.25000016205752        276.25000000000000     
   1.0000000000586633        276.25000001620572        276.25000000000000     
   1.0000000000058662        276.25000000162055        276.25000000000000     
   1.0000000000005866        276.25000000016206        276.25000000000000     
   1.0000000000000584        276.25000000001614        276.25000000000000     
 comp:           1
   0.0000000000000000        0.0000000000000000     
   0.0000000000000000        0.0000000000000000     
   0.0000000000000000        0.0000000000000000     
   0.0000000000000000        0.0000000000000000     
   0.0000000000000000        0.0000000000000000     
   0.0000000000000000        0.0000000000000000     
   0.0000000000000000        0.0000000000000000     
   0.0000000000000000        0.0000000000000000     
   0.0000000000000000        0.0000000000000000     
   0.0000000000000000        0.0000000000000000     
 comp:           2
   0.0000000000000000        0.0000000000000000     
   0.0000000000000000        0.0000000000000000     
   0.0000000000000000        0.0000000000000000     
   0.0000000000000000        0.0000000000000000     
   0.0000000000000000        0.0000000000000000     
   0.0000000000000000        0.0000000000000000     
   0.0000000000000000        0.0000000000000000     
   0.0000000000000000        0.0000000000000000     
   0.0000000000000000        0.0000000000000000     
   0.0000000000000000        0.0000000000000000     
 comp:           3
   1.0000615106644970        276.26699232106728        276.25000000000000     
   1.0000058936218441        276.25162811303443        276.25000000000000     
   1.0000005869049213        276.25016213248449        276.25000000000000     
   1.0000000586660314        276.25001620649118        276.25000000000000     
   1.0000000058663585        276.25000162058154        276.25000000000000     
   1.0000000005866336        276.25000016205752        276.25000000000000     
   1.0000000000586633        276.25000001620572        276.25000000000000     
   1.0000000000058662        276.25000000162055        276.25000000000000     
   1.0000000000005866        276.25000000016206        276.25000000000000     
   1.0000000000000584        276.25000000001614        276.25000000000000     
 
 part:           2
 comp:           0
  0.99999540040271795        276.57303281995348        276.57430495037482     
  0.99999956099645360        276.57418353327409        276.57430495037482     
  0.99999995629882188        276.57429286375185        276.57430495037482     
  0.99999999563186404        276.57430374226067        276.57430495037482     
  0.99999999956320607        276.57430482956886        276.57430495037482     
  0.99999999995632083        276.57430493829429        276.57430495037482     
  0.99999999999563194        276.57430494916673        276.57430495037482     
  0.99999999999956302        276.57430495025397        276.57430495037482     
  0.99999999999995626        276.57430495036272        276.57430495037482     
  0.99999999999999545        276.57430495037357        276.57430495037482     
 comp:           1
   0.0000000000000000        0.0000000000000000     
   0.0000000000000000        0.0000000000000000     
   0.0000000000000000        0.0000000000000000     
   0.0000000000000000        0.0000000000000000     
   0.0000000000000000        0.0000000000000000     
   0.0000000000000000        0.0000000000000000     
   0.0000000000000000        0.0000000000000000     
   0.0000000000000000        0.0000000000000000     
   0.0000000000000000        0.0000000000000000     
   0.0000000000000000        0.0000000000000000     
 comp:           2
   0.0000000000000000        0.0000000000000000     
   0.0000000000000000        0.0000000000000000     
   0.0000000000000000        0.0000000000000000     
   0.0000000000000000        0.0000000000000000     
   0.0000000000000000        0.0000000000000000     
   0.0000000000000000        0.0000000000000000     
   0.0000000000000000        0.0000000000000000     
   0.0000000000000000        0.0000000000000000     
   0.0000000000000000        0.0000000000000000     
   0.0000000000000000        0.0000000000000000     
 comp:           3
  0.99999540040271795       -276.57303281995348       -276.57430495037482     
  0.99999956099645360       -276.57418353327409       -276.57430495037482     
  0.99999995629882188       -276.57429286375185       -276.57430495037482     
  0.99999999563186404       -276.57430374226067       -276.57430495037482     
  0.99999999956320607       -276.57430482956886       -276.57430495037482     
  0.99999999995632083       -276.57430493829429       -276.57430495037482     
  0.99999999999563194       -276.57430494916673       -276.57430495037482     
  0.99999999999956302       -276.57430495025397       -276.57430495037482     
  0.99999999999995626       -276.57430495036272       -276.57430495037482     
  0.99999999999999545       -276.57430495037357       -276.57430495037482     
 
 part:           3
 comp:           0
   1.0000992116953198        142.43188995534896        142.41776044789128     
   1.0000307572828977        142.42214083123903        142.41776044789128     
   1.0000097069113489        142.41914288446645        142.41776044789128     
   1.0000030689325698        142.41819751839483        142.41776044789128     
   1.0000009704556649        142.41789865801368        142.41776044789128     
   1.0000003068836953        142.41780415357988        142.41776044789128     
   1.0000000970450522        142.41777426883027        142.41776044789128     
   1.0000000306883321        142.41776481845483        142.41776044789128     
   1.0000000097045016        142.41776182998467        142.41776044789128     
   1.0000000030688332        142.41776088494763        142.41776044789128     
 comp:           1
  0.99987537023846540       -103.87380050988611       -103.88674789050231     
  0.99996135435487454       -103.88273312011009       -103.88674789050231     
  0.99998780273424359       -103.88548075622971       -103.88674789050231     
  0.99999614363740619       -103.88634726553374       -103.88674789050231     
  0.99999878053570423       -103.88662120432245       -103.88674789050231     
  0.99999961437239648       -103.88670782890468       -103.88674789050231     
  0.99999987805388058       -103.88673522191654       -103.88674789050231     
  0.99999996143725300       -103.88674388434393       -103.88674789050231     
  0.99999998780538901       -103.88674662364383       -103.88674789050231     
  0.99999999614372526       -103.88674748988646       -103.88674789050231     
 comp:           2
   1.0003844534602111       -93.476602082628204       -93.440678490458083     
   1.0001192127129803       -93.451817807243643       -93.440678490458083     
   1.0000376256920291       -93.444194260649951       -93.440678490458083     
   1.0000118959703108       -93.441790057995220       -93.440678490458083     
   1.0000037617601312       -93.441029991877059       -93.440678490458083     
   1.0000011895703300       -93.440789644716830       -93.440678490458083     
   1.0000003761750564       -93.440713640510580       -93.440678490458083     
   1.0000001189569918       -93.440689605880110       -93.440678490458083     
   1.0000000376175027       -93.440682005463046       -93.440678490458083     
   1.0000000118956995       -93.440679602000316       -93.440678490458083     
 comp:           3
   1.0000000000000000       -27.496253889775844       -27.496253889775844     
   1.0000000000000000       -27.496253889775844       -27.496253889775844     
   1.0000000000000000       -27.496253889775844       -27.496253889775844     
   1.0000000000000000       -27.496253889775844       -27.496253889775844     
   1.0000000000000000       -27.496253889775844       -27.496253889775844     
   1.0000000000000000       -27.496253889775844       -27.496253889775844     
   1.0000000000000000       -27.496253889775844       -27.496253889775844     
   1.0000000000000000       -27.496253889775844       -27.496253889775844     
   1.0000000000000000       -27.496253889775844       -27.496253889775844     
   1.0000000000000000       -27.496253889775844       -27.496253889775844     
 
 part:           4
 comp:           0
   1.0002225632492914        134.07020034086355        134.04036788105174     
   1.0000690078853456        134.04961772339016        134.04036788105174     
   1.0000217796215258        134.04328722953338        134.04036788105174     
   1.0000068859275730        134.04129087331683        134.04036788105174     
   1.0000021774723533        134.04065975024702        134.04036788105174     
   1.0000006885751551        134.04046017791885        134.04036788105174     
   1.0000002177464666        134.04039706786824        134.04036788105174     
   1.0000000688574702        134.04037711073238        134.04036788105174     
   1.0000000217746425        134.04037079973284        134.04036788105174     
   1.0000000068857471        134.04036880401981        134.04036788105174     
 comp:           1
  0.99961517284989987       -31.655362595467782       -31.667549128149425     
  0.99988067648875889       -31.663770444995052       -31.667549128149425     
  0.99996233983095140       -31.666356522895903       -31.667549128149425     
  0.99998809317837201       -31.667172068290562       -31.667549128149425     
  0.99999623481336375       -31.667429893916644       -31.667549128149425     
  0.99999880934660779       -31.667511423074632       -31.667549128149425     
  0.99999962348249849       -31.667537204762947       -31.667549128149425     
  0.99999988093472236       -31.667545357643895       -31.667549128149425     
  0.99999996234825506       -31.667547935810941       -31.667549128149425     
  0.99999998809347201       -31.667548751098863       -31.667549128149425     
 comp:           2
   1.0002607587179950       -129.70370852949614       -129.66989597365949     
   1.0000808535619430       -129.68038024662573       -129.66989597365949     
   1.0000255185149958       -129.67320495684439       -129.66989597365949     
   1.0000080680574184       -129.67094215782564       -129.66989597365949     
   1.0000025512889099       -129.67022679902703       -129.66989597365949     
   1.0000008067862469       -129.67000058954821       -129.66989597365949     
   1.0000002551281035       -129.66992905609413       -129.66989597365949     
   1.0000000806785829       -129.66990643524295       -129.66989597365949     
   1.0000000255128068       -129.66989928190250       -129.66989597365949     
   1.0000000080678584       -129.66989701981785       -129.66989597365949     
 comp:           3
   1.0000000000000000       -12.235384427317870       -12.235384427317870     
   1.0000000000000000       -12.235384427317870       -12.235384427317870     
   1.0000000000000000       -12.235384427317870       -12.235384427317870     
   1.0000000000000000       -12.235384427317870       -12.235384427317870     
   1.0000000000000000       -12.235384427317870       -12.235384427317870     
   1.0000000000000000       -12.235384427317870       -12.235384427317870     
   1.0000000000000000       -12.235384427317870       -12.235384427317870     
   1.0000000000000000       -12.235384427317870       -12.235384427317870     
   1.0000000000000000       -12.235384427317870       -12.235384427317870     
   1.0000000000000000       -12.235384427317870       -12.235384427317870     
 
 part:           5
 comp:           0
  0.99984081360823618        275.99792956152993        276.04187167105698     
  0.99995062953270630        276.02824335485997        276.04187167105698     
  0.99998441687555084        276.03757007621755        276.04187167105698     
  0.99999507305270008        276.04051162730269        276.04187167105698     
  0.99999844198485655        276.04144159364068        276.04187167105698     
  0.99999950731255116        276.04173566869144        276.04187167105698     
  0.99999984419850418        276.04182866332047        276.04187167105698     
  0.99999995073123449        276.04185807081473        276.04187167105698     
  0.99999998441984783        276.04186737028260        276.04187167105698     
  0.99999999507312309        276.04187031103265        276.04187167105698     
 comp:           1
   1.0001851072062213        135.57938909586412        135.55429701865171     
   1.0000574038254657        135.56207835385891        135.55429701865171     
   1.0000181181840955        135.55675301636003        135.55429701865171     
   1.0000057284061026        135.55507352871399        135.55429701865171     
   1.0000018114494267        135.55454256840534        135.55429701865171     
   1.0000005728298136        135.55437466819441        135.55429701865171     
   1.0000001811446879        135.55432157359255        135.55429701865171     
   1.0000000572829821        135.55430478360609        135.55429701865171     
   1.0000000181144695        135.55429947414589        135.55429701865171     
   1.0000000057282985        135.55429779514719        135.55429701865171     
 comp:           2
  0.99968795710176372        223.04095439383460        223.11057446411755     
  0.99990323198953812        223.08898449771365        223.11057446411755     
  0.99996945742528687        223.10376009272770        223.11057446411755     
  0.99999034338814241        223.10841997189863        223.11057446411755     
  0.99999694636453851        223.10989316575552        223.11057446411755     
  0.99999903435701454        223.11035901895633        223.11057446411755     
  0.99999969463688310        223.11050633437711        223.11057446411755     
  0.99999990343570022        223.11055291960116        223.11057446411755     
  0.99999996946368719        223.11056765114324        223.11057446411755     
  0.99999999034356957        223.11057230966580        223.11057446411755     
 comp:           3
   1.0000000000000000        39.731638317093712        39.731638317093712     
   1.0000000000000000        39.731638317093712        39.731638317093712     
   1.0000000000000000        39.731638317093712        39.731638317093712     
   1.0000000000000000        39.731638317093712        39.731638317093712     
   1.0000000000000000        39.731638317093712        39.731638317093712     
   1.0000000000000000        39.731638317093712        39.731638317093712     
   1.0000000000000000        39.731638317093712        39.731638317093712     
   1.0000000000000000        39.731638317093712        39.731638317093712     
   1.0000000000000000        39.731638317093712        39.731638317093712     
   1.0000000000000000        39.731638317093712        39.731638317093712     
 
 part:           6
 comp:           0
   1.0484122517571943       0.34000528327846669       0.32430495037481666     
   1.0046400353828626       0.32580973681939329       0.32430495037481666     
   1.0004620825061274       0.32445480601903542       0.32430495037481666     
   1.0000461891270538       0.32431992973737372       0.32430495037481666     
   1.0000046187215568       0.32430644824908195       0.32430495037481666     
   1.0000004618702438       0.32430510016162317       0.32430495037481666     
   1.0000000461870053       0.32430496535349113       0.32430495037481666     
   1.0000000046187003       0.32430495187268404       0.32430495037481666     
   1.0000000004618694       0.32430495052460317       0.32430495037481666     
   1.0000000000461866       0.32430495038979518       0.32430495037481666     
 comp:           1
  -5.0225990510239016E-002  -0.0000000000000000     
  -1.5574788753789547E-002  -0.0000000000000000     
  -4.9157372344340831E-003  -0.0000000000000000     
  -1.5541948897000127E-003  -0.0000000000000000     
  -4.9147016624893328E-004  -0.0000000000000000     
  -1.5541621512611776E-004  -0.0000000000000000     
  -4.9146913087835613E-005  -0.0000000000000000     
  -1.5541618273320259E-005  -0.0000000000000000     
  -4.9146911381840759E-006  -0.0000000000000000     
  -1.5541618849167123E-006  -0.0000000000000000     
 comp:           2
  0.13935621828970973        0.0000000000000000     
   4.3213556155686922E-002   0.0000000000000000     
   1.3639124766628522E-002   0.0000000000000000     
   4.3122439221907061E-003   0.0000000000000000     
   1.3636251485514080E-003   0.0000000000000000     
   4.3121530866495371E-004   0.0000000000000000     
   1.3636222758290050E-004   0.0000000000000000     
   4.3121521878809694E-005   0.0000000000000000     
   1.3636222284947483E-005   0.0000000000000000     
   4.3121523476545058E-006   0.0000000000000000     
 comp:           3
  0.94368124363353889      -0.30604049888622009      -0.32430495037481666     
  0.99460529315650026      -0.32255542023964878      -0.32430495037481666     
  0.99946279232775137      -0.32413073126732711      -0.32430495037481666     
  0.99994630175920685      -0.32428753576950103      -0.32430495037481666     
  0.99999463040108238      -0.32430320898730614      -0.32430495037481666     
  0.99999946304235920      -0.32430477623679560      -0.32430495037481666     
  0.99999994630425859      -0.32430493296102192      -0.32430495037481666     
  0.99999999463042599      -0.32430494863343723      -0.32430495037481666     
  0.99999999946304219      -0.32430495020067857      -0.32430495037481666     
  0.99999999994630373      -0.32430495035740270      -0.32430495037481666     
 
 part: i_fks+j_fks
 comp:           0
   1.0000521064460650        276.91303810323194        276.89860990074965     
   1.0000049959418154        276.89999327009349        276.89860990074965     
   1.0000004975432029        276.89874766977090        276.89860990074965     
   1.0000000497339023        276.89862367199805        276.89860990074965     
   1.0000000049731861        276.89861127781796        276.89860990074965     
   1.0000000004973164        276.89861003845590        276.89860990074965     
   1.0000000000497316        276.89860991452025        276.89860990074965     
   1.0000000000049731        276.89860990212668        276.89860990074965     
   1.0000000000004972        276.89860990088732        276.89860990074965     
   1.0000000000000495        276.89860990076335        276.89860990074965     
 comp:           1
  -5.0225990510239016E-002   0.0000000000000000     
  -1.5574788753789547E-002   0.0000000000000000     
  -4.9157372344340831E-003   0.0000000000000000     
  -1.5541948897000127E-003   0.0000000000000000     
  -4.9147016624893328E-004   0.0000000000000000     
  -1.5541621512611776E-004   0.0000000000000000     
  -4.9146913087835613E-005   0.0000000000000000     
  -1.5541618273320259E-005   0.0000000000000000     
  -4.9146911381840759E-006   0.0000000000000000     
  -1.5541618849167123E-006   0.0000000000000000     
 comp:           2
  0.13935621828970973        0.0000000000000000     
   4.3213556155686922E-002   0.0000000000000000     
   1.3639124766628522E-002   0.0000000000000000     
   4.3122439221907061E-003   0.0000000000000000     
   1.3636251485514080E-003   0.0000000000000000     
   4.3121530866495371E-004   0.0000000000000000     
   1.3636222758290050E-004   0.0000000000000000     
   4.3121521878809694E-005   0.0000000000000000     
   1.3636222284947483E-005   0.0000000000000000     
   4.3121523476545058E-006   0.0000000000000000     
 comp:           3
  0.99992944499823611       -276.87907331883969       -276.89860990074965     
  0.99999324320466410       -276.89673895351376       -276.89860990074965     
  0.99999932716985984       -276.89842359501915       -276.89860990074965     
  0.99999993274534860       -276.89859127803015       -276.89860990074965     
  0.99999999327481826       -276.89860803855618       -276.89860990074965     
  0.99999999932748462       -276.89860971453106       -276.89860990074965     
  0.99999999993274824       -276.89860988212774       -276.89860990074965     
  0.99999999999327460       -276.89860989888740       -276.89860990074965     
  0.99999999999932732       -276.89860990056337       -276.89860990074965     
  0.99999999999993272       -276.89860990073100       -276.89860990074965     
