   0.0000000000000000        0.0000000000000000        0.0000000000000000        0.0000000000000000        0.0000000000000000        0.0000000000000000        0.0000000000000000        0.0000000000000000        0.0000000000000000        0.0000000000000000     
   1.7767994432094585E-002   1.9877105012403081E-002   1.6365994241272084E-002   5.9077959968327556E-002   1.4334677491285848E-002  0.20944400993864229        5.7260706008881300E-002   7.3058032728108083E-002   4.4191320056373946E-002   1.5429926932215185E-002
   1.0618913108606765       0.90281578189349609        1.0222229595177632       0.92137002118893907        1.0818813489721060       0.83787087126138193       0.83787087126138193       0.83787087126138193        1.0178784062323949       0.90150906142552889     
   3.5142808927399821E-002   3.9598787610538179E-002   3.2868353142216408E-002  0.11577439989810827        2.8652516209663519E-002  0.32845858103153797        9.1915454536092511E-002  0.13754732766211725        8.6616236658928134E-002   3.0692394963972254E-002
  0.97664972941747952       0.95936710967738081        1.0409579999573964       0.95551457688801611        1.0491824100965861        1.2950757911211346        1.0309972125462608       0.94567405981008934        1.2111314519268230        1.0918303336644926     
   5.0822156111104431E-002   5.8762568263641485E-002   4.9279998710403762E-002  0.16711136354799061        4.3173883009559974E-002  0.36249983922840517       0.11073667703954317       0.18463308170746828       0.12507011131960152        4.5952730825729836E-002
  0.96660579501350941       0.88250675421162128        1.1571059340976801       0.90566095490616316       0.99592919062298013       0.97120803393822952       0.94630074837035316        1.1425008225243580        1.2586011363238607       0.98116034097633109     
   6.6792426926492468E-002   7.7913419343107942E-002   6.5216702979687860E-002  0.21488700287575488        5.7458633890574429E-002  0.38853458105877969       0.12517419582884856       0.22610692095020135       0.16166658847445858        6.0980424459267671E-002
   1.0703260364090703       0.94488426526213354        1.0192007439836519       0.96854943342669753       0.92564046161293478       0.95099372891731537        1.0691528126145233        1.0509831202405699        1.2221668312649880       0.96657715213918916     
   8.2602427004373480E-002   9.5995839124941154E-002   8.1680328936544422E-002  0.25991120112660410        7.1202176246671134E-002  0.40875673516850591       0.13700473397242027       0.25845715137911940       0.19596470810293698        7.6791577011041390E-002
   1.0590910969637100       0.85702570039007553        1.0212066994886781       0.95924439942644568       0.95592978802638673       0.89800776485011202        1.0275318132713640        1.1324430589177368        1.0927642935591919       0.89800776485011202     
   9.9065030968441131E-002  0.11425050206308437        9.8538834368291556E-002  0.29962243123861798        8.5220825529295455E-002  0.42644132084219472       0.14781293074314505       0.28922584521042621       0.22823003900612046        9.2370825310278723E-002
   1.0419159518051613       0.90920398682548276        1.0150354228861316       0.98636160673415740        1.0901486416111845        1.0423137225519639       0.98917435699095746        1.3009448194137387       0.99221847864217472        1.0661580742196295     
  0.11594623346460094       0.13197970197995859       0.11556094712997242       0.33824909318378044        9.9666714903636128E-002  0.44160591010467487       0.15751952757447168       0.31407044525274075       0.25479173409071099       0.10819706939449635     
  0.99210564478186614       0.96439278683983665        1.0044580517978494        1.0561833558123872       0.90839409096389356       0.96454159961648755        1.0506515092256459       0.94527408041901595       0.95373953738598416        1.0403018657351015     
  0.13193347439694625       0.14964797966985863       0.13291407433548552       0.37265024270367814       0.11502108967376430       0.45621431490043435       0.16658922239857732       0.33901905161818335       0.28028497592161483       0.12393530901576309     
  0.95799193685367368       0.85180557158744419        1.0121099109287874       0.90918113136605061       0.97021865443992683        1.0259969425421467       0.97995387884056129        1.1266862719194717        1.0224124569908355       0.94941035951707187     
  0.14658600668606675       0.16705299299269946       0.14916554254741538       0.40582945055206421       0.13198239322942143       0.47034577005792300       0.17445464273258635       0.36060385322107369       0.30272041873711214       0.13875864600706206     
  0.97838484123539715       0.91172184097410802        1.0277214966477071       0.93955492577538502       0.94636398252513709       0.92908304759451799        1.0633184212043993        1.0676290764235516        1.1668290674184154        1.0397154324079774     
  0.16113586827972459       0.18447064679249181       0.16456485189908976       0.43617597326689383       0.14821254266733688       0.48328225333034797       0.18224380834823914       0.38279276771817428       0.32447858029311405       0.15379639382689406     
  0.98699961104877332       0.98763620140667574       0.93236046728140609       0.89848309135099835       0.93577853466200522       0.86011473783461700       0.99040348055336247        1.0895292806515755        1.1268964565466550        1.0525744642069621     
  0.17531693744739613       0.20131647918731793       0.17966906729354942       0.46578083203143972       0.16392756812111667       0.49519278751939927       0.18944843919545520       0.40370470617372350       0.34507506684495026       0.16869560657371577     
  0.96747356619942404        1.0156774371180712        1.1011541497877388       0.97906473593680865       0.95928896997064550       0.89057847585703864       0.94878596094989298       0.92709210017583621       0.97663680192172420        1.0467206876211546     
  0.18948943750254560       0.21753955166977801       0.19461447372791554       0.49312248297665667       0.17974432430483003       0.50668923185557102       0.19666655077692377       0.42441886759772068       0.36492079936713445       0.18387096973543626     
   1.0268370549748953       0.90137397008737485       0.99273198994983136        1.0690191532200799        1.1390609660094027       0.94714298291825860       0.99204995416324027        1.1336814073380206        1.0263015390087817        1.0426165013705422     
  0.20368560818979711       0.23451272465298201       0.20983854418835068       0.51936280960633885       0.19541464628021932       0.51784374498071672       0.20367879785443199       0.44332964793796587       0.38389783873406053       0.19911821482671296     
   1.0763943991591107        1.0070597042267502       0.87924776411713523       0.94318204797422611        1.0416240043406684       0.89517421277212261        1.0085731722072353        1.0288670147496757        1.0432584866817070       0.95747719250659624     
  0.21769051347924281       0.25139137722355503       0.22509917513168246       0.54363737671392509       0.21148806818036309       0.52893814064469380       0.21081544749263501       0.46314885781232790       0.40232231713227817       0.21450481438737656     
  0.90069341750708387       0.93788844955861017       0.95614763754620380       0.91980012082425466        1.0503452610832671       0.85755754264044970        1.0285695744162167       0.91332432895108606       0.99182963936841706       0.94610693194930218     
  0.23180378076883501       0.26898228081045172       0.24100178017917279       0.56691715467428805       0.22803559760064407       0.53979986725895635       0.21795536648688282       0.48108084099080806       0.41976933148404733       0.22982430114234073     
  0.95617690282934198       0.92924713121003966       0.91372426917218574       0.98458609414041498       0.90682664724468431       0.92462240733560253        1.0531874370251038       0.92732827629612880       0.96119448059469192       0.96550170905703692     
  0.24624312571459145       0.28645525302398456       0.25720415576316952       0.58876610064730295       0.24437028746973813       0.55056628889901860       0.22501822775605088       0.49919468693807811       0.43620895476847682       0.24542201042930267     
  0.98924207672789888       0.95108707576742169        1.0291509596403285       0.95258866205297132        1.0179284023107273       0.89547230708295766        1.0288161282095079       0.88262155891107064        1.0060489753947837       0.97666829767837637     
  0.26059568822451501       0.30314499372663994       0.27146114404444155       0.60937578444913687       0.26048111843353389       0.56137590351305822       0.23221466882562042       0.51490199999699582       0.45146291014081319       0.26147659770809534     
  0.88261534617101178       0.89887013016747364        1.1612008012429695        1.0555106561299916       0.97043042709503657       0.88264800875199867       0.93878164544156451        1.0482098267047859        1.0133063271317719        1.0917166319816802     
  0.27508169769330221       0.31974302701050955       0.28507716372699737       0.62916163470923003       0.27630970257558646       0.57175871052076732       0.23950211078669514       0.52997121391635194       0.46641943536822922       0.27724271882839946     
   1.1059259987915144        1.1292620891536016       0.86975334462680076        1.0361323268050664        1.0282421987719048       0.89800776485011202       0.89223573822197511       0.93577476913256885       0.87700807457913255        1.0126377040670003     
  0.28997524056484580       0.33661841083043337       0.29852264044379528       0.64842468827314770       0.29198914514188756       0.58174651091493046       0.24665445572618314       0.54390198825228075       0.48088388746809740       0.29313167759883096     
  0.94592624665202663       0.95397927890977696       0.99075606890516488       0.96327217448712477        1.0214335279055589       0.89351879258252420        1.1125858305149900       0.95656182640174225        1.0164046691127524       0.85566342822977359     
  0.30542031056095048       0.35321864460654712       0.31166302523559641       0.66743511855374837       0.30816656001146514       0.59137126290469622       0.25355779847944493       0.55788129782860596       0.49568658082074074       0.30942192801216589     
   1.0646199745157545       0.99646969257670326       0.96131308530426418       0.91520555240905577        1.0125788222801295       0.88556452033081212       0.98454989525332159       0.95836629410857233       0.96848184054053432        1.1129780745504660     
  0.32124229666597187       0.37023709516621311       0.32648621294945690       0.68502635310535809       0.32381952251816581       0.60080389872725570       0.26016946861220536       0.57160426741291848       0.50983816318597897       0.32625784897333499     
  0.93681501585920546        1.0781163025905720       0.90220170672055999        1.0691808717461726       0.99875983217139941       0.95492756624314046        1.0119836631898742        1.0956875411252203        1.0496976259149002       0.93052352230154589     
  0.33649447859010095       0.38704807066050256       0.34125987971459076       0.70125928054131570       0.33963646002162945       0.61019952538934463       0.26666434560085506       0.58509853035798731       0.52393229939102348       0.34298211337679302     
  0.92624282826503279       0.99045429347877278        1.0596813631508073       0.87528601463520339        1.0265299191317636        1.0111035560955572       0.97266578394215231       0.92027852503371310       0.92017573065048464       0.92736245683797969     
  0.35169349041174341       0.40517831754192801       0.35628616608132302       0.71668162800690149       0.35656895460631527       0.61945085988707160       0.27388289878945010       0.59813912544083048       0.53805491192472665       0.35905123392178112     
   1.0646790798022747       0.99114159905967836       0.97819937118791889       0.94263116549028803       0.98254952634470749        1.0862369673730390        1.0087737387534923       0.93695045720048464        1.0004006136640733       0.98920424757571734     
  0.36742730735361878       0.42334613088064921       0.37198293880822142       0.73140478847277968       0.37331033739802505       0.62845989341779263       0.28115350884310658       0.61082448848220072       0.55193610788845593       0.37449480179625222     
   1.0099290386759419        1.1445865256262828        1.0258052617347806        1.0325541129251974       0.95715695379540155       0.98945126464369071       0.96238389734871488       0.96287395522249020        1.0505746357588830       0.94118070829243339     
  0.38301701874684735       0.43948728454786812       0.38816572679792566       0.74547444413598951       0.39002869545792190       0.63725715203957123       0.28829608060656386       0.62305915912149623       0.56578779356239262       0.38825898260996711     
   1.0317874606413453        1.1378020441566092       0.95498481388001988       0.91258229782625011       0.95524846811618946       0.85933708561654065        1.2552578190384818        1.0947069832815044       0.98388170863489510       0.91574574750822491     
  0.39933649861244452       0.45550294629958554       0.40445238234768144       0.75906292113191676       0.40647160818839406       0.64588813282605950       0.29545554946553315       0.63510780456637250       0.57950679090773949       0.40230558981440695     
   1.0130912434030908        1.0466883403822593       0.95776406669778369       0.96063995607545571       0.89476781711780107       0.86197381075229262        1.0560007408631296       0.88858727126561277        1.0212776230039089       0.89232839930318231     
  0.41589980441545554       0.47028761552567105       0.42059582841671783       0.77205862938148251       0.42197384988685366       0.65426571682678769       0.30292532308248199       0.64687087082312122       0.59290741434228733       0.41681779117144319     
  0.92694387899028108       0.98105671095343738       0.95445374661549320       0.88702763708314247       0.98768850489812554       0.94803320845769101        1.0465458082864436       0.98597428415368971       0.98556148399858379        1.0393904033105321     
  0.43270483712211993       0.48486182642488934       0.43635284156683352       0.78449035813736023       0.43799584517308920       0.66276145537424813       0.31051373724116238       0.65833635575462146       0.60627059907317771       0.43138290573841864     
   1.0101695164160835        1.1302060212186631        1.1281661911574623       0.95919297368633016       0.96766085852423755       0.96931304329168710        1.1147542355066806       0.96681979736333579        1.0115469037973528       0.89634926515721614     
  0.44976866840630980       0.49988435845047385       0.45191567643162273       0.79637879808625622       0.45300951262739342       0.67135025535850990       0.31841928800675157       0.66946825988181913       0.61977067399693764       0.44595228346558524     
   1.1758767644398274        1.0494676752483085        1.1432283589852603       0.92799224094117616        1.0248674547475167       0.89987942492397732        1.1099198200859748       0.97185326657823068        1.0220134492633755        1.0471507650769012     
  0.46643279804024323       0.51428203297260888       0.46750153312812082       0.80795989356828390       0.46837731812089706       0.67979181868645600       0.32637900272640663       0.68000254337591803       0.63325360403409137       0.46058613591813269     
  0.93004907736655551        1.0108540689361885       0.95825973859521085       0.87773656220145302       0.98378142257282453       0.92241263109068872        1.0217039135450670        1.0007401351976102        1.0381368245414804       0.85001176966008873     
  0.48279458069422537       0.52874613689611671       0.48353252463535473       0.81925954952104363       0.48364073106068212       0.68804744518903183       0.33469859814457964       0.69010422088970436       0.64625547394007932       0.47539192936329977     
   1.0247103261208281        1.2417527463139111        1.0270600303283959       0.97028294515052549        1.1439764527218477       0.98962299773751250        1.0904854882311432       0.85658761238708037       0.99017346462299560        1.0365121037290597     
  0.49885468761881180       0.54320317383275962       0.49942740351540810       0.83031484176268766       0.49927609362820730       0.69629700489466551       0.34307455422757149       0.70020285368392976       0.65897957758862225       0.49108917494663545     
   1.0067652375489717       0.93987456172427464        1.0865885951910479       0.99269335576850037        1.1149796980787763        1.0082610627188382       0.99892318577057337        1.1016930573793358        1.0746622471062806        1.1492923711133156     
  0.51459280583842804       0.55717859857461616       0.51473245720028682       0.84033928390421475       0.51529624039559963       0.70462901500300112       0.35176775855772491       0.71022642612621067       0.67094860645707044       0.50717862104033717     
   1.0547792289094722        1.0258987539703932        1.0447322672662249        1.0826914003471353       0.99744854706326413        1.0316743756065003        1.0977731090594851        1.0121506407040601        1.0062163316354742        1.2691764495330631     
  0.53029842377190617       0.57114735163717600       0.53015663695924775       0.84944349272025277       0.53108665930386312       0.71286778678274809       0.36051639324802287       0.71997816344204324       0.68278883912555854       0.52276955609624864     
  0.94466261107080784        1.0387725358034783        1.0047216446341105       0.85598376449427316        1.1058015554597274       0.93220799869676896        1.0633792972144953       0.98928652221974389       0.98156662146175089        1.0342852688809343     
  0.54614806398013527       0.58439584458002503       0.54561624952942367       0.85814531023724605       0.54752198383925321       0.72095398941564348       0.36922254488483830       0.72953216310131841       0.69505210369489789       0.53837494669217401     
   1.0955129740016007        1.0820051175969145        1.0786605361417974        1.0076541462395154       0.98489072181440218       0.97059664266177692        1.0178895715149576       0.91318660525468043        1.1557433547127460        1.0057960559453845     
  0.56218928874279239       0.59756920288953042       0.56088298330390829       0.86652186680338605       0.56354501618837727       0.72893203987284405       0.37798685663462211       0.73940456328106596       0.70741033309046220       0.55395472596927930     
   1.1158428485285223        1.0193228919710835        1.0625069016826167        1.0781628881847531        1.0985211970325535       0.98276166745326710        1.0021124286075005        1.0257274147577800        1.1245671730877354       0.96246089151788183     
  0.57811624974086551       0.61095412782055947       0.57626219379433230       0.87469939057491142       0.57977540774112146       0.73688708820468263       0.38710012454995241       0.74952108276944540       0.72040234263804104       0.56936356853838876     
   1.0224507511087761       0.91064022946448642        1.0260368278785703        1.0100205444381036       0.99300587594951184       0.99029882972258210       0.99544541085301819        1.0259798011847270       0.99393130878163449       0.95618337312302859     
  0.59427518284582403       0.62426693668734412       0.59173536359467427       0.88260556840146742       0.59514635030607521       0.74488917099806273       0.39619607317075622       0.75935881160514529       0.73341811903139031       0.58444987981557284     
  0.94744696400447148        1.1410818669994371       0.90338813301178578        1.0152167353240262        1.0722186671309701        1.1268423575929380        1.0467883249001977       0.95955805840001784        1.1087336945309039        1.0547457132677069     
  0.61048407070725041       0.63731769016930906       0.60778444020934363       0.89036536782435671       0.60990436521176761       0.75293339129942749       0.40519768452707539       0.76887786163622540       0.74626643024548311       0.59955660467603267     
   1.0129942669172178        1.1005489606696803        1.0116209876814661        1.0698211201431918       0.95477949702486009        1.0006028150796973        1.1439514778753146       0.96342633588378601        1.0169350100486436       0.93650814142073457     
  0.62690182668353078       0.64990615629758763       0.62371837788575635       0.89773975926182059       0.62452674892094440       0.76097992687364280       0.41439374725248568       0.77822107345149061       0.75910487718997410       0.61462916211017637     
   1.0833804661627284        1.0457753311811187       0.97920337844301619       0.97081171837507663        1.0279158762417129       0.96549448684393824        1.0475482179589530        1.3150918851426763       0.98341999356340359        1.1590180128771761     
  0.64355446357221435       0.66221391241548722       0.63968683300465068       0.90478081820599365       0.63917921673516742       0.76889454473200947       0.42375607349560901       0.78748967129130099       0.77184540350943109       0.62948057889538267     
   1.0166609641406681        1.0489202652915688       0.96246089151788183        1.0086768321070312       0.91981536574239209        1.0013176474295005        1.1454250698849393        1.0271898385333043       0.98263002383791986        1.0474557893435792     
  0.66017564783416949       0.67451794467140025       0.65562231537876958       0.91103635676727779       0.65444901707489656       0.77676749936261091       0.43336891864956745       0.79697241637859750       0.78451682619829044       0.64450688155654801     
   1.0703236108878331        1.0554459951327055        1.0820255601525337       0.92546918330103656        1.0096801367934476       0.97816929342362491       0.91741269038089179       0.97596135953088337       0.97812580819314920       0.90536562486409466     
  0.67681654454726747       0.68729942186456250       0.67044509640980687       0.91727373903039988       0.67080992752651569       0.78459118108572301       0.44307403139393686       0.80665769129532450       0.79697567893862531       0.65950183711296972     
   1.2481826845599400       0.99239543358436499       0.94477371236978758       0.97028461004995470        1.1903701200994061        1.0265986355490035       0.98829076525327120        1.0165268713051547       0.99395473627266417       0.97687444247985256     
  0.69362065934699124       0.69999241435314996       0.68528337253141058       0.92317378521658533       0.68769845092824533       0.79227324635071705       0.45325000034244256       0.81646505490848220       0.80953804306034760       0.67460654022785227     
   1.0214243826037037        1.0583999832139395        1.0035239373513969        1.1186279457950605        1.0072650935029575       0.92491218630020389       0.99377490308156613       0.89850293314877805        1.0998934392963460       0.91501900176012219     
  0.70989256794946543       0.71276485705124915       0.70017049992640434       0.92878782331274357       0.70468589358434131       0.79979214201766580       0.46365002804204841       0.82640591311896527       0.82110501236568501       0.68969320797706835     
  0.91478420199707922       0.99630146498956074        1.0581069179179183       0.92626321176860449        1.0388305039069352       0.93583320005342463       0.94319517338331249        1.2351688573978143        1.0495630955077597       0.88300928228928499     
  0.72589088222491582       0.72539515727621939       0.71494992001141755       0.93401465730619326       0.72173267768838889       0.80723987431765021       0.47472169894157024       0.83619078130844371       0.83277950185528160       0.70560117156673274     
  0.90170262352731112        1.1125686074077936       0.96403447353326843        1.0087323542237052        1.1233110374090405       0.99225382402625883        1.0312610657190995        1.0168354622012241       0.91199768528343628        1.1011709753790901     
  0.74123471005424413       0.73830765784333463       0.72941481486367787       0.93926725806567091       0.73897923299875679       0.81452092441911106       0.48586461903084205       0.84574621378893389       0.84379186436050857       0.72210877431548293     
   1.0840003323748710        1.0925423704963664       0.86079742016077065        1.1101036511852564        1.0015963569035553       0.98900644029257678       0.89222434836228859        1.1061365957954994       0.91293807728586840        1.1640531729421499     
  0.75651579047348283       0.75126979245874947       0.74383331217366833       0.94458442888342764       0.75649588542915569       0.82189405730619147       0.49781550393365775       0.85498034651282029       0.85495803405536741       0.73909043104028826     
  0.88831177168626063       0.95141802681019216        1.0559846623015885        1.0162081081132546        1.0188454625594461        1.1588519426424211        1.0989022674300322        1.0069010727511967       0.90828250970466795        1.1097684252171562     
  0.77342394462566277       0.76483259507515611       0.75920767037162573       0.94958103454170739       0.77288948264214319       0.82953788144548390       0.50976957069937590       0.86396915877512537       0.86424100921204450       0.75617108490335416     
   1.1050316001430629        1.0065841347713946        1.0090919824954097        1.0834988323084385        1.1140191944427908       0.93127323773131832        1.0491561735759201       0.99622525297845654       0.98236933566683582        1.0854233775304181     
  0.78951279526773988       0.77821104580735123       0.77470136600128192       0.95413734229563907       0.78853893773086348       0.83777478135038486       0.52181069339943531       0.87301719016563606       0.87321497177516327       0.77306690468855321     
   1.0553914568109035        1.1191867331494016       0.89207433278704440        1.1360087430182226        1.0845104620503780        1.0481608905658808       0.98572068757340725        1.0695216539247592       0.95230021443534929        1.0687664928928591     
  0.80496660484513760       0.79167456340489029       0.79030129717126041       0.95863189377003422       0.80383645437873630       0.84642713130414371       0.53439086289968374       0.88176587202560830       0.88337515429509017       0.79002134848565553     
   1.0057694831637838       0.98077510943173862        1.0652915313623152        1.1389017064939599        1.0142960972251316        1.1119637314616362        1.0395636442363658       0.98648133893615386       0.93078774123472052        1.0930438468411749     
  0.82038797078258507       0.80490973048495584       0.80532284756353378       0.96293519530775917       0.81830899090821552       0.85540574700518635       0.54671971629253924       0.89012874925183616       0.89355008399164992       0.80709993256326895     
   1.0400153018990062        1.0430513725993036       0.96671065760656794       0.98310756030310420       0.99104070107556363        1.1832383637689565        1.0264814301232046        1.0375089015259840       0.87728001001276812        1.0657292264995011     
  0.83631835713664437       0.81813218473870697       0.82129085206351582       0.96721537707871330       0.83370649016065723       0.86470859108225462       0.55899338789807218       0.89807493983085107       0.90284941197633095       0.82431893304224302     
  0.97461966069338668        1.0080621610820786        1.0480741317529896        1.0875412464117264       0.98658416803052107        1.1417955713960424       0.90801471919403753        1.0684814367244175       0.97588136686168514        1.2013938915536539     
  0.85193053032659594       0.83171841747132635       0.83762270804654315       0.97085481226870052       0.84952610142079810       0.87430591598716101       0.57191043287990262       0.90583865617724357       0.91205284603145820       0.84131530705378943     
   1.1229018346447261       0.96027162760185725        1.1524455003210516       0.98474210963638542       0.94966018487069681        1.0776771056148162       0.99890138270055040       0.89434073473017794       0.98416882443824083       0.92699740570100386     
  0.86706200912296860       0.84418873185822918       0.85393997244783015       0.97446929588658016       0.86573342903297057       0.88400812723209721       0.58582249365418937       0.91414114463215845       0.92111940432517503       0.85811402583484520     
   1.0060877075797485       0.90834343897219516        1.1033368372699490        1.1558696956617234        1.0779387233727773        1.0717719106418937       0.99240352388850739       0.99934402571884484        1.0322770483515182       0.97106963642993260     
  0.88290356355653332       0.85638206953236651       0.87003313526787662       0.97786346465637131       0.88202886525427016       0.89401232264924912       0.60284729950881621       0.92271264587030111       0.92998932128644884       0.87490877476865248     
   1.0864187875259808        1.0549619970681405        1.2327631789826958        1.1028508855560530        1.0066947397023682        1.2926567239045488        1.1444926343900994        1.0752709667701228        1.0412211625104781        1.0839454814676770     
  0.89798363136670922       0.87149227651115535       0.88635962727870976       0.98118682480162511       0.89741529901283679       0.90455869237201236       0.62011363996306224       0.93159364914309717       0.93922081625379072       0.89128609118056989     
  0.91032888446970284        1.1443750911659301       0.97632689070792666        1.3859422041354117        1.0857718187627674        1.1922533403601077       0.91778368929208443        1.1004208302343019       0.91585702921895684        1.0970025517538444     
  0.91327388271507282       0.88647654489876848       0.90246775869071216       0.98426686700745969       0.91253933413408361       0.91497517728831779       0.63783501932943176       0.94081823327429637       0.94835486876773134       0.90776607871308068     
  0.95820012418792089        1.0511694459419327       0.89023015354507895       0.95974424325867114       0.98139060439838155        1.2930644547721639        1.0076242336012720       0.99939719070345823        1.1201831259671096        1.0550113507834311     
  0.92836514898379785       0.90298709454596549       0.91803846294999181       0.98723369172823627       0.92676819009147926       0.92536796474090188       0.65850280240121795       0.95001721432110342       0.95727741972113489       0.92422045342903403     
  0.99794862833905740        1.0582576987754175       0.96933158981891199        1.1440301142488776        1.0544991312033731        1.3027935183888011       0.96266576288040961        1.0626204397507755        1.0778222486327638        1.0425581465490033     
  0.94337845235396145       0.91963237587809421       0.93393325458737153       0.98995169216034096       0.94109940309066153       0.93628990303315718       0.68312743447970137       0.95924372195187702       0.96624960932080561       0.94008519372373001     
  0.92160832726579356        1.0673679100485705        1.0002233463311003       0.97132677448567339        1.0284535624311706        1.0141504181312511       0.95328420506991385        1.0184833381506362       0.92517406348298725        1.1679209701397266     
  0.95809226468374253       0.93811195381190537       0.95060392318948528       0.99250827489703430       0.95590516404630166       0.95067859032950697       0.71538139679488644       0.96917241767675344       0.97495431496804541       0.95542421550433587     
  0.94532214250178193        1.1463111700558735        1.0697655450300900        1.0791513011399598       0.89937153524539182        1.5483456093326176        1.0344664380307591        1.0789307076233325        1.0253541635848598       0.99295879732409631     
  0.97256597637013376       0.95669264197335879       0.96754816765959817       0.99503540223230824       0.97089476957622245       0.96413135290054996       0.75648898311226231       0.97938814080238301       0.98362429148752339       0.97037803324599792     
   1.0385047847417206        1.0357089167311107       0.97825069075349680        1.2174402530525428        1.0040582064581283        1.4479022546239353       0.94355509219074052        1.0582447207629244       0.96854808928662872       0.99570655515729267     
  0.98637926565868295       0.97837845095133824       0.98362389723352384       0.99755514395168965       0.98548900431567410       0.98235433308943132       0.85232321114305076       0.98971384724928957       0.99184158174365611       0.98532934945169248     
   1.0598446840848255        1.1722288971184880        1.0871778262996010        1.2722890047021791        1.0332188166440970        1.4027273864954941        1.0278846865774716       0.90282270995813541       0.91809166854326318        1.0980965285211330     
   1.0000000000000000        1.0000000000000000        1.0000000000000000        1.0000000000000000        1.0000000000000000        1.0000000000000000        1.0000000000000000        1.0000000000000000        1.0000000000000000        1.0000000000000000     
   1.2459950388805441       0.93807607454475450        1.2085907981666530        1.5735469148365981        1.0045782105974197        1.0838586276557460       0.89800776485011202        1.0793576640114269       0.94219622369898237       0.98372789419712159     
   8.8152844836297746        8.7638185308586554        8.3403342162912537        7.9405225847146053        9.8439891007683809        9.9915329268493469        9.2233702561602726        8.5289696045110297        9.1471276377315665        12.871770998487470     
   14.387993685705817        6.8578360412208523        10.563669742443190        6.1010291468261126        7.9860600366043837        9.5091613490470621        13.443962146000363        8.0735250400206962        7.1059183657051959        12.271074760010640     
   7.7145681792548704        9.9979524845313144        14.492993254132417        5.8950564428759424        9.9768562869162043        9.8445907218351092        6.6978153460664114        10.287336104349327        10.590214916878880        10.308395767396537     
   9.2856728037049265        8.1188859255115133        8.7748058245482614        3.8820989727370248        10.879560755841633        10.461936572407881        10.810154817465417        9.4953275020743320        11.920454389716950        10.124287433220193     
   10.915433666931195        11.816528313022852        7.4933916669131548        4.8590595611717680        10.892491894848490        11.783368739597240        11.406765863705523        12.252873883794896        8.2758306038471883        7.3865563819434712     
   10.555045703230292        13.009969476774877        9.9597543779703415        5.5074607001212827        10.460510989009823        12.385412981538837        11.115775605219886        11.521399165533264        9.9860745851208410        13.271465429389805     
   11.668420358044076        13.379133781673376        11.504884300243846        6.7225508706829062        10.045499793478989        11.674121242582604        12.570997657879081        10.222679357058459        11.747297274840358        8.9041795624327378     
   10.960653168980190        11.537774212848658        10.198609346558188        16.560574515976064        14.052044065382329        4.5657351523293510        7.7885271496056916        9.0071238442452799        11.443589704956748        7.5672961843450066     
  0.27025325057272265     
           1           1           1           1           1           1           1           1           1           1
  0.17193817587321295       0.15957697628550219        2.4905251613148389E-004   10.162012499179248        6.6197919117456485E-003   5.4116921223037369E-005
   1.1209425913887162E-003   1.2381951191571502E-003   5.6038976633183187E-004  0.18062042394014652        5.5845068746522022E-004   2.7551643936803011E-006
   2.8321675405648523E-002   9.9978593254458019     
