   0.0000000000000000        0.0000000000000000        0.0000000000000000        0.0000000000000000        0.0000000000000000        0.0000000000000000        0.0000000000000000        0.0000000000000000        0.0000000000000000        0.0000000000000000        0.0000000000000000        0.0000000000000000        0.0000000000000000     
   1.6065312347883592E-002  0.27403042903938357        1.2755597633990996E-002   1.6662289763528113E-002   1.3988484215508249E-002   1.5824536684401709E-002   1.5109880884245847E-003   1.5059496133243649E-002  0.31309353402163703        5.9460452167307394E-002   5.6254366115807149E-002   2.5673645064290391E-002   2.0175792289359340E-002
   1.2836729012706443        1.2381201519211564       0.92894881989221401        1.2384489271433272        1.1344994159499950        1.0106292959191177        1.0173756813561330        1.0267325529976457       0.84568172296320065       0.86126453065376007        1.1327586105547920        1.0842238562222952        1.1442075780465273     
   3.1564886426493001E-002  0.40405974400090111        2.5209394042665728E-002   3.3787799351018145E-002   2.8322068803031102E-002   3.2331112616022242E-002   3.1426754731405399E-003   3.0589349622979625E-002  0.52980695521098287        9.3791267911683601E-002  0.10518381768567511        5.0890777561578518E-002   4.1567149126421003E-002
   1.0413938206819142        1.1486423216893280        1.0820081032657130        1.1961041366632765        1.2223250439298341        1.0544222071012628        1.0380066710384113        1.1626907655462635        1.3011583269716709        1.0780162939904316       0.91197100206104631        1.2702466497285112        1.3090331188589219     
   4.6205194890514154E-002  0.46610093754243009        3.6693634299060904E-002   4.9823670618758087E-002   4.3763372981604209E-002   4.9173793987731834E-002   4.9129838483697600E-003   4.6300299040467507E-002  0.56373928583840227       0.11127355601243241       0.14573441048729713        7.2869969136517262E-002   5.4723440246313898E-002
   1.1386387907356703        1.0811016753178329       0.96777109017085339        1.2648613931708492        1.0317146093540663        1.1125560391292257       0.99566520504612166        1.0383251171868195        1.0015103662892022        1.1005012842002209        1.1618862857391801        1.3458229227377350        1.0311950935827385     
   6.0835157146833234E-002  0.50986350216213139        4.8613427449574087E-002   6.5630898593821735E-002   5.9117432164764651E-002   6.5900866768275862E-002   6.8424486051080844E-003   6.2930821876344870E-002  0.59681253794860645       0.12485721908131781       0.17690413466929972        9.3544506292672802E-002   6.8105336150003082E-002
   1.2145251406816431        1.1048066276022361        1.0904014796342114        1.0376368831278313        1.0520242875056149        1.1597398058249930        1.1088267748696452       0.99286912140179617        1.1427551265376645        1.1035012650240925        1.2395756642157363        1.2866472212107245        1.0552226035730674     
   7.6605532774406376E-002  0.54412890498990918        6.0841088991963915E-002   8.2027131460572167E-002   7.2555735864905449E-002   8.3377313103523365E-002   9.0146809678078380E-003   7.9308494181036568E-002  0.62279580984416727       0.13479265152833975       0.20167244206622487       0.11343089728664438        8.2624758856971070E-002
   1.2443434005957543        1.0339754669440899        1.0438475373401213        1.0329971767784600        1.0866041654732317        1.2069283254092629        1.1216302589518921        1.0592174077564367       0.91459493760173238       0.98871538968987782        1.0942370707671913        1.4101816900337407        1.0865600075612272     
   9.2412004611422627E-002  0.57594128731258432        7.2352754462166838E-002   9.9533209572633216E-002   8.6822039144161339E-002  0.10212761913260202        1.1295049042500021E-002   9.6171931347853776E-002  0.64213681087160279       0.14398561465629447       0.21890651908874001       0.13262847016174006        9.7668152703268341E-002
  0.97684283706786834       0.99057828388748392       0.92540229525788620        1.1354436879143963       0.95363506777776463        1.2628250130723135       0.93557098075123979        1.1537408667828088        1.0509949645052388        1.0538741309898709       0.95050101421378563        1.1739129382427673        1.0016444217355902     
  0.10840551287910946       0.60235856713775648        8.3844226889974671E-002  0.11263094431297309       0.10184031886546065       0.11644806497964509        1.3921920212339348E-002  0.11212581553260595       0.65949612744489483       0.15232191714878585       0.23542362863761052       0.15042090472890579       0.11604538383034982     
   1.1185112325968454        1.0666887851860656        1.0698202357780708       0.92370311371979319        1.0258248474573817        1.0545572237162941        1.1640389478537383        1.1001759356016401       0.96949377820672389        1.1373776331226111        1.0888847872331888        1.2692682235071513        1.2808477010950567     
  0.12466601762896189       0.62571507428958706        9.5432894088998105E-002  0.12609674766078777       0.11888926698001967       0.13004320156131030        1.6622564224509088E-002  0.12852996071914968       0.67517901071168018       0.16020252627782369       0.25066931573146778       0.16788582086900930       0.13341025534873996     
   1.1223192489435598       0.95833669305776314        1.0525362329539569        1.2511637682468855       0.98135706343335183       0.99343549890423133        1.2384202086070415        1.0586052043672298        1.0873030755059578        1.1870657887328595        1.0842483863670969        1.4064757661203759        1.0404770647091584     
  0.13998956489891409       0.64604287872134425       0.10798004138606414       0.14119043645884061       0.13717409032422234       0.14409815653432606        1.9939946397857480E-002  0.14360073046336663       0.68872493894473030       0.16711132312425947       0.26551200016582049       0.18532073707192862       0.15053800188780955     
   1.1372529004141905        1.2661827592006039        1.1409978039552655        1.0486644518058337        1.0042752241963737        1.0522354266293503        1.1811122444765061        1.0919625766338192        1.1038730096099840        1.0525830866140164        1.1477738875443022        1.2119135341384115        1.1395949308447426     
  0.15348054339010953       0.66394776383763310       0.12070971047265111       0.15722814773986094       0.15495271465491520       0.15813600172031878        2.3660189585097809E-002  0.15890620993725790       0.70123261488218303       0.17421066403982910       0.27859888772190744       0.20264936763243849       0.16756653726342424     
  0.99520310333756645        1.0588048069183378       0.99181237767079999        1.2971335721575452        1.1591686117654310        1.0821487850357738        1.2561829396007349        1.0266642744795487        1.0257709472166325        1.3297221106014590        1.1016084232782015        1.2755010606721109        1.0880341272306733     
  0.16631317527285058       0.67978105517094956       0.13408349958572613       0.17379817388427493       0.17241142168898321       0.17519316215225897        2.7706909269484954E-002  0.17432694616891803       0.71351649274097695       0.18093773614394240       0.29159092333357900       0.21912417097852752       0.18462585562330108     
   1.0706054952033250       0.95011822905856047        1.0699440618324314        1.0415736566660818        1.0607151398872396        1.1222635842328825        1.1151321679581094       0.97181260065526009       0.94849411236736414        1.0396126781694222        1.3409257311724208        1.2079597632579218        1.0270254537387344     
  0.18140208370011199       0.69431017979510301       0.14735167407150138       0.18993771368223561       0.18925079701834391       0.19146907031738580        3.1945819455947808E-002  0.18931275190300315       0.72445515878655331       0.18750929801424429       0.30370413249814115       0.23640962252778189       0.20170626131012789     
   1.1464769493195042        1.1148700254143658        1.2226705372097455       0.97760749734135710        1.0675586443638736        1.0764499438555670        1.1342991388245887        1.0544537102253835        1.0221787733878720       0.94289795393110609        1.1337537350214357        1.1743086234740743       0.98847745606126702     
  0.19681190224383557       0.70836149355830802       0.16010396643238151       0.20574243832714065       0.20622133800633968       0.20876917103439721        3.6188105384720032E-002  0.20428298239386342       0.73460498461950285       0.19384418663698305       0.31554201854295377       0.25357892466891502       0.21796916703665867     
   1.0314231947297030       0.98055146574865593       0.98128812273815524        1.0350062218022915       0.99617197450440098        1.2118120867543380        1.3243529855299954        1.0787328643842118       0.94708839608943418        1.0400925538347010        1.3586522961487790        1.0443924964892568        1.0613667566828162     
  0.21346087064325930       0.72070674871284923       0.17269604449335615       0.22176793793789365       0.22388286591236564       0.22541367632098544        4.0349442543500189E-002  0.21927690563523605       0.74428366331131435       0.19992761564286168       0.32769376482535928       0.27001970578053047       0.23471498924592729     
   1.0584261153587298       0.99437237807366197        1.0592062792146797       0.93799853868302696       0.98342465770874010        1.0813444649808652        1.1390174985969637        1.1735277025174142        1.0484285570686247        1.1036550266386176        1.0595223415209010        1.2237440327225015        1.0148196609654172     
  0.22980434401159547       0.73218901052443008       0.18492130913033733       0.23771622659558109       0.24138535129543304       0.24247632896769805        4.4886315066913346E-002  0.23466119920531037       0.75410612196795956       0.20580682406944031       0.34021673214926895       0.28509755873277343       0.25153321129056178     
   1.0508414591210196        1.0711907442792028        1.1303769531268764        1.2379118390522994        1.0350634116505577        1.1007565816108311        1.1500898385743143        1.2060293177072829        1.0469221610785802        1.0559868278589362        1.1993987011633791        1.1950848231399154        1.1024875846939537     
  0.24554968052676415       0.74290232368490428       0.19747790175395613       0.25451387713208556       0.25835074720207479       0.25970904297366260        4.9847152760177482E-002  0.25025896822043597       0.76357987117678350       0.21186421017279169       0.35276313284214311       0.30002387737361830       0.26882388906720184     
   1.0329748998918640       0.89967925061425158        1.0707519721569010        1.0513481115964105       0.98351275498828106        1.0148530871303103        1.1603390023296742        1.1375550078503966       0.99962135413002551        1.1041452106430933        1.0722956694386601       0.92598685515141177        1.0264254829374995     
  0.26142356696843322       0.75353357834590473       0.21018220005270824       0.27182819398137231       0.27506508904297444       0.27764291930972590        5.5107298547816146E-002  0.26539613646154092       0.77222083221342430       0.21804765364458320       0.36505221348510802       0.31519722264043754       0.28489639019193497     
   1.1747862761230543        1.0673280171402839        1.2281873017754983        1.1286547639083875       0.96185845276004922        1.0640955057264438       0.99228934244152067        1.0135542859778375        1.0498711210295886        1.1859218983994475        1.1374606894023258        1.0111236580138878        1.0212900623055956     
  0.27600781264887081       0.76422024962187929       0.22264207170371650       0.28899852204129806       0.29176617110657832       0.29517391293870571        6.0597510331149108E-002  0.28097092801839518       0.77968692310572674       0.22419129984553526       0.37773173429807683       0.33093423149911189       0.30083481310839350     
   1.1063831777444939        1.0605435699314947        1.0904329264667472        1.0387366848553936        1.0797164121061311        1.1467072533602889        1.0893383885704238        1.1318708703085714        1.0631622050983556        1.1822281471727736        1.1310909833235490        1.1472841535404783        1.0068932920455906     
  0.28925784198488719       0.77487055706972596       0.23474769797856210       0.30559972469739083       0.30863412639127280       0.31158925960104267        6.6139923300813877E-002  0.29674945536959862       0.78700212211089016       0.23026798358393152       0.39081848653417239       0.34638199003847880       0.31652225120448635     
   1.0669941860833643        1.0576641065640442        1.1065369324022234        1.0213968261447157       0.92467091201781493        1.0122679987070464       0.92791301597235043       0.98206417245545208        1.0176470827657564        1.1095871934361603        1.1130532381245737        1.0722746864284900        1.0874790035359256     
  0.30337063322234276       0.78457047432756155       0.24679201554180469       0.32190976546536598       0.32554050874835005       0.32764298020847060        7.1643523609851045E-002  0.31386285379831697       0.79422964717752687       0.23614235554781510       0.40412747098776680       0.36220331393044580       0.33212050334030063     
  0.94883864539669627        1.0484739056081338        1.1117505627906321        1.0291733647807804       0.99427815512613493        1.0976162704757173        1.1248824540565712        1.0402245695770311        1.0674698448509190        1.0204140567922335       0.97033568715013785       0.97132666821278713        1.0351804738956569     
  0.31757352056524596       0.79342263028002358       0.25968620161649786       0.33821040788030793       0.34266055869949513       0.34344697410989167        7.7347660893705539E-002  0.33182471123524032       0.80135802735955541       0.24177969039162464       0.41768223487997758       0.37720691695910041       0.34731255922691734     
   1.0913999363033344        1.0079121175484023        1.1243550003058129        1.1176207861822447        1.0740736873823653        1.0265968570719686        1.0709623085402871        1.1053744362447941       0.89199639288213406        1.1047622086312558       0.96590229738028077        1.0237217449913480        1.1139878420241940     
  0.33307827588541039       0.80171769210826127       0.27317606412158696       0.35519165066026998       0.35992310013986434       0.35907797249708318        8.3360917363264952E-002  0.34884322768286341       0.80826515974786817       0.24737364030062595       0.43108725043386653       0.39197244379986390       0.36179155048636075     
   1.0630813520647511       0.96176587447860029       0.99255835939531545        1.0251075581178541        1.0106738444750110        1.0995481824885025        1.1235767345801553        1.0890454646235923        1.0231392598469842        1.0278653385131580        1.1726012247240911       0.92141711250578073       0.94269310436730724     
  0.34892961740825035       0.80973469641026707       0.28569029623342224       0.37199088324217788       0.37748671674524326       0.37500556023202941        8.9886651218597735E-002  0.36599050817457041       0.81494627703722300       0.25170936481763823       0.44422486045165072       0.40688767427156475       0.37629508245750104     
   1.2022411982837853        1.1262165784453506        1.0885193248218916        1.0579931708081423        1.1465461820807414        1.2524754367538520       0.92106876380175207        1.1246017388560847        1.0307124271386623        1.0506738489692207        1.1041756874258644        1.0344201352194444        1.1331913013563277     
  0.36455531768748567       0.81760288418410509       0.29898463608631282       0.38865830804829538       0.39513891681206448       0.39117506383765926        9.6815396725957903E-002  0.38253378522954712       0.82133061918214800       0.25606826175898834       0.45757647383271188       0.42164397217552751       0.39095692585910774     
  0.99631259469833988        1.0261607937448807       0.99198760480875292        1.0907336050301155       0.96699276562415126        1.0924847986552482        1.0077740688539605        1.1372309971139261       0.91751618006684699        1.1054285047684729        1.1828051979569851        1.1195548160749957        1.1107946321791653     
  0.38021313405136181       0.82555930856746840       0.31128702014256954       0.40543419487804311       0.41232858640772690       0.40710443969882876       0.10456537417179056       0.39851851323650161       0.82730873860999632       0.26053540341549219       0.47155096924378970       0.43623976329519931       0.40559022083305646     
   1.0479390341149515       0.96717067493789510        1.0300710255090348        1.0874393393604185        1.0163264579646620        1.0414431369158856        1.0618461884945110        1.1334051551664017        1.0109191622288067        1.0811281473864849        1.0533816139407235       0.99986167526332637        1.0403794349439257     
  0.39591075265072045       0.83283852506474665       0.32304934833710919       0.42185412725454124       0.42973096421003137       0.42317508038903834       0.11245601444456263       0.41343899127901251       0.83304882818329873       0.26575934166635734       0.48592111827424445       0.45079132837245706       0.41976274104497252     
   1.1351810951370913        1.0667689768439554        1.0748201890029094        1.2703617008482331       0.99804629050661831       0.99097205494118368        1.0504014685719631       0.92656003089028927       0.99517479256609853       0.87460018731524858        1.0561309233745109       0.95555022417843583       0.97993823667426871     
  0.41195327395635917       0.83993137599657686       0.33222546905228256       0.43533693297557297       0.44661437697090040       0.43763916601742398       0.12112029960489132       0.42830696756074854       0.83854429210726011       0.27177405859341819       0.50007877802262113       0.46407695234597746       0.43356556766407772     
   1.0659805775767213        1.0102789954879536        1.1803890072100995        1.0904628618724141        1.0949520773333188       0.98828239640468685        1.1215316025353190        1.0402580194193001       0.91661900912861916        1.0656462390467232        1.2077640248580883       0.99557112691260208        1.1380346763652451     
  0.42821473323510278       0.84696107366455042       0.34314568206665585       0.44909185028557963       0.46344120259246296       0.45088842378990940       0.13060231210030465       0.44329516698610832       0.84390587202241452       0.27818402526600933       0.51390315183801027       0.47692118202242745       0.44745376529903541     
   1.0069333353247429       0.98772371905471779        1.0178206551981452       0.94828135319742179       0.99691444063196266        1.0642624188635259        1.0530576785807684        1.4181956704711600        1.0479275640118377        1.0429669526050183        1.0399243920903982        1.1369885580648400        1.1682935598017969     
  0.44432143929329015       0.85400041950231975       0.35569443770439713       0.46264529015770073       0.47945676375249896       0.46376927522508588       0.14060099083572619       0.45841833593636455       0.84921370885760039       0.28458224794458381       0.52765422512120552       0.49025310644505277       0.46164841934502199     
   1.0115578328105201        1.0188261814484376        1.0516357386699180       0.93003737645982787       0.95297934155742048        1.1585387103549918        1.1083367164814315       0.95116295814215612        1.0008752522458360        1.1637640176204360        1.1971781299100299       0.96025142750649772        1.1064330368134465     
  0.46018969216005468       0.86079206836854061       0.36841834401614476       0.47774615985504559       0.49602413124970013       0.47675953941015464       0.15073586840229058       0.47371888672346385       0.85455801707896595       0.29115192805891082       0.54140563143885168       0.50347139735683777       0.47620038483275046     
  0.99761515999038852        1.1434052295028525        1.2365838589798446        1.1911077088010498        1.1632086538003286        1.0941662916149546        1.2223928246768778       0.99357156245194367       0.94849127878203232        1.1150983992099599        1.0249628366151169       0.94594024276557820        1.2395035192977772     
  0.47585428662121415       0.86724729124298483       0.38234265924746724       0.49416600353067242       0.51167916810973124       0.49160688550485432       0.16089465336614858       0.48950950094935203       0.85990933405887759       0.29834105268857269       0.55516909612910603       0.51707313840312052       0.49068548842992282     
  0.99756089310844276        1.0431172563857734        1.1211145788487520        1.0989872158711704        1.0175961946924421       0.99718668808067723        1.0206783550210514       0.98739233851911712        1.0797650412776427       0.97690838542517233       0.93173368348757513       0.97385388840109621        1.0794934957435656     
  0.49147474308645550       0.87344929906212276       0.39643928944054696       0.51046422620046572       0.52716845383670363       0.50789038733056124       0.17106706753446346       0.50542356750776507       0.86511643496083002       0.30547606295862800       0.56830716737291653       0.53056643240974177       0.50455933289521215     
   1.2296329063056461        1.0012450176565226        1.0685084316287781        1.1025779516505398        1.0707305749044007        1.2473809272343204        1.0707056417681267        1.0925343278294237       0.97348691941647514        1.2277239995976639       0.94084753555606992        1.0704223090235323        1.1491280812835547     
  0.50723089843437053       0.87940815058036215       0.41120010134665297       0.52695420691812289       0.54410117717579343       0.52393609818439701       0.18187282361266763       0.52063486864953368       0.87011072039844728       0.31225997766382063       0.58085551603761121       0.54388218585388970       0.51792252555795237     
   1.0205254703151350       0.96269384085059795        1.1688910269913542        1.2256161355144506        1.1018636562103863        1.2696402393257791        1.0445626585279699        1.0744485873606773        1.1090797517900579        1.2375688687086894       0.98662104406093010        1.0637617267575843       0.98700908290897016     
  0.52301886281927890       0.88502207446938375       0.42615531216677199       0.54304556172269181       0.56045579622822761       0.53906168890913075       0.19357139499349263       0.53417824301582317       0.87492966336953804       0.31870454644364676       0.59371941829933006       0.55732696845889429       0.53096298485253479     
  0.96675135660973976       0.96912452548987316        1.1866881959145128        1.0936628040994731       0.93560615642368539        1.0229915392190680        1.0081282902897966        1.0504672440529510        1.0656713071485304        1.0772295822778934        1.0041380783556921        1.1168762574671434        1.0474616224935893     
  0.53851459715193983       0.89058014611870784       0.44197447635921561       0.55874304379953887       0.57677550179189807       0.55390607518564283       0.20620924246953468       0.54743476819423786       0.87964484610393501       0.32452668293233322       0.60774054867162308       0.57084378801812730       0.54386074190554190     
   1.1411645235680303        1.0557832858381719        1.0190867042848504        1.0138797525420993        1.0523469580558378        1.0605122790728303        1.1494271897649835       0.95842165589662509       0.97721612385341616        1.3004216879864592       0.99390494597678325       0.96200037844623909        1.1971424675280524     
  0.55408027355253953       0.89577642088315812       0.45753138457968834       0.57428518198804834       0.59305573111345311       0.56825562514822459       0.21938032498159465       0.56100193277267651       0.88436454892552929       0.33141757038581732       0.62275804160062442       0.58425517144664996       0.55721174480322766     
   1.1455757074128186        1.0858566969566961        1.1301785550619046        1.1525622319839164        1.0151879330426854       0.86503436199369421        1.1351662853395958        1.0339844936945808       0.91504545214900235        1.0762147019843082        1.1182047215638218       0.97618572352816146        1.1602112985755624     
  0.57026686223761303       0.90069952358600425       0.47215845507849347       0.59067070047746872       0.60928012722900604       0.58305433735288736       0.23367733352785830       0.57684617207407873       0.88900285942075874       0.33950207016285988       0.63856341156300256       0.59773931584503703       0.57105654396950711     
   1.0929349459176507        1.1433906938879197        1.1064386682422029        1.0786363504070451        1.0934282872897580        1.0380731213358010        1.0407910379466521        1.1856033258204446        1.1614224867803544        1.1682849289274762        1.0039023637089257       0.94176075495959222        1.0252713541694867     
  0.58638761750265833       0.90540192898400029       0.48676885247838991       0.60623763606964232       0.62575180343994774       0.59865177007502646       0.24826764030919857       0.59360106965597881       0.89345897793781470       0.34744880940711559       0.65431034086318063       0.61163029848764761       0.58466235010867229     
   1.0572134491571192        1.0829172061680215       0.98278083879944766        1.1558426630292220        1.0355241419817369        1.0857679459098959       0.95744495531260010        1.1956586339010680        1.0030897581501557        1.1774879510037364        1.0838098869415602        1.0633996852425860        1.0622963789638977     
  0.60152493346988700       0.90991469551710680       0.50110135311351156       0.61975642397479891       0.64201802738555069       0.61429294296882675       0.26426532637603439       0.61030467758904250       0.89778852925869168       0.35524967720225736       0.66937764085904961       0.62567351701446450       0.59778722991430200     
   1.0308669395332577        1.0550671347875022        1.1440724507319209        1.0661642391839894        1.1284243710221717        1.2382019833734166        1.0369718867664077        1.1543252062514315        1.1987464414395217        1.1583829992192443       0.97125835807110905        1.0495755989648188        1.1326230065641076     
  0.61640548594693845       0.91431779187291529       0.51576608266315105       0.63271386344355030       0.65901372306641737       0.62742812038389251       0.28023612908382128       0.62694624384395936       0.90209847248448904       0.36309911426660213       0.68467671681913678       0.63933694844183431       0.61159176492064149     
  0.96667906163244854        1.1188835165656508        1.0965368882612105        1.0380184034171953        1.0273692283279596       0.90642340642095198       0.97831593388376870        1.0583326652020320        1.0587805098655987        1.0745058140236647        1.0037858423545862        1.2059997797292319        1.0384473576804423     
  0.63150778354278292       0.91851750970665358       0.52847480744492148       0.64560885686201852       0.67635803246069015       0.64049589363317871       0.29737277769526088       0.64339029148738136       0.90641431301612563       0.37118389163583293       0.70093076129401977       0.65291026320957846       0.62628666868760141     
   1.2343620123621042        1.0594766552519084        1.1124344214827613        1.0858987374197406        1.1676949288895606       0.95756368583664853        1.1112558524530249        1.0553206529739332        1.0437569449245288       0.97060755104531604        1.0523076461594727       0.99812963838570434        1.0990755043376068     
  0.64735157588262249       0.92270025735339634       0.54016102358339901       0.66000170581360640       0.69387660639721216       0.65386823765460389       0.31451802403306700       0.65980951707260327       0.91061119310616034       0.37933983388699027       0.71414701167209860       0.66672063339728482       0.64203157658812493     
   1.0167567857091584        1.0802708771014498       0.87629313343913662        1.0550087909645409        1.1841172228771386       0.92539884614324830        1.0646190585957767        1.0736311673122603        1.1718933978428816        1.0011960176569368       0.98845609860578298        1.0521964098192165        1.0443821327636220     
  0.66342026074485549       0.92691935943646142       0.55254184309922261       0.67526772328701501       0.71031800495669606       0.66939103041047121       0.33296623638571587       0.67620776321666154       0.91463711911630441       0.38754179623631657       0.72525734304366252       0.68059004367200315       0.65844975825951502     
   1.1412549230484099        1.0376933138741637       0.98992648528031291       0.99143045368884863       0.95169476565166899       0.93892380593271907        1.0253691237569353        1.0632176051522728        1.0936325583086972        1.1601705832406877       0.91636050957864035        1.1617822636611621       0.95761414437190462     
  0.67937221803155856       0.93123836192129394       0.56683421397324840       0.69065337480575462       0.72638674673940207       0.68568206659554265       0.35243627061649208       0.69257362016540525       0.91860682611340128       0.39597101109850658       0.73822355529622941       0.69424128347750869       0.67526829897985985     
  0.98138459532631983        1.1556206160794269        1.0204365715782733        1.0418207800066346        1.0585433819813506       0.99720662779430447        1.0706166123817595        1.1922209054814827       0.92542325808914172        1.0461926055189628       0.95429429659547882       0.97650248095577097        1.2240043749315070     
  0.69577445938815807       0.93562058035587625       0.58315706919155119       0.70630424165178807       0.74368537817917046       0.70167802516225442       0.37214771270048513       0.70889347877168107       0.92256918975841962       0.40468437237149313       0.75128367348012348       0.70755275221221803       0.69256268097511098     
   1.0174636060298556        1.1993815196990103        1.1140538270492883        1.0740987379308953        1.1420533342062349        1.1160014230487687       0.93815876716681812        1.3103878736599035        1.2144145546232319       0.99986428857997900       0.94824885355349053        1.0739650673738477        1.0371551844390130     
  0.71296028205380102       0.93990432821033898       0.59974102620278213       0.72230603894531220       0.76145171246273380       0.71754761026762826       0.39220255550549599       0.72510533276492473       0.92650594744000425       0.41398486308477933       0.76810232273577417       0.72218851133967166       0.70911638322156367     
   1.0628782124667406        1.1879622627085584        1.1212328912962839       0.94199151332152231        1.1394511939589971        1.0483877125659229        1.0245804870118338        1.1083710057726399        1.1508226185924919        1.1106147600306608        1.1669120160502511        1.0411906338206540        1.0718070762870389     
  0.72856688058492158       0.94408186432509633       0.61654687310714085       0.73831814259979978       0.77827909818589702       0.73256706617779443       0.41249137712092854       0.74086342876341582       0.93020586572474762       0.42370540507216464       0.77980172579006557       0.73821377273234978       0.72407714325682815     
   1.1053435510330281        1.0564321403899120       0.95949691129987835        1.0495466312778698        1.1997948577385384        1.0755384390437432        1.0584712008066233       0.95461515817747888        1.1971650602621089        1.0505838540469372        1.0135077087558408       0.90078975701431430       0.99094614915530699     
  0.74305561666697462       0.94828217650145574       0.63346391007693337       0.75409989100319375       0.79459321651620340       0.74688473574273073       0.43308781160129500       0.75604483480884288       0.93395893122764417       0.43376739699724581       0.79187749257666562       0.75495894092754290       0.73755785954688280     
  0.98062003792508545       0.98256601321532844        1.0421523448000942        1.1439080163786830        1.0797267571338218       0.91545314012919166       0.89199639288213406        1.0240686542363189        1.2127824638879834       0.94084633424115449       0.95348147142817408        1.0851024298631247       0.99916093722514243     
  0.75713765319006143       0.95238098340057953       0.65264146411935564       0.76934314198628795       0.81065412295147121       0.76266597622293519       0.45627994197394284       0.77100679695730612       0.93781536721536973       0.44381358336616433       0.80394816752714016       0.77249676260641587       0.75013896008152858     
  0.95005312855433643        1.1827918232560422        1.0024035322778149        1.0331908120894300        1.1067246408063680        1.1033397021834155        1.0006100849077195       0.89676584508897617        1.0669893630068654        1.1258295899310145       0.98766572558916554        1.1095693493120924       0.89840454116991586     
  0.77161889952485385       0.95588040766244697       0.67303990160357552       0.78365571138582535       0.82629188548411592       0.77911677434580617       0.48076227989552850       0.78616907796942803       0.94165068584521083       0.45418060142525274       0.81797824903324579       0.78968617379184325       0.76406739756078434     
   1.1093645843168667        1.0350689333553433        1.2114574089143533        1.2359922531656098        1.2303236434241878        1.2609945439949559       0.96952940886961114        1.1989982869073648        1.1552754225106989        1.0736966234007856       0.86695797618201897        1.0122552492116019        1.0947249769461846     
  0.78807706335961469       0.95950943989693482       0.69135896475069281       0.79817778010849172       0.84180908917026964       0.79577434715955431       0.50633869802602283       0.80248482300120139       0.94541570749680715       0.46507172903181276       0.83310038541613041       0.80653778711188340       0.78103644248397264     
   1.0844030006084058        1.2418962817055472        1.0638005793679330        1.0180950321388884        1.2410348109280793        1.0666514509987755        1.1470117496223522        1.0801410467822310        1.3623813263197768        1.1220732055658023        1.1359142834124416        1.0876553052242115       0.93051335434930982     
  0.80402007623418525       0.96254664188727224       0.70859701278525966       0.81243544454268679       0.85749530104466931       0.81160121865624590       0.53212225508859612       0.82000361306527769       0.94919419196549260       0.47802145372014526       0.84818549592111181       0.82341593592529716       0.79848145605324028     
   1.2042235442793638       0.92422819494041375        1.1502741512187509        1.0555396499782119        1.1865675115251548       0.95636842446113102       0.99697577983632935        1.1042652991703266       0.99567522246273488        1.0444183864483298        1.1383921811077466        1.1797805855659218       0.97271914309806629     
  0.82029205399214089       0.96548120278502048       0.72922952199093682       0.82762957422047856       0.87311800211444290       0.82798701592541812       0.56404527422947182       0.83759290662231511       0.95297858707388772       0.49221754642860771       0.86265085424032595       0.84069826126288805       0.81615675982780156     
  0.97832376363025675        1.0758763020423978        1.0676760785163608       0.95789249187760239        1.1178977617432893        1.1684246053284646        1.0466240011626395        1.2625858165029775        1.2372436587745945        1.0874631079433537        1.0303306759215936        1.0116111545336468        1.1187844188119302     
  0.83636725971238879       0.96909845885247514       0.75116198894101505       0.84313867809769161       0.88770406953947334       0.84462350611390025       0.59540351722718021       0.85562570609081967       0.95661903286000183       0.50754679779131295       0.87711380241308134       0.85835544079284831       0.83360224501238223     
   1.1040285724869792        1.1218299368382545        1.1557659944372010        1.1454822937043145        1.1907604548899107        1.0621735501480356        1.1268444827327411        1.0188931242667758        1.3925989535677779        1.2099034619761642        1.2938465445102760        1.0943662610294003        1.1656554328684303     
  0.85227211584892626       0.97239771759198823       0.77212333851693393       0.85878839177756339       0.90068251490154461       0.86156924286426351       0.62940699272612888       0.87127392912573975       0.96014779836020736       0.52324177100576508       0.89190334157362361       0.87594817804791503       0.84994817260219269     
   1.0090304476837695        1.2581429045212480       0.97141606058100005        1.2260830561741729        1.1973252698445878       0.96355409299646100        1.1935774928238660       0.99693519933207941        1.1167292673155023        1.1460130946465272        1.3298868567105411        1.1350081344215741        1.1698493895628510     
  0.86812454613770529       0.97504562193273581       0.79375098728995930       0.87423101701515393       0.91274106217868578       0.87839286909464576       0.66565984838199443       0.88592451545306949       0.96368033556404420       0.54047124992780993       0.90636731149805883       0.89199468565460283       0.86610373694920950     
  0.98390608644288158        1.0909185073484640        1.1208993629216966       0.96340936878920980        1.0948837373031042        1.1791228067170836        1.2802250517992391        1.3468916967741997        1.2983036974948907       0.99776242195292364        1.2416864944842374       0.98453907257594764        1.3187876517652544     
  0.88323493816708842       0.97769406159113892       0.81826129357403488       0.88852720046815026       0.92419233847768567       0.89397631187650461       0.70359003961101108       0.89829130141830837       0.96733371804803758       0.55988152384416379       0.91956095327676157       0.90592321105523077       0.88416990973359944     
  0.91369026689148525        1.0147914447367632        1.1722340883140119        1.0357019819623328        1.1427092244090942        1.0791140829236674       0.99569946238194362        1.0207470903188696        1.1437587732475678        1.0120794356492027        1.0206424863641619       0.98300689405875996        1.2204658302823883     
  0.89896031140614230       0.98027310371302334       0.84232789376919714       0.90303978655129480       0.93650547944099949       0.90900205980340565       0.74160494947678401       0.91110539772592947       0.97081934206556431       0.58153883596903144       0.93254260766220998       0.91927770464736547       0.90206709333869894     
   1.0508312668855617        1.1768363311096497        1.2314059053189934       0.99658960765999660        1.0659819472060454        1.1869995672507414        1.0627503597677683        1.0771208456282377        1.1679436927186568        1.0354905099503589        1.0489338525620651        1.0152147123119597        1.1316796889121377     
  0.91480349824542229       0.98303861321009911       0.86690565954745824       0.91885441669761980       0.94917480624462514       0.92433529312354279       0.78091266984626417       0.92694706187182074       0.97451934253119799       0.60484461471874285       0.94468142410335210       0.93243032833788797       0.91779211303347874     
   1.2019946135508477        1.1114732074613063       0.99329462920999001        1.0688953097265175        1.2731650177853091       0.99109673203999471        1.0670133485181357        1.0680476548061790        1.5186727877317450       0.98216697503566597       0.99239465233023738       0.97443773596937822        1.0175971532318882     
  0.92988815332018515       0.98620149280899427       0.89179131902110764       0.93552469094933222       0.96051075589755364       0.93942110109519483       0.82252243523048185       0.94277939792513488       0.97814622413380015       0.63329245492218011       0.95738616326376003       0.94803206051815814       0.93422126501297920     
   1.0998240590330912        1.0044612642830033        1.1569428687150616        1.0393549861878466        1.2178036674216390        1.0756254497556150        1.1956760191883944        1.1579326784090420        1.2783147499844922        1.0479342320453668        1.4371320707138628        1.0709167134738820        1.0589508179810909     
  0.94650907494410297       0.98940059097694322       0.91674696953421508       0.95176901603146014       0.96911899166518412       0.95433509415226558       0.86628729044548403       0.95812308377298061       0.98147925156162730       0.66649898955351550       0.96894591451646772       0.96261237994430171       0.95047582107209616     
   1.1215260456121396        1.4060521999459641        1.0748664895419564       0.96968820156062885       0.99717984247610303        1.3078424262293389        1.0436545041454426        1.0697101759068608        1.3333134736226353        1.0628463409343278       0.99121093832349239        1.2023029751748091        1.0076361813728263     
  0.96298129891267503       0.99264837888691981       0.94248703266946354       0.96743636868256366       0.97797036061877285       0.96934053251896746       0.91266885130165221       0.97295622135889537       0.98483176590713828       0.70834007952914857       0.98014437671591792       0.97556547744638389       0.96673914056818466     
   1.1062740929655976        1.1971201109510798        1.0531565922201018        1.0987733064393357        1.1497676103320147        1.1434153511871070        1.1685687785323420       0.94584647016979928       0.98387371841108417        1.0276889444171029        1.1412762794591926       0.93268092222304000        1.0262613578087409     
  0.98136542001749549       0.99624527976152932       0.97137204874624983       0.98368135557076186       0.98889417151260572       0.98459960488369247       0.95726480238204792       0.98672028916668619       0.99165923308954496       0.79890538301561664       0.99017873983798299       0.98787014582982735       0.98351352369695311     
   1.1379205655491407        1.4145682256495185        1.2565264599019565        1.0466618113762145        1.0632373233784036        1.0492771508376146        1.0466406807520583       0.94444806100842038        1.3074070191183529        1.1463249088451444        1.1634715163606175        1.0184877943972310       0.97285836942596027     
   1.0000000000000000        1.0000000000000000        1.0000000000000000        1.0000000000000000        1.0000000000000000        1.0000000000000000        1.0000000000000000        1.0000000000000000        1.0000000000000000        1.0000000000000000        1.0000000000000000        1.0000000000000000        1.0000000000000000     
   1.2817724631660281        1.1357002895027037       0.99749892035255650        1.0935907890501027        1.2835459249435635        1.1376261211162328        1.2053510063149995       0.98326011055577756        1.0393130045358039       0.93764120644433169       0.99619531372984438       0.96495997492494678        1.1909723127823353     
   8.9688296615994432       -4.8462232434065839        12.128457284490514        3.3282997613718259        6.3088647406736813        8.1207607660177796        19.293482525980121        6.2853925036586613        8.9651165118821261        2.5476531134900027        14.754242307361729        10.256363960358772        5.0851410483717503     
   2.8953688302351486      -0.52158485785470554        7.5305512882312327        6.4826335156633901        8.2451774212048221        4.2369833627074796        6.9771439447024157        8.1774015024679230        15.136278575322370        8.7134989896941697        4.5156394707795338        2.9729321488908718        11.681651031490031     
   6.3134384135652191        3.3580189364402604        8.3518707254393760        4.9418038329830711        6.5505442945755377        3.2605209177915251        1.9911702273026282       -1.4212480487610899        11.707670905934327        9.9565521257068781        4.3435899052067795        6.7338487476796605        8.3569385737689235     
   9.7062386123950155       -4.9454404789808920E-002   3.9434353218504583        6.3098231439253221        8.4213370234234297        2.4426439301721548        1.0632692190978676        5.6857349490150559        7.7435401458780300        4.9446719760561377        3.5796515536317188        4.5511716888313378        4.4188511047550412     
   6.3411431142277737        5.7834574350821883        7.6507168745397989        9.3576726957138572        9.7454239529239448        9.1235053117369169       0.91226586038187429        6.1019671339087713        7.9831464939562995        5.6816732674562731        11.178281969727331        12.902562226554160        5.5206352141258792     
   5.1542055849359727        5.3999553138900565        4.5804137115569095        10.269314693262361        5.2944900569702389        7.3242284759122249       -1.2793492879665349        7.4661444385332487        4.3477173221976821        2.2964528512185867        6.3515901879486014        6.0607690354855208        5.4155450296084702     
   5.6952085454966612        8.0283989845829069        5.4750551562344683        8.5690074816642081        3.4716904534621680        7.4095583706206325       -7.4701543902811345        8.2997356894490260        9.1967377019000889        6.7409556447343544        10.371517642339708        3.1000994573000518        7.2046679809757208     
   9.9662633373206564        7.8455113103175247        2.0620651744592116        6.9526615664813836        6.5221728403060171        7.0193816135769458       -15.636240663617583        10.694411932763868        5.4061955747326769        7.6713952074963752        3.4571106073237989        7.3529852431155085        5.0905693886410850     
  0.25185202324533257     
           1           1           1           1           1           1           1           1           1           1           1           1           1
  0.11062537266101420        5.3364254851287651E-002   3.2664839533976800E-005   6.5753632220017062        3.3754575652915628E-003   7.1361558543459898E-006
   1.1662674427733491E-003   9.4155726785923825E-004   2.9650341837660039E-004  0.42980223247499422        2.9618687730048279E-004   5.3178365997295652E-007
   1.1729279452516147E-002   6.7573283269982065     
