   0.0000000000000000        0.0000000000000000        0.0000000000000000        0.0000000000000000        0.0000000000000000        0.0000000000000000        0.0000000000000000        0.0000000000000000        0.0000000000000000        0.0000000000000000        0.0000000000000000        0.0000000000000000        0.0000000000000000     
  0.24058386839401724       0.23526478781903459        1.9528197589958321E-003   2.7074058493203081E-002   1.5652159587158970E-002   1.7059564458212537E-002   1.5849698145354200E-002   1.6853860109118837E-002  0.54700088262777780       0.21000297523833059        8.2746837580972468E-002   2.0629761900231060E-002   1.7987604987747915E-002
  0.61768265062639094       0.54258296300581077       0.79311409910637709       0.65258076630680217       0.60350669765886189       0.64023424102983839       0.65596515557226143       0.65174092592207700       0.53153845354288298       0.63448276870002684       0.53153845354288298       0.76351606561797225        1.0675559865602990     
  0.36465802404724601       0.39159140565553213        3.9512889127759779E-003   4.8148604946949891E-002   3.0704790894363794E-002   3.5607748016185964E-002   3.1147569729146753E-002   3.3177727729608197E-002  0.77218806743932022       0.26575642108592196       0.13770555736094720        3.9931902151209717E-002   3.0787484118843089E-002
  0.74142921261010886       0.81581027130884087       0.89650466635007697       0.66469376975943528       0.66954162083008117       0.65308017916051764       0.77218002359408278       0.60294836325468470       0.99196338054299871       0.61838705190995535       0.77007238553306923       0.82903881713600591       0.63933467512998809     
  0.44092051365019663       0.46306814409259450        5.9800263405184037E-003   7.4395470015173076E-002   4.7040274091953153E-002   5.1940303645171604E-002   4.2578538607268339E-002   4.7280413726305211E-002  0.80941589292825444       0.30448588784299813       0.17405489596695675        5.0155331302531074E-002   4.0700802855657768E-002
  0.83960197826777272       0.60897245855081117       0.85212529032628426       0.61568058055341957       0.80587113860549198       0.75350225125269554       0.57591731655853129       0.60198088027599894       0.92504162131263290       0.58297456015747873       0.71842901497036826       0.71493009957376075       0.63902903561227675     
  0.48037739792568779       0.49795760206348189        8.0540744647057301E-003  0.10029928085812766        6.4167512288811138E-002   6.8471269708206536E-002   5.3698768002103409E-002   6.0870766962633147E-002  0.82731067668088321       0.33517237883117451       0.20017226936415747        6.1611899972470935E-002   5.0993820380199416E-002
  0.67348096431674798       0.62985355893704897       0.83485786395186556       0.79825154310403423       0.79560318813766484       0.70579967136764143       0.62393278924015183       0.69162020701831206       0.68886641270588411       0.71414890801765651       0.65777255217518482       0.65643975998239890       0.60293629585288766     
  0.51784602956600256       0.52727924672893156        1.0348230383643037E-002  0.13235204969358555        7.9969028660301159E-002   8.2605989769332033E-002   6.5758655270215335E-002   7.5979845555992187E-002  0.84160728507295390       0.35947721700183077       0.21936559653427781        7.4215274612844273E-002   6.2142308370100707E-002
  0.73306930879403376       0.59233877625205844       0.72691871083650283       0.81388337555087464       0.72854116306865702       0.68127617194490542       0.64908858648839307       0.67491608655525293       0.74501387758711513       0.69401083839479816       0.95719832221109502       0.76552967808556416       0.64259426562216904     
  0.53820641172657646       0.55535814983518517        1.2739347382399051E-002  0.16869043395004107        9.4487044143957241E-002   9.8118073745556200E-002   7.6975923727329171E-002   9.2059599420982491E-002  0.85459286670461410       0.38162154443177110       0.23956104697261482        8.8624577996204087E-002   7.4119828905735777E-002
  0.61916958649409770       0.70475957542307865       0.83945772172305511       0.68376915564578322       0.66092448968554884       0.56258512882457778       0.63614657183880918       0.60246481141638175       0.82000128061282496       0.63453549232493234       0.72675962341467626       0.80242758287079907       0.72624389852001447     
  0.56016156011361129       0.58357014278054287        1.5204165036100907E-002  0.20716299675694572       0.10885472603837960       0.11540551217561393        8.8533447539540414E-002  0.10783793529257557       0.86476543080985779       0.39666445185721844       0.25967406745145571       0.10481714696614326        8.8163430735205064E-002
  0.67303344890848216       0.68771181336480935       0.69392966888281582       0.77178233882299052       0.69545043808834550       0.60697644052769395       0.64811745585852820       0.67146815899815437       0.69158376820584444       0.56588951003211529       0.90035877697311928       0.77140592751303683       0.74685149385109439     
  0.58233262018212295       0.61182069725468724        1.8033926110075836E-002  0.24322301241005490       0.12235614482373300       0.13316293396234324       0.10334262197896135       0.12353936855391996       0.87309483653687525       0.40987218305941592       0.27831803689650586       0.12201946827438474       0.10225160961456126     
  0.75689620341760810       0.83004489793124347       0.70881992541795191       0.80021844388864150       0.60974337106720788       0.59187888742159356       0.64758803928360720       0.66834495300623409       0.73930867270139300       0.64416080130069753       0.80380795047879428        1.0003611334402360       0.55659132072504180     
  0.60578622474111288       0.63471108182957647        2.1613768019990771E-002  0.27721299793715803       0.13536573519969139       0.15130326953059081       0.11880945830226355       0.13875812809599741       0.88099605178410012       0.42428010056049020       0.29680663064851559       0.13929811997401773       0.11323121594200403     
  0.73162162976805711       0.60295699508021816       0.76274908074017611       0.63972218248100654       0.60126984429824470       0.69422826559967221       0.68646738759072923       0.63905323112207846       0.59200564659106902       0.61451411591790361       0.90144706970748067       0.84211801303826550       0.75003378318552116     
  0.62975554467520267       0.65383801889241766        2.5827797939954475E-002  0.31089826982937063       0.14905474043297737       0.16478625176170472       0.13573966232405443       0.15512921102475913       0.88732030341396972       0.43603098954375130       0.31409264076698856       0.15836202758639534       0.13163811164656511     
  0.78282537281991516       0.67312654523696269       0.96285116517666680       0.69970720826807598       0.60170787724841712       0.61408593710844761       0.69528893226100907       0.73750220379566944       0.69415383812149245       0.59438819199774784       0.70012322620714862       0.85965614702811166       0.64270072629791586     
  0.64882272132709062       0.66938145450078801        3.0694566958992437E-002  0.34270807952908283       0.16231693947963308       0.18288163769872703       0.15463837037314399       0.17295247955895365       0.89288021145598140       0.44764718525319014       0.32530128510323203       0.17727464327711892       0.14841438615264518     
  0.72094948221064781       0.55767355949985475       0.64467567154702266       0.65257366297604469       0.58633293276489473       0.70312895983415169       0.67059378439341433       0.85639085176980767       0.66888712283480822       0.61746823432380038       0.63178567153231646       0.66411502954766011       0.67863128678219342     
  0.66471958776006645       0.68388423712367963        3.5433234427645878E-002  0.37403481962558438       0.17633039743388307       0.20203420711427841       0.17329505342881743       0.19136519360296111       0.89715544188476271       0.45966081387337304       0.33817926357756045       0.19455280087252833       0.16698281859634040     
  0.67062129322543151       0.59398744733891184       0.69842446186756657       0.68539964563965183       0.64444224471421818       0.55846524594126035       0.56345559445117832       0.64014446484032261       0.56910120230976680       0.53153845354288298       0.66445346634654390       0.74050247065616648       0.67777860316110838     
  0.67824070990357321       0.69826522358181320        4.0064469393568045E-002  0.40532099048782494       0.19142664786998048       0.21952570139970479       0.19051462825055762       0.20968983930386284       0.90096748100750934       0.47295787844520676       0.35065371353862718       0.20814360229844772       0.18570759833339626     
  0.72960555565184060       0.62831435201657837       0.79203679391851911       0.68855678287955224       0.68846770429582460       0.61006841587728700       0.69350685414197066       0.76699307832100916       0.57509440482359930       0.73498271504481427       0.76000370110579341       0.63874432043350571       0.80807596044166674     
  0.69057522021377127       0.71258510432913580        4.4697435901940710E-002  0.43350463720972943       0.20706486395597520       0.23651554409726433       0.20565264537005926       0.22732633313992262       0.90520233319357113       0.48577887332091385       0.36198133206983085       0.21885809753100291       0.20487779493667446     
  0.66107557173060993       0.69523851027240224       0.76088676277935996       0.73262057401818803       0.66721534835507434       0.62058878215347990       0.79183269184660343       0.69753380634266748       0.65756323902896141       0.59007166971499247       0.79561232667512505       0.65395610210319066       0.71371071863969848     
  0.70242283690217622       0.72617158033977802        4.9290861467427470E-002  0.45720401867660171       0.22324581735365637       0.25703262042217029       0.21985448804073648       0.24277398222760757       0.90821822556214171       0.49701888534317429       0.37243665232795853       0.23065806211307194       0.22516053530949223     
  0.69374191278659625       0.70370829163958992       0.74544315564911645       0.79741722814669791       0.61978492167989152       0.72566443353762489       0.62837196121576067       0.84335838193613977       0.60644833881483862       0.64434556795115194       0.65711965952638340       0.70440443442171896       0.61581256005937512     
  0.71425628145172049       0.73974635287939539        5.3900280715092931E-002  0.47969604780966313       0.24112394643412674       0.27760419511819956       0.23446880589425417       0.25886959239121182       0.91144056244910165       0.50776135378970810       0.38166738476981499       0.24196433101331419       0.24529179697399933     
  0.66647828145563159       0.66502591585915227       0.76497086110515122       0.61319969530089924       0.66266460401180938       0.66765551337713780       0.69405503729659979       0.66206885736481691       0.62349778708432024       0.62429657374079439       0.57855170177643511       0.74804037485044672       0.68256092694217607     
  0.72589702616064955       0.75214939865869224        5.8466666811075887E-002  0.50526190799991477       0.25946184834961217       0.29762972718123981       0.25144706533189326       0.27518651145969913       0.91456570588576269       0.51831062217512147       0.39035039906073982       0.25371921082284571       0.26351190941024433     
  0.68016984811317605       0.57116148782410225       0.65339090863959071       0.81627202369025365       0.65002017891319941       0.64870260392361490       0.69603652209705302       0.67739170615982658       0.65547253750366230       0.62823912562023865       0.68904140330695984       0.66216739176004036       0.64895393799440482     
  0.73648753533903644       0.76318528753265336        6.2630005450402731E-002  0.52862688522369694       0.27440483727225323       0.31774376826567363       0.26349694625472486       0.29056886596206671       0.91759988774347578       0.52790653627375350       0.39929531469346830       0.26710439784126994       0.28087863124659873     
  0.70467430439008172       0.69871537266284067       0.58823154954084045       0.72836553097311896       0.65680702082772024       0.64149799426226151       0.61647786773261715       0.68601003337197120       0.56179216767767692       0.63271935812163238       0.54502665702484243       0.84359614756895873       0.67371999019168238     
  0.74563640568830980       0.77356655465887925        6.6510644758929038E-002  0.54958216320965636       0.29108229086163773       0.33686733195008528       0.27429299840836796       0.29942359665118307       0.92057491193534768       0.53824343402954922       0.41022212153487786       0.28332664054170015       0.29791942235843633     
  0.66552400834301850       0.72619156823079334       0.64332307625707807       0.73787959885796295       0.71191048867218731       0.72033904470854215       0.59166064901765392       0.59179364329496242       0.70524474928230141       0.81209070932349803       0.69864276152372928       0.59944976454832655       0.63037538765356027     
  0.75300337297925557       0.78437515909324818        7.0062047595696897E-002  0.56875057394833695       0.30813988287835109       0.35581812294255688       0.28606279214514374       0.31413351954610891       0.92352533086687405       0.54655918247844903       0.42377461399085742       0.30249171050229268       0.31518361230676423     
  0.56129333812775617       0.70201176703374668       0.56024798738121229       0.61403585848565301       0.71488304066142039       0.79637395172284409       0.60351739438108010       0.68145085804733418       0.69028166704813798       0.64439522747299005       0.71374328931410347       0.70306775246073827       0.67236224669392120     
  0.76148632623685375       0.79600971497360484        7.5262139657176902E-002  0.58571698592151111       0.32538300619398453       0.37433347257327459       0.29859937146347676       0.33064418010685082       0.92657589096131976       0.55627059793555567       0.43712892134405573       0.31930622954386634       0.33367130186877325     
  0.66493257032458764       0.77543913729282588       0.65339857849144833       0.64521155897022942       0.71172099475537787       0.73666968353914963       0.61592444179584760       0.70252248782760340       0.68526052845558127       0.66069889988655595       0.66653894411930670       0.69083666901670071       0.75556405319748510     
  0.77128612403112595       0.80748368540039384        8.2143203196307552E-002  0.60129274442976821       0.34293199822480563       0.39185370315131463       0.31122955114688161       0.34785407023833065       0.92972239023851422       0.56493447506128602       0.45045469678459293       0.33171476840899894       0.35299956547669059     
  0.62600785997029540       0.77895910155319203       0.66874227508654471       0.66690298266171566       0.75525938279158022       0.63111111951835341       0.63684451593720282       0.67707019625317566       0.61565688297158772       0.60619393771843044       0.70992409415142221       0.58270515241564547       0.60012458320704987     
  0.77979097928542340       0.81837399548356915        8.7984659336043117E-002  0.61597616987444470       0.36209261353487643       0.40890875761746059       0.32431948121788851       0.36602379991794287       0.93265926714236924       0.57369958946638677       0.46415627747372606       0.34385581690783257       0.37241639537265520     
  0.77354369813346047       0.69022258735405284       0.69897853386970565       0.67738442275893940       0.68702793125859551       0.63622444860961735       0.62772049422354448       0.72548306489085346       0.78791503726710599       0.62332868946853870       0.70510940025907476       0.57299112910734840       0.65546171131271380     
  0.78449152701567970       0.82822481272568382        9.3121673347866654E-002  0.63098017318498534       0.38448048305971227       0.42745044455230430       0.33831511048305279       0.38403461459565180       0.93543978680733741       0.58273546836718670       0.47751645063218479       0.35610457450311100       0.39250267074299461     
  0.55389041308852160       0.69289888271088407       0.59776713503796264       0.60663161387044073       0.83532638501803624       0.70795688534156553       0.64816791750866853       0.74609884541659743       0.63348573123443830       0.71257699550217568       0.68055151434464445       0.62459286861540675       0.75299562767085104     
  0.78982151085374641       0.83740882008603079        9.9192009336365752E-002  0.64550401179965655       0.40422351945182072       0.44595753184213455       0.35211073505800372       0.40178583420811276       0.93808846199706086       0.59195239452521753       0.49120508472910229       0.36710582696419575       0.41326427538049304     
  0.62430438225100715       0.89880753231605837       0.60490270258535561       0.59962568770999669       0.63044845751508272       0.62709773964710624       0.66788566614539291       0.68764402110480938       0.67126551247008148       0.65428694888835548       0.77014020233774283       0.61534209369970094       0.88978337997300816     
  0.79595875329192389       0.84608387034417176       0.10622277459626797       0.65963787938117591       0.41652805316263469       0.46256913397793209       0.36796471347108112       0.41832007552055767       0.94048356973323222       0.60072630341981459       0.50439175538142111       0.38020068855994965       0.43014249084241102     
  0.58750192432584314       0.77662421047938579       0.66240577514336674       0.67514182384268984       0.59084204663978890       0.60747584386797304       0.57100716199014712       0.82713451123208981       0.60851002097453233       0.70074682230594232       0.72126093425298077       0.62038212790367697       0.64155746313649920     
  0.80198007649640701       0.85426522467569344       0.11342117220233823       0.67407105592510697       0.42941135704052452       0.47915165956431327       0.38478944431419965       0.43426708645730933       0.94272242562480957       0.60926546913681223       0.51815504038975957       0.39795866128953411       0.44190691852508029     
  0.62407291161170964       0.88947615381601752       0.61031222616850589       0.72737155692573541       0.56064872914254871       0.79534804411001825       0.68955426175652856       0.63061623863726568       0.76135810211863186       0.64249901363890061       0.58380080174088367       0.79787600549174276       0.63850184796687615     
  0.81007263091370918       0.86176597445679415       0.12060240560837573       0.68828440011473047       0.44161766111675743       0.49612411346652430       0.40073219028118706       0.44996776292871388       0.94495333807926440       0.61651074489512458       0.53002820649096083       0.41488403987906791       0.45284095473286734     
  0.68129347913491867       0.84374227705978511       0.76699378031400234       0.61407500822189010       0.64979568186179171       0.67077533437235770       0.69288487802373133       0.68584643549431412       0.66011626505792476       0.76077181798815507       0.59534686959399907       0.63254681723293060       0.68565232930512499     
  0.81848083839865882       0.86854036828355397       0.12783984347241811       0.70122557484475823       0.45711966948352734       0.51361644010651686       0.41647129093198249       0.46835121532600388       0.94731798048112814       0.62203178205114418       0.54738819665092942       0.43103383344950547       0.46414840343210112     
  0.70579805862383616       0.67782107190400753       0.68998375108792998       0.70195180058764839       0.72688419005447025       0.72293790375930933       0.63443230638656523       0.64906847203098084       0.70461410102539868       0.63341199252583225       0.73995649136292008       0.75840050787444624       0.55622549896721152     
  0.82604459408656361       0.87516259577265887       0.13533995429373555       0.71533720432115311       0.47698358569677135       0.52748120336859317       0.43064691953458800       0.48894915071501971       0.94975514141884243       0.62749750223647127       0.56442968843857877       0.44752684126443520       0.47548625662985022     
  0.62608100675241651       0.63447157935244169       0.73247325740418856       0.69580557087815442       0.71506165108449138       0.71840241901437141       0.64055292772543826       0.72445952958119386       0.64756892056153048       0.55977150745995952       0.68926955030511605       0.60010882125597165       0.57544890587389519     
  0.83317327024426846       0.88178932363229912       0.14360280100869605       0.73072053523807468       0.49764074616473930       0.53475096105832076       0.44575129921686557       0.50821023950239785       0.95216919526197374       0.63359451233401387       0.58044646702067493       0.46356118526308882       0.48674216346961457     
  0.73367649330764029       0.61773174182858981       0.70319728020522188       0.69770631349202161       0.72230106269326910       0.56767722772764218       0.65154803967629293       0.90195425409701491       0.68190049757785198       0.53510113307347529       0.57632819993628159       0.72137556936701897       0.66094401613456388     
  0.84026788362533478       0.88738356625124148       0.15213804368702105       0.74501187105272537       0.51754447985947227       0.54171060872064869       0.46155125921678120       0.52515762737795191       0.95466890737418098       0.63914620703660840       0.59580467259627623       0.47910269107890130       0.49772591297174595     
  0.78150700096173631       0.66643702551402839       0.69717676836149545       0.68217416010711263       0.88313650975698887       0.55465912361107783       0.79095749231626222       0.63058877453489126       0.72862930873131260       0.54621751217289904       0.68115459894912611       0.73308939633265824       0.57707081380638814     
  0.84736758203697515       0.89241444581797291       0.16157774927592336       0.75808083391510162       0.53639416926170347       0.55066948847407060       0.47770556101127165       0.54096333118267459       0.95707096198504804       0.64396156637487023       0.61068570781400333       0.49503236276888229       0.50823439596378794     
  0.75514396536052553       0.59993865625252973       0.59768680062464918       0.69620688465661273       0.89154220601545409       0.57827054811090728       0.61646003032771057       0.75533860254635210       0.77485210449833486       0.62209023487433313       0.74621146020813334       0.69560780844256176       0.64577204756220818     
  0.85415267656128668       0.89756803141013630       0.17084649923530107       0.77040368345249621       0.55315484137258297       0.56400274648984028       0.49468154840781559       0.55720062811593640       0.95876761706119895       0.65039053776735234       0.62547708129939716       0.51177990152295671       0.51926426126014402     
  0.75110471034673265       0.63120408730878574       0.63806522797165222       0.58510274697671982       0.68224158529305667       0.68586862847114483       0.74030788621066224       0.75233407831265908       0.63014709155341975       0.79317197324501254       0.70957419144326694       0.64304105044390047       0.74673545281169040     
  0.86058713784357155       0.90291975446114725       0.17991322539525545       0.78182538217696407       0.56875547851280972       0.58158240741218281       0.51156956447021573       0.57278554272998849       0.96027338683808983       0.65764672570172922       0.64101090474134104       0.52854039506439388       0.52971607838493706     
  0.73749040192432580       0.71469271326497674       0.85257500269593334       0.62480090214975526       0.61286830740669884       0.75219618830265123       0.71125509107100204       0.53884688458309715       0.59136872755869430       0.69252288465009371       0.80720853725058006       0.62947696909415396       0.64842421325986366     
  0.86660986921866623       0.90778609474341188       0.19055610358161290       0.79262209092350022       0.58418607037466352       0.60064535769952421       0.52819412107555153       0.58879110650255395       0.96152193741879888       0.66542766804646836       0.65615398267083647       0.54498542474986111       0.54041661694999077     
  0.57791984759023185       0.57602960294891925       0.67479383278075167       0.65445479115507998       0.70587850475870173       0.78397940378525710       0.60632762192222234       0.63245069578157431       0.62935459168424690       0.65430061000132467       0.62167665775528791       0.60053159450320370       0.57553237224794918     
  0.87169162527676025       0.91161754239019888       0.20186604864587523       0.80301608139099112       0.59938816155574537       0.62032335000701944       0.54561680523212353       0.60680137065588791       0.96273453931870456       0.67294261177314119       0.66669698744309025       0.56251105616744257       0.55204462224835538     
  0.66723546025733593       0.59536665553389756       0.60663323628030319       0.68883128679181660       0.73343364079935924       0.75378700022351441       0.64116724926009339       0.63343652454932664       0.64320949731386468       0.76896638012289797       0.65563675539135891       0.78050071891276540       0.63605490053210856     
  0.87667046094049139       0.91569145013622255       0.21308265789878003       0.81318387612494425       0.61436667266887501       0.64004226171184708       0.56215386499990083       0.62501583999425081       0.96404840793689550       0.68079459145970445       0.67733755186512301       0.57977887414437179       0.56356677777816144     
  0.66182641945176135       0.64311375750766098       0.63870871950598684       0.61043815054194683       0.65985448959267368       0.68433139706457879       0.69627228023016252       0.65665777448001339       0.62373935820457915       0.72386495532599837       0.62413375020285300       0.69913595568175735       0.55920521955358615     
  0.88174420862401792       0.91964407427159833       0.22575953506886764       0.82394498606851796       0.62741892835661395       0.65956476612062309       0.57558003325581786       0.63895119238405274       0.96537062007394758       0.68832222054604464       0.68712879391923076       0.59712642942002359       0.57373681405512100     
  0.65500800326590369       0.56644618295976046       0.70326376495240939       0.79213237280942228       0.68838789847861104       0.75056808601048075       0.58703553426644206       0.65794771284090037       0.60984647033270167       0.76787375112516076       0.63815490676221320       0.76037165116854066       0.60365832249219242     
  0.88641206100994030       0.92431137967887500       0.23476986965907362       0.83530619473101331       0.63929762560007808       0.68046153229518280       0.58850835143892644       0.64892518189148385       0.96670217731510899       0.69469732899492609       0.69663348521375512       0.61358012091883518       0.58426340615879779     
  0.63280456672705798       0.66828616760515924       0.62275083087004224       0.65403757583177058       0.59784835699959116       0.76309722142154135       0.70834840518213471       0.64621756217652304       0.54132692613869893       0.59135326032210755       0.60235273583861271       0.73462450812728330       0.60749346058944176     
  0.89169468398691409       0.92943973667758295       0.24300551905583193       0.84469948071457901       0.65295931595273315       0.69983179004340912       0.60183424183760226       0.65949743583813492       0.96806541533353729       0.70129398323470971       0.70627559931055983       0.62970228621583124       0.59546655720865194     
  0.64120272948339618       0.71714642388183336       0.53230860375217570       0.65356480874453371       0.61758512405239607       0.77900852040368973       0.70556201305378063       0.62705474987743781       0.70099398019351056       0.64595657209052615       0.58704534419215293       0.63967048603869048       0.61666520899799049     
  0.89738829951929966       0.93265104991187431       0.25236169400799890       0.85162712816382180       0.66613474509313630       0.71826520445789244       0.61519412926617034       0.67095292654296368       0.96932633871723761       0.70890653446212848       0.71855890552195190       0.64636035984784623       0.60976891103902542     
  0.68396300797408904       0.69408368208889204       0.60862498058128645       0.62243177061940747       0.61323782228990109       0.84384996630576470       0.59311023965345111       0.58387092949517316       0.70972172282880175       0.92454461301734725       0.71485453849593372       0.67000889360586013       0.58728409526287828     
  0.90328489875437312       0.93544537478418921       0.26111546000949282       0.85831319547085549       0.67947293421645905       0.73671096628493715       0.62989300285527505       0.68478313577025118       0.97032929801680290       0.71677956095567164       0.73231142049968889       0.66402956622797116       0.63145734081547977     
  0.63349645870648708       0.55913251818671184       0.53486650923313839       0.60528788087247698       0.63598014850610385       0.77720388344981195       0.63960161939054261       0.65305013563146630       0.59408339556126366       0.69706619038411988       0.66439885429034340       0.70118495575948003       0.78700004204448737     
  0.90952720971293133       0.93894862457921524       0.27010902379457286       0.86551571052514176       0.69514108780421180       0.75469946872749483       0.64693069315668428       0.69976223000016990       0.97169814821632305       0.72449775535053718       0.74589409971097664       0.68152063580882827       0.65132227975283730     
  0.90620840146496917       0.63813324118854919       0.57888576938323644       0.62076823156100769       0.65670784292175155       0.67405310344868219       0.76050242931492229       0.62978181282038359       0.65763086143622063       0.77262779782924640       0.68837205321503070       0.70908411400378046       0.74056936917598637     
  0.91539114042990755       0.94328823062174816       0.28021136932026736       0.87290040353951870       0.71318170284219895       0.76972981746274693       0.66412707220204570       0.71711571821650544       0.97302566593616635       0.73311488054424967       0.75971965852271794       0.69963690376962184       0.67821706550814886     
  0.75531258982505500       0.76465218138439384       0.66620260717221358       0.71239178676784687       0.85662784641931011       0.65219493587584887       0.61083251332219812       0.69309236189968459       0.68763965726534004       0.75916271394440649       0.70056597379635521       0.80501563279102617       0.70234137015568876     
  0.92054466057922735       0.94744018166537314       0.29099757441081009       0.87970385926814954       0.73186672372919548       0.78300650359253954       0.68129228137108500       0.73531504759173205       0.97428818939141215       0.74262836632244389       0.77224655807361808       0.71792162898280087       0.70611872366244477     
  0.61126540462697698       0.76950810363714195       0.67038318517694928       0.55982925785665283       0.78119847998958358       0.62877117998118404       0.66119872828742388       0.81198803064370739       0.72877965586805427       0.85635685514429327       0.60091839429388705       0.64522629853308011       0.95334353392441951     
  0.92496225079603867       0.95115604021138422       0.30351732419586774       0.88580304834908741       0.75023295599247952       0.79661447508305561       0.69739407968454070       0.75350502394406726       0.97567251344463435       0.75151436113385950       0.78459167497920257       0.73643379845257140       0.72889751524098922     
  0.64170756823016206       0.68732424189672214       0.71702525605343792       0.60487090291821122       0.78825638463944869       0.62799232252091008       0.72767482567519981       0.82918522029660646       0.81500052843158100       0.67358558398020218       0.76200008107739070       0.59845236147107383       0.65002090143778835     
  0.92888552414617875       0.95490543602011380       0.31887250535902895       0.89359200844383402       0.76671884314600525       0.81033122579735783       0.71405023418678093       0.76976967525594220       0.97708544845291367       0.75957210849672741       0.79449000058944597       0.75391323272906186       0.74653773384058431     
  0.67757080848363471       0.72514938093854309       0.64069350184639273       0.62339938045700560       0.66186080747610643       0.67759425005299445       0.73412313665095141       0.66257638617877501       0.71993134273238413       0.65609180837337944       0.59094775753357787       0.59165443696259445       0.63063786835977120     
  0.93298399533464338       0.95834245040100519       0.33161480553559336       0.90107391343556908       0.77714078912725582       0.82220102015859908       0.73187542187023868       0.78531624107899300       0.97838214115941469       0.76723306247951484       0.80432862346864931       0.76898229018671671       0.76231302749687713     
  0.59684282062603000       0.71021975729794151       0.61831097753127817       0.68153271741273869       0.65985140298060885       0.73001770427790602       0.72484662852987858       0.67497613821885338       0.57424073871282399       0.71995850475880185       0.59325836282591093       0.62966030188998434       0.59710322857195286     
  0.93760432497660473       0.96106725343551880       0.34710165556404493       0.90758769449409549       0.78907206067635416       0.83354283127256790       0.75039363648834390       0.80156289008600068       0.97942687012941010       0.77464253808756744       0.81413107764980219       0.78526241119857343       0.77940259458934991     
  0.67823198749247604       0.68775372223264852       0.68967505832493037       0.75777491596990620       0.63419087571427191       0.73746522306078011       0.69634629544627258       0.60823069302033483       0.57357350666553197       0.69168686592103801       0.62709975295019749       0.61769759029464621       0.66259240739518932     
  0.94214975310014037       0.96358869761701571       0.36717963597795111       0.91354186197363940       0.80163405104943986       0.84511582250780615       0.76979540995195517       0.81818891647744418       0.98026938578675171       0.78204924851518365       0.82511513233186207       0.80215532054963146       0.79801100762857646     
  0.65940261973928305       0.66312379248266251       0.64079817760004920       0.81230469444092002       0.57566969207136609       0.65990917351853839       0.71396108276882941       0.65312671154613455       0.61873125425807440       0.73631146920337875       0.59291797520169609       0.64989227838257280       0.98782387826626461     
  0.94576386006862834       0.96639235112757582       0.38842202836968776       0.91934340051742824       0.81494250013633451       0.85741503035850275       0.79091953414051752       0.83514456484110466       0.98120841847163121       0.79024779370036136       0.83692560959768725       0.81823939603921636       0.81675089159536385     
  0.70439547245702516       0.67280750476170625       0.61690899791762388       0.66148769346596081       0.59135090337804008       0.68767860992513996       0.90321809487736027       0.76823269647508852       0.68431846113881345       0.82355942435363994       0.74464002406848084       0.56107248618949868       0.67012863102294995     
  0.94970013709735057       0.96936825436425555       0.41000073163583600       0.92539560075764393       0.82873237610482819       0.86918933143330168       0.81203355200827165       0.85292299379745073       0.98233125074864236       0.79865287883454483       0.84680559139931000       0.83280912651499339       0.83402233330210818     
  0.82575058458381478       0.78288520042785081       0.72125852658693101       0.59150524357600709       0.66033977157408086       0.68972839762224536       0.73467224088179373       0.66463480462610169       0.70330446058658103       0.70565272720341754       0.54573394506946493       0.60248689355718998       0.65892182494999496     
  0.95328059633172701       0.97276058978364843       0.43138396654984512       0.93120687495202825       0.84051396525929056       0.88128326721521599       0.83091153718967203       0.86971941310927336       0.98336125158214116       0.80699615805749914       0.85759538485255382       0.84938540849532718       0.84953633061118350     
  0.69950845032034226       0.73600609815771445       0.56064872914254871       0.62778188227425724       0.65014092466004536       0.62290816757349254       0.68265300681961694       0.69563721114430710       0.62283394794118041       0.64316468275029459       0.63766514281210473       0.60782005933643779       0.61872786803620017     
  0.95734266112665578       0.97619204956393812       0.45409001244232799       0.93735847810144268       0.85518562132906961       0.89464778059057015       0.84820524202586223       0.88412301218738809       0.98435017556953053       0.81444395026699101       0.87056615487931477       0.86607800168768079       0.86532989922156034     
  0.68446638857449271       0.65174492457845001       0.64438671577974371       0.65353704770838705       0.60969414289094492       0.74925871635334029       0.66178328225579941       0.67207780486326396       0.70493542204228155       0.64775414219299976       0.59117980792183800       0.61017516277533368       0.73145094044995174     
  0.96091906032519847       0.97873044583160940       0.48061307500088357       0.94384263711923533       0.87403321522871213       0.90744284653582563       0.86512273127101114       0.89813241935413735       0.98565972623392006       0.82139756273214526       0.88565300289639048       0.88216053939554451       0.88225019690840556     
  0.59380508478539451       0.57807957597913406       0.71804276218309127       0.68731825992628381       0.74020141738612777       0.78233123868026766       0.73788569297072704       0.70946889569293248       0.81161311052638074       0.69846172353877500       0.61199434714616852       0.57967109340751777       0.69919880253572697     
  0.96332057840453034       0.98113788285796655       0.50818481631495260       0.95198596169583105       0.89189858744611561       0.91790929196609827       0.88367026084364708       0.91024360855659681       0.98724839942249099       0.82834476496490272       0.90068579651949543       0.89560441561562232       0.90011259149244072     
  0.62397899123222889       0.80988748686888068       0.57323832974307709       0.83419791848273050       0.70143323024842275       0.68447257880244317       0.73112915913056287       0.63934301080260536       0.78371019290853305       0.68660327947004463       0.59106828587880977       0.55469833336670415       0.73723672208696955     
  0.96562285571203876       0.98275643529123946       0.53879987708589328       0.96033972015760394       0.90821198417082361       0.93039840600512547       0.90463415098063404       0.92109795945782136       0.98892895062104247       0.83636208538916745       0.91526257089660468       0.90817388025382473       0.91990483368705600     
  0.53153845354288298       0.52443325974576460       0.60505010977434126       0.62145328280573664       0.67879397087806026       0.69820784210423448       0.84037125512477284       0.61761530595482150       0.76968489203418300       0.79330299335850885       0.85892459992890358       0.56064872914254871       0.72022646065776852     
  0.96827725402953813       0.98419341604980726       0.57161783843075764       0.96767803195123603       0.92467898913170699       0.94390136363818411       0.92776273967189160       0.93420672345071143       0.99062660100227695       0.84656358919243146       0.92875591592491458       0.92196214563403012       0.93382061865172217     
  0.70707832838984652       0.62926518822257171       0.75113078998859706       0.70832399094544396       0.77765076663761090       0.73740112764052135       0.80941815362308500       0.65874777831220221       0.68581062715240537       0.86276933381565934       0.66362768288185237       0.54479678466479109       0.72418607998087903     
  0.97234545082740154       0.98560398066469967       0.61504195113199145       0.97473632183908221       0.93944851572422039       0.95550518024369324       0.94915042815243855       0.94911375679115983       0.99234240808605756       0.85915481467583688       0.94089473147621672       0.93718542973107899       0.94673450468354214     
  0.77359806969068801       0.57408736381574410       0.67808078941959304       0.62655708224492068       0.61947096088579534       0.57076184928685936       0.83924151626540100       0.58780498071791798       0.76441292019542673       0.69460749917946341       0.60198044181823085       0.67018312601873398       0.67362038967498661     
  0.97659301607304005       0.98782362754770481       0.67132598838892099       0.98142457171413988       0.95340835715399286       0.96690835020464372       0.96035346249775200       0.96405358267888586       0.99414576439178870       0.87441463323357993       0.95324640073191402       0.95210062202783241       0.96044304270931768     
  0.66443174623313983       0.67672403936711090       0.75206891197000558       0.78607803020934575       0.74328236763902722       0.70811512565130641       0.56328339786320680       0.69665694118802723       0.82528757510368378       0.81945542677255057       0.60744558272815730       0.67723990918353349       0.65378816344680224     
  0.98228576673562584       0.99149357635722701       0.74806362145574434       0.98773694720115479       0.96849508428241315       0.97853842026822391       0.97390457308219136       0.97788857097425697       0.99591420868078750       0.89336969811393974       0.96639886819280518       0.96716775093858964       0.97393782350410396     
  0.60788579027090273       0.67821939924379893       0.61584964296852807       0.65751717989147562       0.54995532290818161       0.64082301741962810       0.66186885894580150       0.68106407683734471       0.67675707796656182       0.64112141594503380       0.62458859953369716       0.63167627177321106       0.66615407919888936     
  0.98991401806578350       0.99601703978206191       0.86137771424582055       0.99393427597902051       0.98322956848982368       0.98955687109763479       0.98695514010051355       0.98934115411561396       0.99787854387939912       0.93497603335591717       0.98332964074129225       0.98316449197705691       0.98708228813066767     
  0.63857058777621356       0.81173129169457248       0.58668673480556299       0.61524769456280670       0.70813153235063886       0.59605233653795420       0.62709712688493335       0.58707152252742967       0.71986236686903871       0.96221637686920081       0.81020623368556011       0.62676627859906275       0.75886341219859355     
   1.0000000000000000        1.0000000000000000        1.0000000000000000        1.0000000000000000        1.0000000000000000        1.0000000000000000        1.0000000000000000        1.0000000000000000        1.0000000000000000        1.0000000000000000        1.0000000000000000        1.0000000000000000        1.0000000000000000     
  0.59951780875977612       0.66961124008521122       0.54914240238449863       0.63128780604099211       0.59200297776674859       0.59497529704833829       0.81418859711876423       0.57268593048179794       0.51243773264377657       0.51296641760102468       0.67587268225187913       0.65895514109081921       0.58569967265904188     
   15.019171167491214        9.6693903074835337        9.4469201886983747       -15.365326788094302        27.984139269635424        11.703405219849744        8.1300203489616631        10.961153223099075        5.2751654686216733        9.0615822204389058        10.370426775618943        6.0012526441349996        7.4278669080475650     
   19.861232131940419        18.617601008322008       -11.512105702364625        11.724384145053952       -4.2381653027446573        7.0514650080569012        10.741237924820991        8.9691066079594393        7.0838174038476556        12.769858407557676        9.3757607994783978        10.964686141132709        15.718696073297034     
   29.148879179815172        11.342532684271571        9.6778461563501761       -4.9783265771530436        14.778887849422903        7.7389538679890730       -7.6107887886202965        11.078263142643497        5.7856843905155060        14.264635727998726        8.1611273042299430        1.3094457612320394        11.403687288132589     
   10.077350159897453        15.813109712758331        9.9971840822698308        1.9041443545506538        3.3350219091056847       -2.2458210709458242        21.365742812288598        5.8639119635695369        8.3871894667567322       -14.370143607366108        8.2034898888194530        6.3698979008036618        10.734695233872422     
   18.340981155083668        22.208698282059341        10.669379367938140        3.8724097325438875        7.5133885549126811        4.0475675405456037        8.2078502245937450        12.167900231804269        7.7891890919299485        10.014034724046153        21.926580014256412        7.5731765619264326       -16.926175580291776     
   16.209921615047502        11.439893273780680        11.739742589415435        10.461070300884620        6.2278985689307174        10.082213317077557       -9.9410824828808891E-002   7.9831804895849423        8.9270656028871311        6.0212541922881657        2.6385219574392602        12.737092903240441        12.102592482017910     
   9.6000824332770964        13.386623840560782        6.8769248774618523        14.796933095206377       -11.271692603630701        15.774339067695466        14.238816248006081        11.344962851111278        10.144461023597520        13.557972862817467       -21.949153420317000        14.109463427097673        7.7639131049182337     
  -30.351862179931523       -28.556808333219017        15.336929320745270        16.810060783726435        9.4185032149499168       -16.831000759102661        5.3317627749180323       -12.066183199640577       -20.350710798455491        3.2020498153148851        11.076702709377436       -11.152091030907670        9.3778178682817472     
   3.2455200489850980E-004
           1           1           1           1           1           1           1           1           1           1           1           1           1
   1.2963119053449203E-004   4.6200010471222866E-005   1.0299048227648972E-006   6.4345638920512025        5.5038921904705274E-006   9.6276892370715091E-009
   3.6871840912234236E-006   2.8658310007548427E-006   7.1952056123722746E-007  0.43317632041243037        7.1910644324788769E-007   1.3137600031515199E-009
   1.0659719927312801E-002   3.8483560697287578     
