     
 Collinear #          66
 ME*wgt:
   0.0000000000000000        0.0000000000000000        6.1411813270669733E-023
   0.0000000000000000        0.0000000000000000        6.1411813270669733E-023
   0.0000000000000000        0.0000000000000000        6.1411813270669733E-023
   0.0000000000000000        0.0000000000000000        6.1411813270669733E-023
   0.0000000000000000        0.0000000000000000        6.1411813270669733E-023
   0.0000000000000000        0.0000000000000000        6.1411813270669733E-023
   0.0000000000000000        0.0000000000000000        6.1411813270669733E-023
   0.0000000000000000        0.0000000000000000        6.1411813270669733E-023
   0.0000000000000000        0.0000000000000000        6.1411813270669733E-023
   0.0000000000000000        0.0000000000000000        6.1411813270669733E-023
 wgt:
   1.0000000274532832       0.35403848823799439       0.35403847851847581     
   1.0000000026313960       0.35403847945009120       0.35403847851847581     
   1.0000000002620513       0.35403847861125204       0.35403847851847581     
   1.0000000000261942       0.35403847852774956       0.35403847851847581     
   1.0000000000026190       0.35403847851940307       0.35403847851847581     
   1.0000000000002618       0.35403847851856851       0.35403847851847581     
   1.0000000000000260       0.35403847851848502       0.35403847851847581     
   1.0000000000000024       0.35403847851847670       0.35403847851847581     
   1.0000000000000002       0.35403847851847586       0.35403847851847581     
   1.0000000000000000       0.35403847851847581       0.35403847851847581     
     
 Collinear #          94
 ME*wgt:
   0.0000000000000000        0.0000000000000000        5.2647194630596297E-021
   0.0000000000000000        0.0000000000000000        5.2647194630596297E-021
   0.0000000000000000        0.0000000000000000        5.2647194630596297E-021
   0.0000000000000000        0.0000000000000000        5.2647194630596297E-021
   0.0000000000000000        0.0000000000000000        5.2647194630596297E-021
   0.0000000000000000        0.0000000000000000        5.2647194630596297E-021
   0.0000000000000000        0.0000000000000000        5.2647194630596297E-021
   0.0000000000000000        0.0000000000000000        5.2647194630596297E-021
   0.0000000000000000        0.0000000000000000        5.2647194630596297E-021
   0.0000000000000000        0.0000000000000000        5.2647194630596297E-021
 wgt:
   1.0000000338232500        8.2713317977814119E-003   8.2713315180180987E-003
   1.0000000032419569        8.2713315448333987E-003   8.2713315180180987E-003
   1.0000000003228551        8.2713315206885407E-003   8.2713315180180987E-003
   1.0000000000322720        8.2713315182850310E-003   8.2713315180180987E-003
   1.0000000000032272        8.2713315180447926E-003   8.2713315180180987E-003
   1.0000000000003229        8.2713315180207685E-003   8.2713315180180987E-003
   1.0000000000000320        8.2713315180183624E-003   8.2713315180180987E-003
   1.0000000000000031        8.2713315180181247E-003   8.2713315180180987E-003
   1.0000000000000000        8.2713315180180987E-003   8.2713315180180987E-003
   1.0000000000000000        8.2713315180180987E-003   8.2713315180180987E-003
     
 Collinear #          12
 ME*wgt:
   0.0000000000000000        0.0000000000000000        2.8898004011942942E-024
   0.0000000000000000        0.0000000000000000        2.8898004011942942E-024
   0.0000000000000000        0.0000000000000000        2.8898004011942942E-024
   0.0000000000000000        0.0000000000000000        2.8898004011942942E-024
   0.0000000000000000        0.0000000000000000        2.8898004011942942E-024
   0.0000000000000000        0.0000000000000000        2.8898004011942942E-024
   0.0000000000000000        0.0000000000000000        2.8898004011942942E-024
   0.0000000000000000        0.0000000000000000        2.8898004011942942E-024
   0.0000000000000000        0.0000000000000000        2.8898004011942942E-024
   0.0000000000000000        0.0000000000000000        2.8898004011942942E-024
 wgt:
   1.0000000107845683        6.4670568758536608E-005   6.4670568061092444E-005
   1.0000000010337005        6.4670568127942439E-005   6.4670568061092444E-005
   1.0000000001029428        6.4670568067749811E-005   6.4670568061092444E-005
   1.0000000000102902        6.4670568061757914E-005   6.4670568061092444E-005
   1.0000000000010290        6.4670568061158987E-005   6.4670568061092444E-005
   1.0000000000001026        6.4670568061099085E-005   6.4670568061092444E-005
   1.0000000000000098        6.4670568061093081E-005   6.4670568061092444E-005
   1.0000000000000009        6.4670568061092498E-005   6.4670568061092444E-005
   1.0000000000000000        6.4670568061092444E-005   6.4670568061092444E-005
   1.0000000000000000        6.4670568061092444E-005   6.4670568061092444E-005
