   0.0000000000000000        0.0000000000000000        0.0000000000000000        0.0000000000000000        0.0000000000000000        0.0000000000000000        0.0000000000000000        0.0000000000000000        0.0000000000000000        0.0000000000000000        0.0000000000000000        0.0000000000000000        0.0000000000000000     
  0.18956196512559725       0.22301452431710059        2.6716033194011182E-003   5.4141206170815895E-003   1.5170691041677229E-002   1.1953524094817673E-002   1.8527850983998846E-002   1.4645577816475672E-002  0.51965716880331381       0.19206361076484779        8.6592889762057978E-002   2.2546557817016456E-002   1.5521323180351742E-002
  0.56136035183742894       0.65034620779123364       0.79701108707844792       0.78475802280260487       0.69594142134244674       0.72073380461893277       0.64464658790067653       0.60705237289307024       0.72435833166632624       0.55648668134665213       0.65628978464862697       0.72743514109816376       0.70469272771732450     
  0.31609960854708857       0.34121671720889285        5.3913160524990018E-003   1.0528610691848329E-002   3.0345618358163122E-002   2.2669659707488559E-002   3.7145475535610303E-002   2.9197629404473457E-002  0.63198833654610509       0.26980468298107435       0.14396184978119894        4.0512896564944757E-002   2.9474627226928667E-002
  0.71222710547878965       0.73824054918349313       0.83913456038852108       0.68231497136019348       0.67765046134361384       0.65898014106662428       0.81492808390566129       0.73420089069580408       0.86581425212997887       0.73638191370188333       0.66221221140966613       0.81014586040182179       0.64739394822427598     
  0.38929896235045924       0.40692080444197298        8.3915391832824534E-003   1.6039600334550329E-002   4.6291295362730335E-002   3.2652969974606379E-002   5.5187794963161146E-002   4.3336887989612806E-002  0.68679016220628808       0.30809653886039606       0.17419558254277989        5.5463841323370885E-002   4.3825842106869767E-002
  0.78588159200566399       0.66538964113490706       0.79565821061550945       0.71466250712796475       0.91212309234190581       0.63339387589503970       0.69338543139744457       0.76583484877422736       0.63739711336659644       0.62859978589888854       0.63434706688528075       0.69814997708386684       0.77811415476635881     
  0.43485188275330433       0.45816304298135374        1.1502290770425399E-002   2.1789273519191528E-002   6.2344538079966483E-002   4.3203991335866943E-002   7.2979413132555168E-002   5.8143245610409337E-002  0.72896787711698030       0.33693694443313449       0.20032771583017953        6.9180221136709602E-002   5.8042979630127639E-002
  0.71701793852816109       0.72963485056443489       0.83071754072111281       0.69901292446407259       0.58881905848244032       0.62359435876349822       0.72851954069201563       0.59919895334825946       0.67600402269729376       0.60188312557480605       0.83357548432332707       0.66737041775173944       0.68443781412803739     
  0.45948355358156534       0.49795527575935622        1.4547869310255280E-002   2.7658233864028877E-002   7.9478171302243703E-002   5.6096043121278708E-002   9.0836032634114938E-002   7.4913152522103524E-002  0.75804740195682896       0.36050431870306321       0.21910346924613358        8.2549810769303372E-002   7.3054942581680257E-002
  0.60649186040165814       0.77154842230388232       0.73847934753669497       0.75468353388892306       0.68518239740740139       0.67216396380595977       0.64045161494397251       0.64863479418990699       0.60067761956090937       0.67723225532461317       0.75266504188953465       0.68126327941624765       0.73285891946171322     
  0.49054015651401145       0.53065714275596743        1.7672699462479485E-002   3.3445136354083110E-002   9.8211907790953790E-002   7.0521700843993590E-002  0.10645787607811837        9.1587380981653421E-002  0.78186819061882751       0.38146591080849346       0.23635919797343263        9.5173342816689446E-002   8.9023175784939290E-002
  0.72170027623877420       0.68035361791776372       0.60247478987295988       0.88313047449160764       0.61647075285177422       0.64564811462114746       0.69871859021614247       0.74413603963147201       0.65402550017564109       0.80309793460577694       0.74687946488818724       0.84396053496493306       0.71527693413461668     
  0.51969574510944327       0.55692756468718996        2.0952362599685578E-002   3.8993394592909042E-002  0.11742940776423395        8.5046819979172669E-002  0.12068145818322376       0.10914927631393015       0.80081382399496881       0.39927952906817243       0.25314397534230987       0.10751952206621943       0.10486717794566806     
  0.74314841139623922       0.75501812014947267       0.63877515111270022       0.89870588873288137       0.67854975565680720       0.63606413097947090       0.73970648861780230       0.63465405051552015       0.70706940663084805       0.65808950548687306       0.78839114849581526       0.61569849495009976       0.70285474377613633     
  0.54769505549722397       0.58054699792063402        2.4450613063212143E-002   4.4371060774761550E-002  0.13771982452796527        9.9541794691182336E-002  0.13402257550353244       0.12820590120772893       0.81803897342393772       0.41580098067893856       0.27007820588649512       0.12114090802545119       0.12117506300390281     
  0.73338457802930124       0.76697414845258016       0.73660680244872123       0.64354547928571604       0.63332606436384942       0.68010385016769370       0.68726782129822361       0.71175628768183274       0.74804831548437900       0.60795912207054992       0.84452904360414582       0.73420114841953643       0.71138943914281261     
  0.57198909990337876       0.60301445402475218        2.7888916822079699E-002   4.9713878308342625E-002  0.15831914688658830       0.11402983639646705       0.14711125841744438       0.14587672773854024       0.83435641687960416       0.43135009009078384       0.28404675743106345       0.13468082992295302       0.13861338980659738     
  0.61294808916906840       0.65832822250759349       0.61014792260242035       0.66503658304838975       0.73119601791101840       0.75439357381352456       0.60964989743154252       0.71340333947488277       0.73912180951407358       0.76460109182095914       0.71941653567477803       0.70544382911926196       0.65756180471522530     
  0.59443968196224639       0.62418423979032756        3.1882578609252372E-002   5.5024905105636228E-002  0.17667649745489253       0.12831510278745809       0.16087805590927112       0.16303260041699144       0.84776478330697491       0.44638611136462863       0.29665355950686356       0.14816767714103810       0.15637710455872450     
  0.69847032928256192       0.76058783169781508       0.70956490518341042       0.75660067890597382       0.72313175141872565       0.60188053954622200       0.65264465733211185       0.66725535997243879       0.67947485624312121       0.62213133406786281       0.74360620487015894       0.75902107103403438       0.68682049603280582     
  0.61468508169563352       0.64320673008864537        3.7248623827975197E-002   6.1430815790591599E-002  0.19395173386431971       0.14330829113248864       0.17540209420765901       0.17797553369240982       0.85830998015285664       0.46083624446545757       0.30883154017002201       0.16335647416398402       0.17513196857085528     
  0.80654949903803197       0.64164542051886198       0.86404000998585473       0.77051298696579151       0.77149583845768155       0.63695718679838609       0.66765300173181963       0.75973638594551962       0.70532192556830298       0.75472973384986308       0.69983177003055230       0.77569348125210824        1.0284300586911335     
  0.63339027644714052       0.65996626282751170        4.2794709919981556E-002   6.7967303994627179E-002  0.21008994493971295       0.15992513699423316       0.18945007224069232       0.19253400221840375       0.86787009324102482       0.47391510217968402       0.32110416299148509       0.17788497557187613       0.19434741778756959     
  0.65992587398920100       0.60142120419469580       0.77301526954471689       0.80317249448643147       0.70614781486323819       0.72408324546120606       0.58230841705521974       0.61910894902662617       0.61782381536876452       0.71252319501490702       0.61915745175122761       0.73830416303913093       0.67766316430612483     
  0.65143520992942128       0.67555262464654675        4.8183255264307272E-002   7.4892827316329125E-002  0.22698392679498383       0.17753377189316671       0.20261947591098889       0.20711181097985149       0.87665663166232255       0.48765139913984140       0.33328279383324738       0.19200887262833577       0.21267485047864662     
  0.75129628487058520       0.73461876793286562       0.62389657514165509       0.78176339246158855       0.77584531886820673       0.71006463728297764       0.64804623831967900       0.70556159396234741       0.64473501377484621       0.75152014433152303       0.77106647682506479       0.64739447972837016       0.69634742592697885     
  0.66850717300407314       0.68959326799713927        5.3972819984950494E-002   8.1395106706490278E-002  0.24127620448183404       0.19397277353527650       0.21671631049199577       0.22127635032714366       0.88496494159484296       0.50008828488360779       0.34455285055028123       0.20732864203197568       0.23064704836862354     
  0.68249378841021979       0.59677485913733763       0.77607683690859364       0.70182359318070009       0.57714143988710354       0.64213884791051146       0.79942891670085914       0.59200963337068679       0.78434141934664536       0.69277120358215760       0.79874253317493160       0.76186382625079396       0.68784144071543063     
  0.68492273614079735       0.70271423406996414        6.0004251489869563E-002   8.8784946891652325E-002  0.25684583907133690       0.21113510874771887       0.23169146466041107       0.23519709579941775       0.89252099765620596       0.51216826896156942       0.35546819927372364       0.22398979123465446       0.24720765160928515     
  0.62806340634464464       0.70020896262296295       0.63521242039943171       0.65226522684860144       0.66580890631584622       0.72936558010748731       0.72716402298844307       0.64296888744312963       0.63942043229128209       0.93317904097154625       0.60518837889285604       0.70186240977947589       0.85871878738846696     
  0.70073900536528033       0.71570414847813135        6.6445304013511453E-002   9.6690009122235077E-002  0.27466877647218729       0.22801113910658422       0.24664066270695306       0.24981671211348308       0.89855348226163556       0.52403515581514115       0.36617428236188121       0.24143316574052101       0.26081943233005689     
  0.70746577106175890       0.60160818207314859       0.63445997105469032       0.71965318262719802       0.75740703808927212       0.66742238298476653       0.63612077512929344       0.73262812633444407       0.63327740298117230       0.69030304544945298       0.68339290206651448       0.69748349623864614       0.67493987248802167     
  0.71564212393036608       0.72787230629641309        7.3536702262712209E-002  0.10481101620560121       0.29158532328221842       0.24631993061320820       0.26177984976709245       0.26538158684503271       0.90424483723189308       0.53520678020719326       0.37696178678852893       0.25889946625300947       0.27688381018410674     
  0.62859515895127394       0.72070446605457961       0.78550465979257511       0.79639915585177257       0.86205944378226418       0.67451092400831258       0.56412574058727261       0.69175690749405883       0.69207580007582470       0.62768184073815503       0.70814253753251100       0.85736615757929047       0.61820717271865500     
  0.72982991255016383       0.73914612876718955        8.0708176157198511E-002  0.11306418351901228       0.30745267408339511       0.26473069463554200       0.27740468717274974       0.28165033173071008       0.90982912632684398       0.54591472839063382       0.38805494944331126       0.27808983887690908       0.29343273567616912     
  0.68853151502737731       0.75475835882234399       0.72392601423190617       0.73206999489386015       0.85527327073277992       0.86574953879300776       0.82079330778774329       0.74929203823745394       0.63171906611501438       0.69770875175329672       0.78069645648869457       0.79881471692965023       0.77839727498315736     
  0.74299735533265954       0.75011426800374847        8.7517640482977999E-002  0.12132525889213899       0.32353859108019523       0.28469139596197751       0.29186792123436756       0.29636660186196129       0.91492813995110100       0.55610333057430161       0.39930460244541832       0.29647787703691986       0.31172889001106469     
  0.64321705996130774       0.66604422628339099       0.65298510476236171       0.73715422989791524       0.68502624413112445       0.68147703533904769       0.69773541307222720       0.83774557240009573       0.69462034187095190       0.69513540018590048       0.59993172460309951       0.65739683505734081       0.77015758702109838     
  0.75557060087057626       0.76078143739544590        9.4051443371306609E-002  0.12956384420675687       0.33983260705549451       0.30423950773955216       0.30787954948001556       0.30961955046983891       0.91947779623546344       0.56593067530578334       0.41161318947619269       0.31533149342854044       0.33236236897286703     
  0.65019301084872105       0.63696367720646330       0.64823934597206612       0.67306886997734239       0.73157920417016253       0.89279450550460537       0.60677605070054352       0.63586787744333240       0.73666860980089621       0.71882464199133489       0.79761889759186366       0.80969867189784706       0.63290469602364297     
  0.76686053708727120       0.77082505658402867       0.10034547076497509       0.13765805820720114       0.35659010250941631       0.32397169761153871       0.32288332702566946       0.32239238616483284       0.92364097872288253       0.57537561382794022       0.42405395770931453       0.33479795871328244       0.35122419319360676     
  0.58968688784472167       0.76534591573282407       0.62590948043552164       0.83170731390405017       0.64400375338512994       0.72731887972045128       0.59155723442322894       0.63247454163202232       0.62225986855072668       0.80983429626105685       0.72699113003878857       0.68536836633001375       0.64821985207410859     
  0.77675626289051336       0.78027241150689108       0.10571682762437146       0.14618688476554495       0.37360544891680547       0.34188266876718587       0.33653585430808092       0.33533674336181640       0.92744065682240939       0.58371122092977890       0.43722727016299889       0.34933444937858915       0.36826965683247148     
  0.65295343429044927       0.60384325897005986       0.58602080090361541       0.65463205949637415       0.74782403661750008       0.62056618625445936       0.68859929051422075       0.57074604012364327       0.63252071772559060       0.59625928465504641       0.84441202350680977       0.75337777798188299       0.83740683122831272     
  0.78585675226871754       0.78863945390368795       0.11488981264423628       0.15326686409804405       0.38987384959855653       0.35935728648510534       0.34994591726617841       0.34866837850157251       0.93120626712060572       0.59124241419723422       0.45115168661030192       0.36378908014331468       0.38359774643035727     
  0.66508721966004236       0.74980179366030364       0.82189519127913502       0.76468725326150511       0.65479867003848924       0.76756054364554027       0.65747425435616258       0.68305350962981626       0.63825022491391126       0.78421831842380663       0.74258375840870816       0.70820931928676611       0.61735425840934677     
  0.79442525019573884       0.79676687305616689       0.12361168532630093       0.16060559020555276       0.40563313123021422       0.37808880655437876       0.36294330181454076       0.36326451898150375       0.93489279671320202       0.59875528354987939       0.46481328249781823       0.37872293724666833       0.39726986521438928     
  0.62235265470523016       0.60030754722647417       0.65181261319943473       0.67215916342143889       0.65929040897954205       0.72336532031376155       0.72595725494070085       0.75721202613688599       0.64455921586651865       0.76306723226713880       0.75893810564377739       0.78729584839604105       0.58517500158156555     
  0.80316683341592943       0.80467273021601071       0.13497583375679020       0.16778963792141488       0.42148009600675806       0.39682895546814745       0.37802655728780321       0.37885777816520200       0.93848248379587162       0.60679901007409220       0.47828102214606227       0.39343624751156497       0.41270703532379971     
  0.63092752861980261       0.63308120339063856       0.69363982123622847       0.64226491368421346       0.68816472827005370       0.74179532783154323       0.56524392847175353       0.69490364105040581       0.70367412413611363       0.69238470415243381       0.64632857944593602       0.65517426951720459       0.78644119054536943     
  0.81195538975373438       0.81212797303787954       0.14477257248411107       0.17618676478021264       0.43585889188186466       0.41442855615416163       0.39363318243906414       0.39290226992296640       0.94193593061781444       0.61547186863370074       0.49344793488174837       0.40981097438737535       0.42842773872758672     
  0.64478022198107199       0.62140850075458509       0.62408526139089471       0.66855262476589661       0.59351502022816494       0.80028715433747688       0.70281301833909249       0.76566068305835921       0.70825543077086128       0.79038666731565177       0.92794849927159440       0.71112648472835238       0.71729658873730606     
  0.82030641112895231       0.81943966282952985       0.15693427617280165       0.18509542301609055       0.44915348786093395       0.43029658997913806       0.40425170099769148       0.40812664733057835       0.94526891769916377       0.62402314240625512       0.50888827982824592       0.42567689267013364       0.44233661487302972     
  0.77183461331268777       0.65746522211849201       0.62926982188997760       0.68485669581950825       0.66885331587428631       0.74583331322099777       0.71656044614845671       0.64781241891551133       0.63237744983050370       0.69323732984696629       0.73062362066605413       0.74742312702171931       0.62871717062587140     
  0.82808433464871389       0.82645887334777612       0.16884667761238456       0.19306887188394478       0.46268744813949075       0.44619523457682969       0.41738416763436437       0.42380948201751933       0.94846247760938740       0.63206796885346572       0.52209221279941631       0.44162056343325895       0.45612134640699592     
  0.66454121254724041       0.66285493115182781       0.75704227990092421       0.59066489821137014       0.63788049389618628       0.72288812010801851       0.66779794745206966       0.72264963423969031       0.65936345114277706       0.68539234172195962       0.65023309926670914       0.66419010954752777       0.77537048949675236     
  0.83571885071708918       0.83343810121773110       0.18314126889274079       0.20116542351993627       0.47705904519156173       0.46130794154721366       0.43240559796262140       0.44039059193984637       0.95143037519419527       0.63969191860720209       0.53389804780289807       0.45776803299664953       0.46974633283613243     
  0.77303109422188221       0.71406672470532639       0.67636461988368846       0.74762433557493890       0.65882064249845462       0.74168217174774675       0.68268879842573804       0.75500719556537532       0.70732635828768464       0.64267834345559960       0.56136657250371080       0.60503855197556911       0.65843924794328945     
  0.84319946107195476       0.83937581755885804       0.19856207663151168       0.20951498107121980       0.49218746449780804       0.47761887921835572       0.44739131212143285       0.45797515485522217       0.95416358764580111       0.64748557495555237       0.54580875944900742       0.47337663544613895       0.48478584846823503     
  0.66440473085859730       0.61026856420722497       0.81310268628177862       0.59723713396324074       0.70127052999027595       0.67506565335642876       0.79411458796605316       0.75186298822099840       0.67451974074609977       0.67769390400073470       0.69893907068560135       0.71299968804674885       0.69740438190276000     
  0.85066970383882234       0.84546180643115687       0.21338722314236747       0.22069271859523173       0.50687276386691671       0.49242445094834719       0.46134510955156599       0.47557785864282776       0.95669329910351164       0.65569606330983266       0.55792330183181993       0.48974213229671670       0.50001764463443055     
  0.62703524660681564       0.64098314154679170       0.73408630204858172       0.71278589723505781       0.61362691644046929       0.72547726163489268       0.74100608358882869       0.73605617012955282       0.74247567241311729       0.80415576615875084       0.64858229512772236       0.76997206499442106       0.64079391026430055     
  0.85755408137979827       0.85206822204557819       0.22817152342850522       0.23219651014269319       0.52135899587578338       0.50690039432693423       0.47437824195429668       0.49176455413650966       0.95899372757223345       0.66374159209566908       0.57134161603456290       0.50539384513296459       0.51440021894499233     
  0.73831818852544107       0.76313470611258905       0.79708784183394543       0.69080128507236871       0.75860040080430546       0.82332017017713477       0.63312294440743699       0.72590067805621905       0.65672107758595522       0.85274073546142071       0.80084751898025131       0.58980822021749679       0.67780073329167090     
  0.86423260761912291       0.85868328594382204       0.24367482987392561       0.24386230127867928       0.53629643903464808       0.52232265352357055       0.48834851326028078       0.50650587767798505       0.96109298010529354       0.67238467906978516       0.58586885497879126       0.52136623536290905       0.52884666167156247     
  0.66747784682659339       0.58607734297428560       0.65794308122468947       0.80423652529139145       0.72278921730950951       0.71681075177370523       0.72350202780983097       0.65390043807271614       0.59948887714131838       0.84166590495996518       0.74817608321673723       0.76231083678087685       0.71377136313219558     
  0.87025158655039192       0.86535007681403708       0.25972703576107187       0.25547524989620690       0.55195880782195084       0.53774067327519559       0.50255727083226109       0.51991728961036143       0.96299683803149161       0.68117940175765745       0.60020262599285590       0.53727804295699066       0.54368015570083739     
  0.68723124368794142       0.69690404405337569       0.61908843053354812       0.71529824213399418       0.68418225623759354       0.64548150422124428       0.67237755737176175        1.0125794174056173       0.71009064004379663       0.71191936897672592       0.68390475396369566       0.71192727844363790       0.68489561376719721     
  0.87598474656592284       0.87212372700680385       0.27626934884556192       0.26776683455824579       0.56763699134493073       0.55254009358153033       0.52021597739415282       0.53566364879277717       0.96498515596093049       0.69003813172481110       0.61432496381800616       0.55290494821784653       0.55893959051539932     
  0.72687695152376419       0.58093518789559428       0.67535323713721784       0.70459576927747869       0.69516833583089122       0.68108469979579134       0.69844454100036446       0.87551850598595016       0.64705156820242860       0.80285232259829598       0.81385742356162705       0.71108581686025052       0.82190716501763939     
  0.88219545817686751       0.87860999392122674       0.29315054719064415       0.28040746554607743       0.58373188024892453       0.56726558058726373       0.53752633905539271       0.55206146451807325       0.96693509597521077       0.69894387120378609       0.62784636903692115       0.56935624818329467       0.57498922801412788     
  0.67763688278956280       0.76069711200815637       0.79685656368967939       0.75152028615672251       0.69592005335795004       0.73944496125088122       0.85287263833199212       0.79375880320583792       0.73427507385207058       0.93070239457578285       0.68300118740532922       0.72687969676319264       0.67690607042441298     
  0.88840092622441413       0.88472183691067052       0.31163338372902399       0.29263714851208517       0.59947622585855331       0.58247211639741292       0.55359903430755164       0.56850137598393669       0.96878468239294735       0.70645888366813447       0.64124108813460978       0.58490730956998049       0.59178033024203491     
  0.68051484124582007       0.74616206978278332       0.79092341566447699       0.81087853284853462       0.73902530060972649       0.70351529971956228       0.69204470231264614       0.66712648703732114       0.72538508616722963       0.66531821614546183       0.75561944267742620       0.68003947681860399       0.63879641426134171     
  0.89455437659372627       0.89067106099592630       0.33198091276176983       0.30513269857554121       0.61540234664702609       0.59787866070154716       0.57048213222863675       0.58622554718606401       0.97035795265524172       0.71315966785879814       0.65494320881242307       0.60098180147403168       0.60837285213509262     
  0.64207357192128689       0.65365753919372604       0.64051550113115496       0.73043090749539685       0.66081489707676888       0.73611055503428291       0.59119222301804697       0.62550553952014265       0.67608805976222741       0.66466631096134765       0.71500027532109833       0.76379892666906524       0.68730736406805071     
  0.90051882155168317       0.89650845633869158       0.35087656039791876       0.31723631752361842       0.63138219215440006       0.61421025876722879       0.58644851931163711       0.60437248152998413       0.97189704521484332       0.71965204411797801       0.66888988153854589       0.61532031105364182       0.62462572505010372     
  0.64658733688117032       0.74417269421718224       0.66067996126453588       0.70386104866240240       0.71763705037647640       0.71884262695110557       0.74651197992150709       0.62165800538717686       0.66910150047205308       0.70869629934357126       0.61993329116138518       0.71005110052522058       0.68998744211423491     
  0.90606110982683252       0.90229460056040700       0.37054401853601782       0.32924273603214294       0.64754726556294495       0.62978694716080297       0.60340010967854063       0.62118674356274861       0.97343447592832233       0.72614884563196092       0.68221239932015643       0.62941071923679182       0.63889032843485516     
  0.68971047016351217       0.61591553231611185       0.70850447335030786       0.68145446897101125       0.70955032333981660       0.67018830418915132       0.75554911831247384       0.65716000140259390       0.60949384325000622       0.69884452396549857       0.74243384386252587       0.79431897630685999       0.66913643798191891     
  0.91134568754288492       0.90795122074835988       0.39059148283074818       0.34383483307271739       0.66496996373755657       0.64434945790520370       0.62051861158289645       0.63539084295926140       0.97496767213908619       0.73249987740249711       0.69747743539832907       0.64414074243581410       0.65312989965130031     
  0.69939309847114028       0.72738048668153255       0.66977840956571366       0.66718098892611988       0.73252868589142694       0.63741807163992859       0.74541605260813315       0.58078557896393601       0.69036273212606869       0.69111333064181568       0.74733093007238627       0.65902513763562365       0.60265891121591508     
  0.91652016615236309       0.91276869066216959       0.41504962153949138       0.35941533381917595       0.68253809591590209       0.65941654681842010       0.63593588432858827       0.65234109781831440       0.97633565880979267       0.73867573204909187       0.71243841243157702       0.65898656347062801       0.66858349285693519     
  0.69649268050891922       0.72967057498733212       0.85936856038727782       0.78240025879465813       0.78160087817699897       0.66189703273179856       0.65632661920030388       0.75553269301680870       0.69436654035149570       0.69820218181566751       0.64858198374438358       0.70362089850557341       0.67566722720539851     
  0.92185305547559604       0.91691843968660480       0.43853404030939663       0.37541795459263716       0.70052321453937649       0.67501524007637326       0.65117117060228213       0.66934940053717862       0.97756350780603740       0.74489317266747024       0.72631823026238784       0.67473291835690041       0.68429372252662091     
  0.70690589997680453       0.66720597866927966       0.70099399552365560       0.67723758996759309       0.77253338379670833       0.84200108825574604       0.69603726060355631       0.71188167233887323       0.61271113559781898       0.68208061906966999       0.74716520166268197       0.70762797663403043       0.63145153122489150     
  0.92719221939109830       0.92139916054821613       0.46155647192670807       0.39255012540754680       0.71807724528163330       0.69206421002196472       0.66805419348765160       0.68602971307600591       0.97880211788490235       0.75053361819482356       0.73881069261454424       0.69086193037528842       0.69830708210567327     
  0.76958955550340025       0.65054437714836710       0.68472555165425120       0.68463374133119936       0.62725586516209419       0.67073036613791726       0.72602513923058154       0.71725885925506949       0.66298955733936848       0.63113641504753148       0.61315989585084207       0.71538880378164937       0.73048970258914858     
  0.93195193014425626       0.92611409769346731       0.48530761210709145       0.41214352752633898       0.73450503195226646       0.71015142775922935       0.68547833171875738       0.70318181046672101       0.98004597985648223       0.75564635087726195       0.75021781271504606       0.70704294249544597       0.71133423860337064     
  0.70503805552262044       0.73893568131976883       0.65119670534048846       0.67737181650238287       0.68320576041826653       0.74686095640768313       0.73079834143321920       0.80425057206919459       0.68353697539874547       0.65419916902049968       0.68928697193400124       0.75196015522771598       0.69729379888765197     
  0.93619376198627335       0.93076099774835463       0.50685887087876647       0.43356533857514284       0.75094755030682259       0.72730585917770219       0.70325012130364406       0.72064529074751038       0.98125586571568157       0.76124479418179369       0.75985697412108510       0.72412096067077525       0.72381599323730028     
  0.63258010234585982       0.76620283974435666       0.67879540423926232       0.74141708770750114       0.66785325544811913       0.80040185684497456       0.87114421783068408       0.72156406833382236       0.65776177819017179       0.78578359990996083       0.77670099661353964       0.61861724844270549       0.65295674047503349     
  0.94027725021067077       0.93429276321573351       0.53053875440187703       0.45682237574884388       0.76625458215639031       0.74357430258971902       0.72210077812624940       0.73818221072479739       0.98243807287789631       0.76733203804368222       0.76922885611124925       0.74317876086562884       0.73855285164982420     
  0.64591496679242089       0.66229045326109215       0.66384147980466590       0.66288292137085758       0.73126238940800592       0.65838443041415484       0.98767151808517495       0.69107905967986927       0.72699544424113594       0.67029088907757983       0.55317954954513116       0.70022722023754402       0.68368611779771105     
  0.94406543426259992       0.93805951181552349       0.56017175117800955       0.48111029210011547       0.78045356754273010       0.76078684770618621       0.73807884045021854       0.75540273017019999       0.98357228170940036       0.77380289332550756       0.78021421380261102       0.76347832948260330       0.75379676802617501     
  0.69554102917898308       0.67357727064641726       0.62080932608006700       0.69155630918150557       0.75785690244744697       0.75558225778650601       0.74423506446511600       0.69600313633686206       0.68079140670456018       0.62372733555918858       0.66994651011757400       0.70507102497793506       0.82330252028014428     
  0.94784428094186013       0.94249731623304434       0.59016588437042261       0.50499225259055791       0.79365984969286929       0.77868529841627254       0.75338546080316626       0.77292108078970356       0.98463713972691858       0.78047167657076966       0.79166929505343897       0.78295200228461603       0.76817075674374546     
  0.82366050859042883       0.87700714398367119       0.63279036469882333       0.73003000571236132       0.63453999864760269       0.79885983645505421       0.65686553865666319       0.62142482752448214       0.67563038359486627       0.63270149907775863       0.60172908413031267       0.62324984154290508       0.62716030462620131     
  0.95154484340048373       0.94633881910294615       0.61940523809133119       0.52920795459215864       0.80605570010164518       0.79546744887090137       0.77026017054709084       0.79098402529915035       0.98568506340822970       0.78730558549937157       0.80303799890587668       0.80123062544350121       0.78259284232617843     
  0.69171906574782238       0.69210644414726330       0.65988288042218390       0.69517612974701737       0.63883898403505512       0.71995887359563659       0.66957804543618549       0.73146539170784475       0.80566885330097804       0.81355195722548490       0.76653756141380913       0.62770947571446745       0.69207048734828835     
  0.95520219933660899       0.95002755377043424       0.64764540495284617       0.55439396342412672       0.82022073926879058       0.81131517404482456       0.78854798847487573       0.80845194942182519       0.98672862745359113       0.79435612688594259       0.81402422123361751       0.81904492588158528       0.79687714026100176     
  0.72241959810678558       0.68311712806565439       0.78364599835865789       0.55839210536547534       0.69134139745472867       0.72717093915645337       0.73003873748690951       0.79962218275102759       0.71938655469913093       0.63700210003016378       0.63550086917204196       0.76913407235278586       0.68717435530627990     
  0.95867880493361957       0.95332858880900284       0.67413537875603391       0.58116705826539228       0.83599963654190501       0.82719225349461278       0.80603334200745724       0.82490390322812179       0.98777823237205409       0.80108757622497562       0.82491356097800017       0.83445122535973171       0.81088035317565088     
  0.69774941704341387       0.70021839244484563       0.59326787161081496       0.59009551365418278       0.81036042352505344       0.58262462732902320       0.72228703888520340       0.71952451224275227       0.80515859538465340       0.70475843359060308       0.62811718796532678       0.59838124029275230       0.68814182876290064     
  0.96192018083834008       0.95667961426349457       0.69939709812899720       0.60720765740315119       0.85209608007428039       0.84265352301458618       0.82317700590813769       0.84188987041871999       0.98879820234663696       0.80732291208485607       0.83589560789235706       0.85132546355081518       0.82508055582186612     
  0.65787076236359276       0.63861910905633001       0.63695579156340498       0.63909220203225714       0.70939775770590396       0.70342567738725514       0.70428174550122502       0.82643998631815574       0.70714489553731064       0.67189932407027875       0.60169869769557949       0.63757553028271030       0.78209503795488255     
  0.96485138463677611       0.96022678178183341       0.72799716535389003       0.63253682419806245       0.86821820846503006       0.85773050945869300       0.84026541501558105       0.85864903742025123       0.98973222431493535       0.81374582509973681       0.84777935998176757       0.86738649093080211       0.84043442740080032     
  0.73997351117355792       0.68620188092954693       0.64027060837241834       0.55838215820729387       0.69637293698125169       0.65301511707949023       0.70557223055929275       0.65598842292780091       0.77691640564396436       0.73754802294701960       0.61223754103565264       0.61440496964425229       0.61413709864279975     
  0.96773662358065193       0.96385311882003366       0.76091653722133246       0.66076270303602935       0.88268896307896061       0.87227182947076831       0.85527979486330319       0.87232151588931706       0.99059244914850786       0.82059369650458314       0.86038192335494545       0.88403841997014421       0.85605904795636045     
  0.65296753560700516       0.67251372790820008       0.74441668633817204       0.67165038882726635       0.68711860131161528       0.66408011534652100       0.67875294282151444       0.57216928758020758       0.71367310766365211       0.63951832349544380       0.65075188554275720       0.79438815035683030       0.63922695842655919     
  0.97061044886789360       0.96749334301934176       0.79375098909036246       0.69411707595092587       0.89705746483239412       0.88632545186768685       0.87031220505661999       0.88390133182455277       0.99141607413560651       0.82843017429711197       0.87491081162340856       0.89350797591182241       0.87178313284711528     
  0.69197046171717491       0.82488538565046132       0.58248209019636299       0.69774866547112546       0.84961025269561197       0.65981615987429942       0.66434000669004389       0.62866578692253272       0.79526937688923705       0.61616269966692860       0.72284433569287299       0.66214008491337017       0.60794250614176570     
  0.97359198892463117       0.97141067418226845       0.82656193925238197       0.72948049106370427       0.91111215336542284       0.89900080770322699       0.88730781537965897       0.89651265493540522       0.99221351106613265       0.83787108426284962       0.89071975454630548       0.90484955862691585       0.88745780925049844     
  0.67055201555060395       0.73348910202885143       0.65397747571167653       0.61659395667977923       0.72507214181262913       0.57283472419027293       0.71447022344332545       0.68914282145335060       0.90057649141993468       0.91316446401647489       0.68690303370792072       0.58403744141714509       0.68427125652967413     
  0.97668684545486295       0.97533456752629544       0.85957186759276027       0.76435982870773567       0.92513154634078976       0.91301138519581493       0.90387974312892194       0.91038872137703075       0.99300379117985982       0.84817937479137318       0.90666202000813101       0.91614671133749304       0.90355052204594688     
  0.75824122739830158       0.75280093582571750       0.70690864049074298       0.67338102957866275       0.77387825377199027       0.63054272577438752       0.73191894403497293       0.68689573839436824       0.76066313111906980       0.64275902241101701       0.65729194826286741       0.57299984212894606       0.70153325512999010     
  0.98012115428062097       0.97906666595194325       0.89191692724693983       0.79886428704449297       0.93936951227857990       0.92575455874539203       0.92211838288514758       0.92409488258897809       0.99386470226591195       0.85879045451785374       0.92274070704454259       0.92912043486452867       0.91905685712525242     
  0.85747015762794643       0.87542330954381475       0.76651964120866278       0.59582234396213463       0.61967584959323041       0.71261758903420591       0.79193395747122164       0.71673533531342293       0.80408137054419326       0.60552661925311391       0.63541656683939507       0.76574060944127942       0.71597005293897797     
  0.98402462621972020       0.98271448098010139       0.92101151915166524       0.83613605586917294       0.95216463855520650       0.93889390592916100       0.94017065121230670       0.93656208305844046       0.99491850866722709       0.87045180795132748       0.93766083905640396       0.94333028333983193       0.93424164874354609     
  0.89587865414337486       0.66053343542446985       0.65976633020245090       0.79171016281834050       0.65760417821886263       0.55799956064970802       0.70100036102182950       0.65442695598092737       0.82627224704216096       0.64831225941999726       0.68778337114748545       0.55598277123994111       0.67485526509709504     
  0.98798255078329789       0.98632351122335538       0.94597453442857093       0.87557316967197307       0.96415058842079715       0.95402631466747900       0.95551908157840626       0.95182655264208760       0.99603105312510709       0.88362243023854126       0.95245253062762070       0.95805611224262732       0.94981044973085393     
  0.90198896760614233       0.74678060321359385       0.73193191766955845       0.62163727543534530       0.70873746566562712       0.78543634587952404       0.62493248323515738       0.75690123897477668        1.0792499897521666       0.62279339020301205       0.68513114943795839       0.65839849195824218       0.79754597158616192     
  0.99201478695310985       0.99023151887897398       0.96701156367076935       0.91506473711968572       0.97638393698321768       0.96897518428804519       0.96958523389457996       0.96646119572316513       0.99719429850675645       0.90023577849728342       0.96718667552516713       0.97193609196854036       0.96632822171598509     
  0.77230669088591841       0.77627760686890535       0.83880553557484061       0.65913061572957499       0.62092061478587623       0.68969784756558139       0.60296624533797571       0.58523454439012090       0.75475930309688088       0.69614094785288338       0.74753034348807157       0.63538228367139638       0.73961598106207449     
  0.99612761732792710       0.99508679289435065       0.98376975778990494       0.95714702064635127       0.98816354622829861       0.98397196378139062       0.98489819602515816       0.98282185366529384       0.99849467638170331       0.93117455220685219       0.98302680556255451       0.98611122860679767       0.98366404865767265     
  0.98239993684584237       0.95797960274364602       0.67066646941050456       0.57144134196380258       0.62749250788593591       0.73869754036950253       0.69535222449942125       0.71676300001284143       0.66190278601310770       0.67629479992559127       0.65635654999256965       0.72130779848558091       0.80514165901903789     
   1.0000000000000000        1.0000000000000000        1.0000000000000000        1.0000000000000000        1.0000000000000000        1.0000000000000000        1.0000000000000000        1.0000000000000000        1.0000000000000000        1.0000000000000000        1.0000000000000000        1.0000000000000000        1.0000000000000000     
  0.69115963363682653       0.83593575744892690       0.76884404602662382       0.68919040887515803       0.73314362725692284       0.67256410807770473       0.86389760928070203       0.80736967007009364       0.58469272673131945       0.57438518325528620       0.61212911483482257       0.61357782961050844       0.69299566259617251     
   9.2788595150089783        9.0434582724776469        4.4084653807957279        11.403221544958450        12.197838301521552        8.3009647954091932        11.531244503337636        13.340435260197314        0.0000000000000000      -0.85344777731810328        8.8896633331454264        5.3624211008317895        11.742922885357272     
   9.8294753373105745        9.5491986117020691        3.3293993717620181        5.1570042166380796        4.3733739526467108        15.973979126872592        14.906693802253381        3.0764454205649909        2.9313016499609397       -1.4060964973781116        8.7170448103009406        4.5972131821952003        10.048218892283657     
   12.585351482447418        6.1750152094274675        3.8890936196435533        9.3841355049752622        11.203100542710335        8.3267531008792499        3.8052408701429621        9.2974574797670098        5.9898354196170809        13.974008272320766        11.280592101972363        16.083194334979751        13.846246918852025     
   9.7387144617304457        13.294482106260109        14.685468476817523        2.1294705619995726        11.346563714091625        7.3356702286875723        7.5167312574441087        2.9702743864810763        7.0455979410400644        6.6671843901509096        2.6231440935274901        7.7371201599839923        10.800730116752060     
   7.2594251489494814        13.607480010042636        6.4812932712910989        10.694774338723672        7.3923280101642783        4.8937512064790250        3.9398302610378573        8.0617479141000867        10.327558509929666        8.2819600816105670        12.385033744228581        5.9533008447577132        6.0372993223433209     
   7.4375879288634144        13.089773297002422        8.7368786476618521       -5.7063175172478395        13.783616938809327        7.2688046417886092        7.8864124408321672        11.805416585323773        5.3639147884426635        7.2074653397863067        5.7430258499680962        9.4813810204562916        3.9759000252703900     
   15.187436350790536        1.9668134970093067        12.826095543781946        1.9759076887872942        5.5273583978754663       -1.4159584150563485        4.4566123947666680        9.1074937139460772        6.5242309185451921        6.9020723831798945        5.8131585646928903        4.9041447213487004        9.4534343628584079     
  0.38637452991635879       0.71018298059330065        8.2020593618989945        11.114117039486286        5.2067245905463517        10.959983162075293        10.759140118943014        11.913769592029741        6.1751288313179034        5.3770233128711649        3.7336236868774884        7.3384313085264061      -0.50844302435517530     
   9.5624109624131476E-004
           1           1           1           1           1           1           1           1           1           1           1           1           1
   2.3809948514503574E-004   1.0250824416551504E-004  -4.9984516445952290E-008   7.4661665706869451        8.0670437848689436E-006   1.3754519621520485E-008
   4.4455980536547902E-006   3.3649306936052398E-006   9.2083093361867087E-007  0.41734325750490764        9.2037697223905781E-007   1.3361318931586807E-009
   1.1691553912142015E-002   7.9925026166363402     
