   0.0000000000000000        0.0000000000000000        0.0000000000000000        0.0000000000000000        0.0000000000000000        0.0000000000000000        0.0000000000000000        0.0000000000000000        0.0000000000000000        0.0000000000000000        0.0000000000000000        0.0000000000000000        0.0000000000000000     
  0.26621808353841186       0.65109221116030613        1.4966475705012749E-002   1.8128116963142697E-002   5.6081876654056201E-003   1.7734216991155551E-002   1.0450115664625149E-002   1.6412752517463054E-002  0.36294127867411891       0.15274032135167148        6.4585224922492357E-002   2.5326954629606289E-002   1.1824570585680377E-002
  0.87330491757916762       0.89874312200737094        1.0147899993800820        1.0859622962173860        1.2115843606296719        1.1977412988188896        1.4227003889793934       0.89951609288126766       0.83876869031427415       0.81442123017410362        1.1149199265417391        1.0106065961760675        1.0218926280374998     
  0.30359677965018889       0.68181170437163530        2.9810249630802855E-002   3.6867836901295734E-002   1.1118742910963542E-002   3.4717588169979344E-002   2.0584011483765187E-002   3.1918868774742683E-002  0.52927244797656425       0.26568503250988018       0.11609675863072014        4.8001178919207674E-002   2.3893887740428783E-002
   1.0432733977634103       0.93960690655086831        1.0499758240352191        1.2360423201368560        1.3135121213048617        1.0827625067942914        1.1742614477602979        1.1737435045976354        1.1379408714115937       0.93594676563026602       0.93985472249544999        1.3940209359372817        1.0467921998556773     
  0.33730278582099288       0.70666706952000413        4.5700380143395801E-002   5.3622920041018880E-002   1.6813270466775602E-002   5.0263291904863394E-002   2.9365451604617170E-002   4.6647033590528922E-002  0.58108121210622565       0.31540555420521882       0.15325105950545853        6.9374286739451868E-002   3.7119670100822955E-002
   1.9762746862349423        1.0568959975998484        1.1156335658175554        1.0362347935019829       0.95444546922109175        1.0807671519473674       0.99521010156139056       0.91013626393169123       0.98170276615617258       0.90590545726080851        1.1158462080200500        1.3122373400343574       0.97444414184649975     
  0.34792104646694189       0.72005229201403065        6.1667786297626717E-002   7.0466118383248760E-002   2.2793194434417279E-002   6.5513472397455433E-002   3.7912770903269222E-002   6.1367974629749432E-002  0.61216377429705104       0.35261260027216268       0.18146457386172937        8.9344167994544227E-002   5.0390707697737985E-002
  0.99036625803710587        1.0495263261562671        1.1025501331791494        1.1939542719576475        1.2580184426236276       0.98473756112901867        1.0699469562905419       0.97604914732541692        1.0639631850675877        1.0993046805447377        1.0505816383491455        1.2548177822662665        1.1170429948645095     
  0.36009167534289332       0.73365054078984471        7.7852793671769449E-002   8.7275780722980728E-002   2.8864489722277956E-002   8.1554049800310016E-002   4.8400438383430985E-002   7.8601692167927617E-002  0.63935417966256258       0.38018104405121417       0.20440206471290795       0.10909209110239459        6.3658139482794404E-002
   1.0667923240902426        1.2080520700140116       0.92033672189225335       0.95925594264808267        1.0085512318371819        1.0530467356006847        1.1032561744787492        1.2420598028592928       0.92645243837848434        1.0632782564368475        1.2422922139702268        1.0829651016605324        1.0342190640924724     
  0.37144930550277128       0.74149638787236016        9.3704918680263330E-002  0.10418906740659059        3.4820377714312206E-002   9.7626662962173302E-002   5.9130459873919808E-002   9.5564972402102419E-002  0.66009784193491539       0.40188319791652161       0.22498025599605051       0.12826553048280126        7.6436384780809330E-002
  0.99823336743016311       0.88124049743187782       0.98471904671135579       0.95514699046304796        1.0453329935254740        1.0542058168726727       0.99360616736052121        1.0068034764262221       0.97187030540945452       0.94899477004850441        1.0053190020334193        1.0879653389323176       0.90485861094338005     
  0.38308150776029443       0.74987629882018225       0.10848111570947502       0.12067641879130593        4.0828665972485294E-002  0.11448861994352266        7.0121084637498915E-002  0.11075675491641929       0.67898019134666088       0.42207692600218583       0.24359318393022245       0.14655279163350304        8.9499516171552732E-002
   1.0719309811045796        1.0499765571439250        1.2018320384823378        1.0317807862548940        1.1329143242094131        1.0347758324241281        1.2059466157622052        1.0328913050636672       0.93916075257472176        1.0121442169313342        1.2101168997732970        1.1127583536737373        1.1979657905973971     
  0.39473692809587430       0.75702243926952928       0.12298919547135007       0.13699251370317184        4.6670079502198931E-002  0.13187304975043451        8.0968003448149348E-002  0.12564849181692975       0.69431944978932625       0.43957000205181856       0.26046689854769323       0.16399212169776978       0.10284145342985042     
  0.96563437366138860        1.0030218909066690        1.0592846259380246        1.1672261258584691       0.92917032634665919       0.97262872695096925        1.1324952504605803        1.0722577930568709        1.0094255016933105        1.1967585351247547        1.0361762939452119        1.0709876840288797       0.99785565105820562     
  0.40687296768416970       0.76444518715313381       0.13729632479603740       0.15192141914967497        5.2546244473248661E-002  0.14858769825925311        9.2856334055832129E-002  0.14033921796375615       0.70951207440215569       0.45675543119938661       0.27491699977292305       0.17957905879319966       0.11654821499347238     
   1.0712312198942022       0.94189739279215390       0.98625885971278648       0.98656398358313657        1.0054357269630476        1.0883728231749659        1.1143061166995889       0.94435136653163332       0.99141385332829535       0.87388557711140757        1.0687972241856136        1.0583449036517023       0.99256050826947551     
  0.41802749309534504       0.77101621460894587       0.15108027909951230       0.16628307728607888        5.9200309234642402E-002  0.16478171996929517       0.10539895327569958       0.15503634687897769       0.72280204153436234       0.47052265720052511       0.28874274376873560       0.19535535487993569       0.13033881397505384     
   1.0127450617550293        1.0548179785932787        1.1653537332490964       0.90881863793402085        1.0751320786502827       0.95925588527413619        1.0678461678364126       0.93076578472578353        1.0539168985965262       0.97526906094061094        1.0896139952480923        1.1334198019380490       0.97634522361171650     
  0.42937845248285794       0.77737044763230534       0.16308160163395469       0.18094454454535555        6.5872639222289336E-002  0.18047056194525807       0.11898992051011539       0.16998970049437276       0.73596915235429050       0.48379311331432867       0.30092123562638928       0.21091220128198521       0.14506627059450239     
  0.95383955057606573       0.93300561364853440       0.88039321560402972       0.88262455485490965        1.1278488023946298        1.1255782806504566        1.0333764309542197        1.0994666754178006        1.0455193246546151       0.90606925336991229        1.1719932791018728        1.1016540644067014       0.94225974239079080     
  0.43996197050319158       0.78319229856631023       0.17544477159026525       0.19541528692902280        7.3825778314083879E-002  0.19520072507574915       0.13398536428221530       0.18551278738200550       0.74672488744607290       0.49661043237848879       0.31278304579176824       0.22670732061206253       0.16008052125723454     
   1.0796791894713851       0.96904555405209969        1.1447278588057770        1.0909503620881635        1.0717458020784827        1.0178790847574077        1.0203805946076505        1.1119137569656454        1.1151263988788660       0.94618843723024926       0.99915624323015739        1.1290474086795461        1.0661762889295485     
  0.45089067027017993       0.78891979326176809       0.18781679649392549       0.20976882692121390        8.1924536318149666E-002  0.21047555830391926       0.14950405936986536       0.20115381800872037       0.75687861235745357       0.50908112244695480       0.32423541120868749       0.24263890057810439       0.17599010984469818     
  0.96867417761307506       0.98495795695365373       0.99298631883830768        1.0059704068317936        1.0145673192489431       0.92062850026817233        1.2229517927879741       0.97047831030998644        1.0329432177458560       0.96450252530049418        1.0127633136735137        1.0075225784390363        1.2028610145937484     
  0.46186053881185418       0.79407432247473497       0.20072622870509840       0.22409392436941405        8.9796847465854340E-002  0.22590451888956084       0.16551091542645266       0.21721360637804049       0.76494913790775054       0.52199612189715372       0.33551940417783294       0.25836705509295360       0.19211568425466027     
  0.94103310343245505       0.95450444943322577        1.1571167948682746        1.1166012606878550        1.0601750048733798        1.0913203761783812        1.1344299744772710       0.96189919324244044       0.93860840989313288        1.0500022889087470       0.95156508919426486        1.0933854740157742        1.0177327198614807     
  0.47296347210904605       0.79921006385714222       0.21292039616651243       0.23880381207942170        9.7049021636469113E-002  0.24200072097532263       0.18125885380487419       0.23333565417253749       0.77281731871765535       0.53475293658639278       0.34653731667888876       0.27434205515214272       0.21105134286783112     
  0.87700556737440094       0.96704687481352147       0.96415495414515195       0.88861024718280113        1.0864820191885798        1.1038557309862325        1.2109879961687697        1.0691028397673656        1.0563900467698153        1.0113847316986122        1.1150773423180127        1.0844347413762927       0.95995207658017523     
  0.48469842760382176       0.80461994670201165       0.22497092330265619       0.25381720652654927       0.10706177207480243       0.25834680284421263       0.19643014661365699       0.24860797010096938       0.78032321797664206       0.54686836861999277       0.35807928770510655       0.29033675270482417       0.22886556259854421     
   1.0117775391521242       0.96476256940305460        1.0337091791106954        1.1853786346212412       0.95769133417976948        1.1254823315092677       0.95270258925632489       0.92337971785180162       0.90622463540157805        1.2912234372568154       0.91223056127187263        1.0004341111086725        1.0937132240639149     
  0.49608188687445010       0.81004522993844708       0.23648627625763355       0.26836194595965290       0.11727048361827266       0.27425158070319378       0.21131096697260549       0.26317867374779186       0.78764159623724805       0.55871574666680768       0.36984292348742459       0.30695288044196339       0.24645367986869537     
   1.0118694082714774       0.96796677463473602        1.0295288045867899       0.93520338582352236        1.0682449141351218        1.2003518148762427        1.0851213582351429       0.99890846299323977       0.97432693242279700        1.0718126497200489        1.2287529967370356       0.98288199756465922        1.1017602078855750     
  0.50820498602840647       0.81530840139251115       0.24824932387581619       0.28310969715264939       0.12801465420612351       0.28994476463660529       0.22549401504831104       0.27812965686366747       0.79472614817977427       0.56943923262631779       0.38145684737748597       0.32324662288208250       0.26424327623990695     
   1.0303059005601081       0.98849734574453918        1.1404329054281990        1.0003258275847964        1.0457650367776432        1.0349502407938163        1.1397536264156027        1.1319739935616713       0.92158972492624824       0.99672558810096279       0.93709796031004988       0.96802757821920760        1.1370034906858499     
  0.52071727434379211       0.82051850003937776       0.26075393945163222       0.29775639447847474       0.13909949609921435       0.30655293867320454       0.24053843643748765       0.29376511629148044       0.80155311604618418       0.57986492827098568       0.39302813490268412       0.33812037901163128       0.28146929087563249     
  0.99620739707654860        1.0861371880250217        1.0803208890314389        1.0995358810443263        1.1538144121695029       0.92733107252910019        1.0817897490425086       0.92275464231307958       0.89636388301320380       0.98813179137724905        1.0945060153722950       0.97168497150974809        1.0484258539676710     
  0.53186077428614775       0.82528829542002902       0.27305999386000296       0.31249438913425948       0.15065007422530796       0.32569482909491504       0.25470050661318938       0.30965521091853238       0.80810621108760383       0.58986422420431373       0.40466584929865484       0.35266831202702714       0.29926566129876275     
   1.0345039292237495       0.92470036034122027        1.0884644593525696        1.2054414350311853        1.2438960592047639        1.1760691802416896       0.92017361484826488        1.0496809322868808       0.99426782603439157        1.0453549494197780        1.0328118397817896       0.99715320668932639        1.0283633673290866     
  0.54290162682428400       0.83004375725510049       0.28438363670888961       0.32468041503271544       0.16251563416168666       0.34481282871381069       0.26853561394681741       0.32578094450537753       0.81427055069697296       0.59927134651506464       0.41676662301323980       0.36650736699080716       0.31653830925717957     
   1.1379382239467375        1.0779316918382287       0.89894426253462112       0.88470168914651026        1.2666008155167285        1.0932382443429944       0.96542534437628413        1.1901487694611528        1.0761102067724380       0.99311681881512504        1.0135324233188261        1.0209033851012386        1.0849919260410006     
  0.55373924671216168       0.83435901027004711       0.29493177982071628       0.33778445633342941       0.17352988240593814       0.36174060980529577       0.28519508269983396       0.34145051799164122       0.82024895996275349       0.60722753179803579       0.42947581266307178       0.38068945274414412       0.33425010218091722     
   1.0722963620190742       0.96174629561279901        1.0498305163724786       0.91886789858746432        1.0513440595106676        1.0640224287230080        1.0133190256372195       0.94079768295884336       0.96161884110256268        1.0675251571535493        1.0643085178324416        1.0680274779187588       0.99826389924822334     
  0.56465494500197966       0.83849102632321593       0.30495103816679175       0.35172681359595709       0.18419094550794049       0.37927302417078657       0.30172303945187301       0.35708654077364638       0.82595802011706931       0.61540118471100591       0.44240340499916192       0.39575855518737846       0.35033305504029660     
  0.92569404663047727       0.95385281789202536       0.97932709766239590        1.0391196668439948        1.0211889689755342        1.1465185316555686       0.95584572867119866       0.99075578570574174       0.97865320319594395       0.99729308828742802        1.1534382721490559        1.0264862173093394        1.1028150367291505     
  0.57553380916318508       0.84251002238543271       0.31521251678688661       0.36655186668798528       0.19557749232446997       0.39449842104677940       0.31887946474173806       0.37372888685773653       0.83151864803946740       0.62417857357059303       0.45489733204720928       0.41134439582815718       0.36662520006406724     
  0.96538131012103201       0.98787230810303372       0.82556268453139781        1.0102168833401191        1.0575006746570439        1.0494640955061589       0.83285108896699822        1.0119138407064494        1.0227727478474220       0.93955369575357750       0.97794350103659944        1.0014929967258617        1.0376697333467206     
  0.58613645223130340       0.84655591874324221       0.32603233939306508       0.38170127736958104       0.20754670756285182       0.41031187355744253       0.33597602786741676       0.39170148549250727       0.83668973949750958       0.63273781455179534       0.46745200248668228       0.42702492337602538       0.38228212968403158     
   1.0607173776922043       0.91830256869603888        1.0045046063740126        1.2765958828623332       0.99999137871040766        1.0344284809975333        1.1677422263697257        1.1155704742514416       0.91429017600149931        1.1540261771811053        1.1303744907329416       0.97559776255040764       0.93844475535466199     
  0.59726417007862875       0.85042265449066612       0.33698055856986975       0.39660005040220353       0.22050953497948203       0.42616991041114166       0.35435671816867176       0.40917388180340181       0.84160088812817313       0.64062944809315892       0.47995312800765971       0.44234660192978609       0.39781767670127693     
   1.0661186896867505        1.0020063366682708       0.99952887538818114        1.0041565078548180        1.1230134353410837        1.2029103900200731        1.2321600427313868        1.1413254276186078       0.93088237800696105        1.0973002099577873        1.0977157754204292       0.95843549943263873       0.94999830385683159     
  0.60866932287931219       0.85428260992509053       0.34784204251688489       0.41181057627547424       0.23419362762473067       0.44203860328307304       0.37216498107283569       0.42624414528213272       0.84647673616624641       0.64850069356218842       0.49301413884211437       0.45690306093635785       0.41375481173352813     
   1.2209906775004928        1.0450505785433748       0.93167613753211387        1.0583944653682775       0.99175489627226476        1.1030533914219673       0.88249080221740772        1.0348075711980380       0.99313956500033007       0.93918398239537537       0.96133568383310419       0.95816412862759592        1.1490219961526607     
  0.61968951420206209       0.85835639024348231       0.35885934805352687       0.42730234734941053       0.24813621532736774       0.45538177488062703       0.38896061879371585       0.44261465567323771       0.85135332239513539       0.65646534498316012       0.50655154871696950       0.47172345106798919       0.42985585172428070     
  0.95524656066288294        1.0224944099471842       0.91162711629691440        1.0896827766915020       0.99981537273466570       0.85416480302502573        1.0019259246325070        1.1333205958367816       0.97099844482542730       0.94798841299897518       0.97854726285294780        1.0615848035825592        1.0699931606012885     
  0.63075708781603135       0.86236472165461031       0.37034588548262409       0.44294130270883314       0.26311754324155318       0.46898234757886981       0.40560251564459648       0.45809528162769064       0.85582082351500133       0.66450233152070737       0.52050285193346690       0.48668953798013914       0.44547721178397348     
   1.1026472073555189        1.0202849215712178        1.0209414985644110       0.96055262884667902        1.1397131094515305       0.89125108513946794        1.0556698752363529        1.0568764811869198       0.92857247944914156        1.1460305102666477       0.94702414879706642       0.93704337469229448        1.0524790441999194     
  0.64109252717723308       0.86658421473428648       0.38190363216397771       0.45872295937966306       0.27908010292356283       0.48334963414699333       0.42354656188328788       0.47372180980989048       0.86008507160281722       0.67195668895783289       0.53497254719964704       0.50068950969770432       0.46117794413731839     
  0.86539223792214170        1.0322750464192301        1.1939130863257770        1.1199910654413046        1.0229692520115801        1.0342900734345382        1.0520082233282178        1.2144035243503879        1.0963742765820832        1.0198157447898448        1.1127954832215483        1.0728542233523386        1.0954574221539168     
  0.65141615626583393       0.87083921134048703       0.39345978835749407       0.47447043132295647       0.29549690266028383       0.49834503229864741       0.44114830093785762       0.48858526288005927       0.86435031662324358       0.67944762672686831       0.54970679182742699       0.51523740494361592       0.47727940810143210     
  0.93542766862481030       0.93245138050017873        1.0632698848993276       0.95101475092851562        1.0101981481160964       0.92731569580598017        1.0181587118924298       0.97355446901495257        1.0250312086559368       0.96198170209126588        1.1401105146247055        1.1726841576367260        1.0730821301680862     
  0.66373026397007306       0.87498094943444582       0.40499211225650622       0.48940307478174350       0.31212986110024682       0.51564037421939846       0.45790328654796991       0.50348151431287091       0.86861425984374485       0.68707670316871916       0.56476866616575205       0.53013543929301099       0.49346453090879461     
   1.0695736269634584        1.2566142841607442        1.1913635664948152        1.0718512813722190        1.1025536954746515        1.2184864650171017       0.96211864302746497       0.97984645160075756       0.99946205487903050        1.1895161986022804       0.91882290372420405        1.1649767146104555        1.0080651005216301     
  0.67588173292019316       0.87916493504798621       0.41681276905906950       0.50374092898625544       0.32847909007073006       0.53209555670095476       0.47500560015843579       0.51795566739567678       0.87296501267869653       0.69430740565900662       0.58014609532000250       0.54472797633496972       0.50970984459080049     
   1.1985008182512380        1.0085342294294828        1.0555000047648273        1.0022824375651176        1.1221868951642218       0.93663486600364854       0.95568813459479696        1.0057700890060894       0.96311801275841102        1.0420106948974091        1.0156252519351272        1.0978076670227812       0.93259985009495883     
  0.68755374267774949       0.88289177938537400       0.42915491421664370       0.51842757140382467       0.34475811776971466       0.54697687100250436       0.49196045370804120       0.53251825919478901       0.87730759283790538       0.70167797445519109       0.59550833088708421       0.55977126915418995       0.52585419933088073     
   1.0971821469333691        1.0727613700012200        1.0434800811118687       0.94340174574163449       0.94456361762008456       0.95719555024029412       0.94060547962203711        1.0572457630563088        1.0702414694787714        1.1225243006216998        1.1227260293687844        1.1311986164695713       0.90487972374193959     
  0.69932029495309156       0.88668642487601546       0.44185023750755525       0.53338490902772961       0.36119731966746677       0.56188285399513938       0.50898308493384292       0.54672837619596637       0.88180015394135014       0.70888314234276406       0.61122203714818113       0.57379466790878741       0.54205837578201721     
   1.0103923746589787        1.1005900943604765        1.0762103460800205       0.95892429589354267       0.94160752182006402       0.95059601228455293        1.1994428438214659       0.90487991241381860        1.1138296473256943       0.98853995180384902        1.1219828723127865        1.0158387509630955        1.0646163438423848     
  0.71090876753068422       0.89051192394905132       0.45477806571459800       0.54839822332909061       0.37813075716625577       0.57662581123866230       0.52537927827847342       0.56095042609908219       0.88640886446853406       0.71582813277711332       0.62738187193628880       0.58772802442704664       0.55842953109334081     
   1.1379800685679962        1.0229440460337216        1.1760346529830645        1.1248891067576208        1.0455697812044951        1.0064455759046429       0.88221031031938635       0.94229963757935287       0.94322423804944255        1.0314428126146322        1.0508938233133205       0.89959862906470522        1.0853553939920717     
  0.72200417409406159       0.89426740356940426       0.46802217184312633       0.56354527618601746       0.39558213425106004       0.59128962291061915       0.54245661068958018       0.57690241057141711       0.89083189556388509       0.72260685889547493       0.64361517506122390       0.60161062467440318       0.57522043242570964     
   1.0448837963823350       0.92354721388885297        1.2418782037987621        1.0295284317977724       0.94751952160026776       0.88946076185032386       0.95731050641929749        1.1824104328908738        1.0029514924914087        1.0354036471489136       0.92125727400693824        1.2093810277270800        1.0836124344872902     
  0.73328438788504713       0.89764507563657769       0.48072584906512428       0.57950750082446456       0.41388664054531854       0.60657020307918763       0.56055316491170815       0.59297195960167015       0.89506000271591735       0.72933480209711399       0.66006640508385805       0.61563671807563403       0.59092636000514054     
  0.99356147435209685       0.98734069850971684       0.90975874082406527       0.98654302605948530        1.0190317030381264       0.89252047337029172       0.99227901102754845        1.1466782939504303        1.0081283241408672        1.1893754077164522       0.97763793680318212        1.0117959775003798       0.99132004067611557     
  0.74435294166440280       0.90101449120421884       0.49303725384774805       0.59592400578432714       0.43289036598070163       0.62220183849412669       0.57935709975874550       0.60980745415643312       0.89907790458588022       0.73612948878858064       0.67656636682947024       0.62955642122950284       0.60546734199829233     
  0.98254611336891529       0.94631165974873888       0.98919344064629089       0.99838372001825748        1.1036499542877216       0.93185568006035979        1.1567733379873764        1.1545799495957643        1.0209714526303155        1.0025632763929460       0.90978928140875581       0.97851170772070895        1.1197579343131383     
  0.75559942883844655       0.90466734539561999       0.50564749868547576       0.61157379005299140       0.45196099639913884       0.63700108873474470       0.59907834155186102       0.62637273812703864       0.90287135703475052       0.74308952652611326       0.69313109284151342       0.64373831396727854       0.62072886622666668     
   1.0401919368608035       0.99189954012024162        1.0533493013759998       0.99024192654390797        1.1264835158183049        1.0757922308217969        1.0044539293846837       0.94478575595872960       0.93396147273640817       0.99105246321702878        1.0696276720864135        1.1337600887325536       0.92620846333366158     
  0.76709900624043503       0.90842709433235536       0.51873008588354763       0.62666742188214053       0.47117494230158485       0.65229723847097143       0.61832024792846108       0.64136317946154120       0.90666124720034935       0.74948663260667669       0.70934468420504204       0.65576363162047047       0.63697621906303636     
   1.1079414034402404        1.0104670057356491        1.0746582598515613       0.88891037846202026       0.89087090037036742        1.0853475420718492       0.91562355039141785       0.95110146226170045       0.93856111059712266        1.1722291990487532        1.1600705494142918       0.97882535812532268       0.99533793736149501     
  0.77842920094204826       0.91230125789449312       0.53251904368588221       0.64029383861915479       0.49023644717721016       0.66761755100282882       0.63744392355341750       0.65685660401597767       0.91041042460116783       0.75614316479927035       0.72452032083274176       0.66806717607672650       0.65411586771101060     
  0.92896113843603589        1.0572226035466528       0.96187846618688055       0.95182722092578353       0.99014230502070044        1.0142327523660515       0.97490578528288174        1.0433550216355689        1.0691922125385209       0.94785420902287765       0.96596375121938471        1.0019916508452003       0.92900700998418440     
  0.78963020823123098       0.91607640882542130       0.54789916597571187       0.65354193497568058       0.50909189994640591       0.68319553734281069       0.65745429890398366       0.67247903565174594       0.91434905015567225       0.76247379986739239       0.73941168197569918       0.67896844373853682       0.67184901778449058     
  0.89572416078523043       0.99775263112926105        1.1782828966819654       0.96604371646901366        1.0062564992148866        1.1041405038914029       0.95217003549000290        1.0012034614633840        1.0087282478485142        1.0336458588251394        1.1222176320051422       0.95111595887698530       0.96743382524850796     
  0.80092294266514685       0.91970869397330357       0.56410599947430329       0.66729295470075423       0.52931354898597549       0.69894657738467025       0.67807071484755954       0.68781532744270157       0.91834435511005297       0.76879407442223224       0.75326446110125289       0.68936450952279782       0.68876618867449602     
   1.0443967869528814        1.0209200900715889        1.0478889883796672        1.0255121255047812        1.0725995554155845       0.93338123437928588        1.0227033809158830       0.94148908688400623        1.0528969062147320        1.1041828077757216       0.92490596640727629       0.99555529248143659        1.1755499818743547     
  0.81179089106362390       0.92321696101826989       0.58135313048652171       0.67986335662305009       0.54990688892717021       0.71393453240652927       0.69798544446238320       0.70328150376700060       0.92237780434764882       0.77495214813602975       0.76804322945167469       0.70220083465790772       0.70482568247971011     
   1.1146104089903803        1.1248393680280733        1.0088721936001028       0.97800321426101511        1.0929406918043898       0.98443153113754789       0.95654729488707757        1.0678073048390806        1.1333014479150061        1.0873534623764989        1.0826024601427604        1.0484029687664251        1.0466957909532377     
  0.82241694933594900       0.92660368488830014       0.59720682536354697       0.69404477743500159       0.57176249659176959       0.72784471600270340       0.71734460745929418       0.71875468595691916       0.92629807076496473       0.78118607075374313       0.78273440365478208       0.71561394336732098       0.72158156719191002     
  0.99202070958949118        1.1085844097183668       0.98375789869187658       0.95895997800190491       0.87973752597626220       0.98207303642863919       0.98672706029333257       0.96333258064032745        1.0475818345839287        1.0721921936888961       0.97018479703331195        1.0184004929374655        1.1663249814372207     
  0.83278763685184942       0.92997718751517255       0.61212372931864956       0.70913344704104253       0.59333626592947786       0.74196416573742641       0.73643270087439172       0.73469022205547385       0.93008826384991505       0.78730632415874280       0.79677335980577368       0.73250143082626817       0.73924407648664658     
  0.90507022468170151        1.0082561406046588       0.96707806851543809       0.97955737299899226        1.0165065779381728        1.1167075911027182       0.91284262129877469        1.2854820477359208        1.1453401119440563        1.0232106468132403       0.95689621717674167       0.98577651729718851       0.93775767948723743     
  0.84335433396699355       0.93329800317245204       0.62734987397087116       0.72478026153685182       0.61849501837665555       0.75635829161348633       0.75541598719152647       0.75067807231070871       0.93359501790659127       0.79340365489763021       0.81072701509966172       0.74964688861605955       0.75693067182166152     
  0.94062724026787525        1.0289258523826814        1.1740207188360385        1.0020471715421175       0.89042676248840380       0.99903761013143366        1.1613263955201740       0.89291273729769693        1.0731779172757081        1.0026260324442005       0.93078444448991771       0.98321393246216338       0.97177845752912739     
  0.85389909274741882       0.93659674138255744       0.64403285867841442       0.74098708691031367       0.64283252714719719       0.77056149711363153       0.77374080590319227       0.76642564405908764       0.93703037618289520       0.79943712727232474       0.82504763412069027       0.76940975136429923       0.77469699947564385     
  0.85458198131753382        1.0150208770741391        1.0107835424174583       0.98604107109050287        1.0396122375291363        1.0209035811022109       0.98815947305725327       0.96307942226497878        1.0865199306304407        1.0472020770688635        1.0207267473423145       0.89837476519157733        1.1222231173179313     
  0.86481089961830993       0.93990085944060719       0.66148361612989970       0.75633308488936768       0.66498738237556954       0.78459679519787917       0.79229054007996369       0.78275705550255847       0.94033568036039117       0.80554678144898906       0.83977902404079341       0.78853353712628405       0.79162905421553398     
   1.0271744904465376       0.98551256402175835        1.0986213556282305        1.2414123171614380        1.0874417716191351       0.90935058575887973       0.99800885781730952       0.98487535728088871        1.1058084567724040       0.95575058969829874       0.91771775910361619       0.95643847941451154       0.96112981128076824     
  0.87609312771488568       0.94305013634098800       0.67981050305911117       0.77120628858509932       0.68756405004047572       0.79926012182792150       0.80996632628510234       0.79972460215629826       0.94363216295122698       0.81167394824694750       0.85416995056660283       0.80570666331287877       0.80733430132669992     
   1.0811204034121902       0.93267130358356787        1.0152553541487974       0.95100397407776716       0.90680707085128998        1.0129205363153502        1.0323708826650384        1.1103520154164990        1.1615871040130130        1.1383293053651065       0.93507041651861833        1.0464409608979468       0.88840795218992974     
  0.88682471942225671       0.94620636936785341       0.69765213540906601       0.78710208376125190       0.71036072727316624       0.81365521899915172       0.82698227355864917       0.81678962071145322       0.94708556623852902       0.81787550491102723       0.86853721034569908       0.82296802223254617       0.82304172777717410     
   1.1177542451390021        1.0490287704422372        1.0662242048220336       0.98723177119027328       0.92767697748808453       0.96042906733668509       0.88591479001947171        1.0192936992784780        1.0421602705594115        1.0110703788204543       0.94125053786270185       0.81442123017410362       0.89604630086630888     
  0.89709540650577924       0.94955775271753418       0.71654692266737030       0.80401598923033224       0.73282063196484248       0.82799059534514430       0.84443530661424249       0.83219696175825686       0.95064943523360268       0.82458414858884799       0.88166612293857793       0.84118027058261602       0.83891085030830070     
  0.84811620109041819       0.90050659101104891       0.97528670067206735       0.98522867631435984       0.93728640728027179        1.0162709524114149        1.0837028993368207        1.0560715458774728        1.0968484125135516        1.0698468021958234       0.89442422691508916       0.97814336779006139       0.94305428491902221     
  0.90723006466525813       0.95303592565147255       0.73436027144971960       0.82118677047129929       0.75341403930378659       0.84216247602835170       0.86177642694908274       0.84840073741137878       0.95418447981706034       0.83071362789728764       0.89486285491076856       0.85957518245157938       0.85473934442659183     
  0.99756534122175078        1.1518137503202142       0.89024684340908156       0.89262831894697359       0.91697772669459421        1.0123284007323929       0.94243870528120222        1.0068354264978514        1.0673691738768261       0.91464752155636031       0.99171835984653200        1.0532628396464241        1.0374863512145285     
  0.91713483038429844       0.95673469022249502       0.75190539723217154       0.83887605361029838       0.77475861363835019       0.85818465389674636       0.87727063264829597       0.86473914353794579       0.95772163570297097       0.83726438472125730       0.90589808605896882       0.87710930674287335       0.87029321545283034     
   1.0149635422887007        1.0204083600224187       0.93032543074839436        1.0596170338744280       0.93834564443952306        1.1932546911165192        1.0201342039221732        1.0935915755932604        1.0496137264969061        1.0668167790287271        1.0009868360822480       0.96192542833274108        1.0871633278840556     
  0.92665909246789391       0.96032865663954159       0.76915069509952450       0.85595116251439229       0.79698745817607219       0.87390955033768980       0.89345623364977145       0.88101463056389628       0.96119913084156083       0.84362902166241982       0.91650845170097062       0.89368238150479762       0.88546638682583867     
   1.0153774621607605        1.2272278339102254       0.86049570293020472        1.1500577747403202       0.87188020131948274        1.0804674660393419       0.92633968180813564        1.0020706075278614       0.97554781786156086       0.92153801888359210       0.94422748063808248       0.86385051299859905        1.0535529485912352     
  0.93552604814038687       0.96373011630077465       0.79127785375481963       0.87238305017060613       0.82079978562763145       0.88975456846393541       0.90862330768546262       0.89596102074038164       0.96447911767909522       0.85114288111726633       0.92756957349128755       0.90661587739392879       0.89925972556649847     
   1.0438091240321978        1.0634601106682742        1.0705929936560092        1.0311776463676992        1.1019022210109168       0.99757997788437291        1.0421618733211415       0.98680161957651391        1.1060474527999431        1.0726578074057487       0.94175827040628957       0.95113674609087973       0.91774806727492386     
  0.94408256358789511       0.96714800710728221       0.81388909570577672       0.89011373900589341       0.84507439279909313       0.90561111921339010       0.92358988085107108       0.91107981510995584       0.96796876220190697       0.85937879409931284       0.93905023743303950       0.91983764553720515       0.91325207524587748     
  0.87527879068393211        1.0593532039834737        1.0266897329954678        1.0921836371437579        1.0306938522802851        1.1479152634765044       0.94580804102323357        1.1078198619714286        1.0460529101455076        1.0475934245299012        1.0430798804324903       0.85458292852451867        1.0757483170507003     
  0.95263661478378792       0.97108999856790201       0.84039443816223813       0.90759927819711395       0.86938031145289874       0.92144346225873164       0.93828284308781496       0.92685776518894236       0.97192879733319926       0.86906999864539280       0.95058305986623148       0.93226723495623942       0.92715448106334941     
  0.94359161851451134        1.0461378484979666       0.97742037765642198        1.2269552472008405       0.98120508691152875       0.85646489477267806       0.90385859004601488       0.96551505177248131        1.0924502964099909        1.1074631803383561       0.96733088797525013       0.92606355052816802        1.1593375856917678     
  0.96212243237433015       0.97513068225852639       0.86766808097437176       0.92540183066748050       0.89406541826243724       0.93709444303784806       0.95209140218963961       0.94245688195998001       0.97591954489557431       0.87968022869437434       0.96161497411940955       0.94527465056240478       0.94135773139015477     
   1.0417927426525009        1.3116632272055151       0.90651664401535226        1.1503493507313847       0.94257304354928195       0.97403205055710507        1.0558345376143328        1.0374693046869172        1.2910512775872798        1.0886989990605225        1.0199975196243327        1.0080305638972704       0.95227515851914413     
  0.97297959725505412       0.98083419212284506       0.90016971214073616       0.94422694893772885       0.92004201301773436       0.95368732166429737       0.96467757918451591       0.95712371984939681       0.98015462101412243       0.89396738459356628       0.97134638855474831       0.95913688663856533       0.95635740075845210     
   1.1084399132578062        1.1473244675602079        1.0431600889099784        1.0650023688057144       0.90373535889485745        1.0753399028597943       0.93229542553506473        1.0319500383662392        1.0791043927638719        1.2664793779161128        1.1026903580203253        1.0098774064230842       0.99519337571201461     
  0.98314788278744591       0.98666745417111701       0.93546752192075078       0.96291483696692026       0.94732771739029609       0.96991426192160490       0.97709412846102717       0.97185960077834666       0.98464365030390022       0.91241696045674836       0.98087821374389117       0.97244046365801018       0.97111641137161087     
   1.1199621801433677        1.2981970357269708        1.0485032541877202        1.0007439930888882       0.93271359241661489        1.1279570230254192        1.0559488853464323        1.1896429236138322        1.3042658895256747        1.0590377987714181        1.0481748304885972        1.0292870828311169        1.0238270306787092     
  0.99175332535215954       0.99301763635103246       0.96791353598147523       0.98115356436606960       0.97400600811653471       0.98498815854899235       0.98846002554607126       0.98593759311165463       0.99172615287545385       0.94655161639056085       0.99034788802256257       0.98630247199829846       0.98579993476929151     
   1.0128855854180090        1.3706491969795251       0.99159290500800790       0.95786285611834077       0.94872427248913294       0.92932560214091320        1.0320391448437727       0.86076936603195009        1.3893864993485028        1.1138747725554574        1.1656538141295392       0.95599446073412542       0.95051300236736791     
   1.0000000000000000        1.0000000000000000        1.0000000000000000        1.0000000000000000        1.0000000000000000        1.0000000000000000        1.0000000000000000        1.0000000000000000        1.0000000000000000        1.0000000000000000        1.0000000000000000        1.0000000000000000        1.0000000000000000     
   1.5056191346934868        1.0797252450695918        1.0340383369179005        1.1813388016897046       0.99402238400092713        1.0430982018742938        1.1113144172635465       0.96679777838466474       0.97146644654218250       0.81442123017410362       0.98653434514804494        1.0921041127695132        1.2444868124576556     
   11.632237312643936        4.7149162038344370       0.47630976040513640        6.3037289043902334        13.631591753699103       -1.3181866963877469        13.069584517344985        8.6365549307285772        10.986972396719851       0.94154759640721364        2.8941725997528343        6.7556966953085471        8.4746268362115043     
   8.7101347178339648        4.1965853745145578        10.783876456619565       0.34377372035285536        18.549036585694136        6.5614266225210471        12.740455940214455        7.7494564035229541        3.9414987471683309        6.7992340792274542        8.2106612552368752        7.4520549710147996        7.8988468199297595     
   2.3758863271315476        11.011177519564649        7.5574915947261596        5.6495358850861477       -3.3536539439921005       -1.4838498472291710        6.9152543247694771        8.8890978614501677        9.9870697466943206        8.6348261915642528        2.4198683302458686       -4.3845598778148442        2.8931712142420465     
   10.982348186768990        13.068704735451016        3.6987007587535743        6.2412479345924883        3.9428617185466099        5.6266799924616455        6.3886862302498848        4.2545387069775362        7.7143976320140704        1.8927898510657180        5.8382719512107473        6.6969483806521168        8.0105841627892111     
   3.9024630757882091       -6.2162428957328757        5.2282598632940296        3.3274757806896202        3.7758428941600655        8.7736843954399344        2.5502209584071558       -2.2095160996478325        18.858327826091546        7.0206570868847420        9.2889372745262566        5.2848589701526558        6.2230803193629161     
   2.7709912143734972        6.9192343197550894      -0.34577667317900662        10.206213597115221        2.1096614996835314        9.9077961674078292        4.3367817019301826        4.8913778551279306        2.9840435159940144       0.15142414011086283       -1.5832027841212526        7.4046523906310320       -6.1187589196364289     
   7.4559521022877213        8.0428947623457923        5.8862373495307638        8.4424963198557315        1.0742208383754792        7.2716505715724900        2.1650020624303630       0.57850134435869704        5.3677545939369127        7.8129402529286773        7.6789247228912032        4.0449201840747095       0.22148422123646933     
   7.0988793708553022        4.7981524280071310      -0.90427271196137116        3.2021155770017220       -3.2104835473546984        5.4270458854357697       -4.1296047893713030        5.1434856457780409        5.3843745193440382        3.8350038146066643        7.6524256367561527        6.4184336980578509        9.5943031458151076     
  0.16553321868710907     
           1           1           1           1           1           1           1           1           1           1           1           1           1
   6.5614602994247331E-002   3.4950006539143874E-002   7.6432221282673760E-005   6.1137891446067014        2.8814118493270587E-003   6.9907143762501427E-006
   6.4141181997400703E-004   6.2088461196500736E-004   2.8850260694183430E-004  0.43724768907929934        2.8823095269192909E-004   4.7126185379720591E-007
   1.7059675341996424E-002   3.2472597919980575     
