     
 Collinear #          22
 
 part:           1
 comp:           0
   1.0000000079163049        276.25000218687927        276.25000000000006     
   1.0000000007585383        276.25000020954627        276.25000000000006     
   1.0000000000755376        276.25000002086733        276.25000000000006     
   1.0000000000075504        276.25000000208587        276.25000000000006     
   1.0000000000007547        276.25000000020856        276.25000000000006     
   1.0000000000000753        276.25000000002086        276.25000000000006     
   1.0000000000000073        276.25000000000210        276.25000000000006     
   1.0000000000000004        276.25000000000017        276.25000000000006     
   1.0000000000000000        276.25000000000006        276.25000000000006     
   1.0000000000000000        276.25000000000006        276.25000000000006     
 comp:           1
   0.0000000000000000        0.0000000000000000     
   0.0000000000000000        0.0000000000000000     
   0.0000000000000000        0.0000000000000000     
   0.0000000000000000        0.0000000000000000     
   0.0000000000000000        0.0000000000000000     
   0.0000000000000000        0.0000000000000000     
   0.0000000000000000        0.0000000000000000     
   0.0000000000000000        0.0000000000000000     
   0.0000000000000000        0.0000000000000000     
   0.0000000000000000        0.0000000000000000     
 comp:           2
   0.0000000000000000        0.0000000000000000     
   0.0000000000000000        0.0000000000000000     
   0.0000000000000000        0.0000000000000000     
   0.0000000000000000        0.0000000000000000     
   0.0000000000000000        0.0000000000000000     
   0.0000000000000000        0.0000000000000000     
   0.0000000000000000        0.0000000000000000     
   0.0000000000000000        0.0000000000000000     
   0.0000000000000000        0.0000000000000000     
   0.0000000000000000        0.0000000000000000     
 comp:           3
   1.0000000079163049        276.25000218687927        276.25000000000006     
   1.0000000007585383        276.25000020954627        276.25000000000006     
   1.0000000000755376        276.25000002086733        276.25000000000006     
   1.0000000000075504        276.25000000208587        276.25000000000006     
   1.0000000000007547        276.25000000020856        276.25000000000006     
   1.0000000000000753        276.25000000002086        276.25000000000006     
   1.0000000000000073        276.25000000000210        276.25000000000006     
   1.0000000000000004        276.25000000000017        276.25000000000006     
   1.0000000000000000        276.25000000000006        276.25000000000006     
   1.0000000000000000        276.25000000000006        276.25000000000006     
 
 part:           2
 comp:           0
  0.99999999940372675        276.25004155071031        276.25004171543083     
  0.99999999994308619        276.25004169970839        276.25004171543083     
  0.99999999999433420        276.25004171386564        276.25004171543083     
  0.99999999999943356        276.25004171527434        276.25004171543083     
  0.99999999999994305        276.25004171541508        276.25004171543083     
  0.99999999999999400        276.25004171542918        276.25004171543083     
  0.99999999999999922        276.25004171543060        276.25004171543083     
  0.99999999999999978        276.25004171543077        276.25004171543083     
  0.99999999999999978        276.25004171543077        276.25004171543083     
   1.0000000000000000        276.25004171543083        276.25004171543083     
 comp:           1
   0.0000000000000000        0.0000000000000000     
   0.0000000000000000        0.0000000000000000     
   0.0000000000000000        0.0000000000000000     
   0.0000000000000000        0.0000000000000000     
   0.0000000000000000        0.0000000000000000     
   0.0000000000000000        0.0000000000000000     
   0.0000000000000000        0.0000000000000000     
   0.0000000000000000        0.0000000000000000     
   0.0000000000000000        0.0000000000000000     
   0.0000000000000000        0.0000000000000000     
 comp:           2
   0.0000000000000000        0.0000000000000000     
   0.0000000000000000        0.0000000000000000     
   0.0000000000000000        0.0000000000000000     
   0.0000000000000000        0.0000000000000000     
   0.0000000000000000        0.0000000000000000     
   0.0000000000000000        0.0000000000000000     
   0.0000000000000000        0.0000000000000000     
   0.0000000000000000        0.0000000000000000     
   0.0000000000000000        0.0000000000000000     
   0.0000000000000000        0.0000000000000000     
 comp:           3
  0.99999999940372675       -276.25004155071031       -276.25004171543083     
  0.99999999994308619       -276.25004169970839       -276.25004171543083     
  0.99999999999433420       -276.25004171386564       -276.25004171543083     
  0.99999999999943356       -276.25004171527434       -276.25004171543083     
  0.99999999999994305       -276.25004171541508       -276.25004171543083     
  0.99999999999999400       -276.25004171542918       -276.25004171543083     
  0.99999999999999922       -276.25004171543060       -276.25004171543083     
  0.99999999999999978       -276.25004171543077       -276.25004171543083     
  0.99999999999999978       -276.25004171543077       -276.25004171543083     
   1.0000000000000000       -276.25004171543083       -276.25004171543083     
 
 part:           3
 comp:           0
   1.0000000104505575        44.837984892604908        44.837984424022970     
   1.0000000032407406        44.837984569331248        44.837984424022970     
   1.0000000010228498        44.837984469885491        44.837984424022970     
   1.0000000003233918        44.837984438523200        44.837984424022970     
   1.0000000001022635        44.837984428608259        44.837984424022970     
   1.0000000000323384        44.837984425472960        44.837984424022970     
   1.0000000000102263        44.837984424481498        44.837984424022970     
   1.0000000000032339        44.837984424167971        44.837984424022970     
   1.0000000000010225        44.837984424068821        44.837984424022970     
   1.0000000000003235        44.837984424037472        44.837984424022970     
 comp:           1
   1.0000000796661241       -19.103708989949176       -19.103707468030844     
   1.0000000247046392       -19.103707939981046       -19.103707468030844     
   1.0000000077973328       -19.103707616988810       -19.103707468030844     
   1.0000000024652616       -19.103707515126480       -19.103707468030844     
   1.0000000007795693       -19.103707482923507       -19.103707468030844     
   1.0000000002465208       -19.103707472740307       -19.103707468030844     
   1.0000000000779568       -19.103707469520106       -19.103707468030844     
   1.0000000000246521       -19.103707468501792       -19.103707468030844     
   1.0000000000077958       -19.103707468179771       -19.103707468030844     
   1.0000000000024651       -19.103707468077939       -19.103707468030844     
 comp:           2
  0.99999999037936038       -28.951673051999162       -28.951673330532778     
  0.99999999701661857       -28.951673244158894       -28.951673330532778     
  0.99999999905837855       -28.951673303271260       -28.951673330532778     
  0.99999999970229014       -28.951673321913578       -28.951673330532778     
  0.99999999990585764       -28.951673327807200       -28.951673330532778     
  0.99999999997022959       -28.951673329670875       -28.951673330532778     
  0.99999999999058575       -28.951673330260220       -28.951673330532778     
  0.99999999999702305       -28.951673330446589       -28.951673330532778     
  0.99999999999905853       -28.951673330505521       -28.951673330532778     
  0.99999999999970235       -28.951673330524159       -28.951673330532778     
 comp:           3
   1.0000000000000000       -28.357293427740036       -28.357293427740036     
   1.0000000000000000       -28.357293427740036       -28.357293427740036     
   1.0000000000000000       -28.357293427740036       -28.357293427740036     
   1.0000000000000000       -28.357293427740036       -28.357293427740036     
   1.0000000000000000       -28.357293427740036       -28.357293427740036     
   1.0000000000000000       -28.357293427740036       -28.357293427740036     
   1.0000000000000000       -28.357293427740036       -28.357293427740036     
   1.0000000000000000       -28.357293427740036       -28.357293427740036     
   1.0000000000000000       -28.357293427740036       -28.357293427740036     
   1.0000000000000000       -28.357293427740036       -28.357293427740036     
 
 part:           4
 comp:           0
   1.0000000282638242        164.33339148802605        164.33338684333611     
   1.0000000087646737        164.33338828366462        164.33338684333611     
   1.0000000027663256        164.33338729793579        164.33338684333611     
   1.0000000008746217        164.33338698706567        164.33338684333611     
   1.0000000002765743        164.33338688878652        164.33338684333611     
   1.0000000000874605        164.33338685770877        164.33338684333611     
   1.0000000000276574        164.33338684788114        164.33338684333611     
   1.0000000000087459        164.33338684477337        164.33338684333611     
   1.0000000000027656        164.33338684379061        164.33338684333611     
   1.0000000000008746        164.33338684347984        164.33338684333611     
 comp:           1
   1.0000000426041209       -130.92406738617845       -130.92406180827390     
   1.0000000132116311       -130.92406353799430       -130.92406180827390     
   1.0000000041698842       -130.92406235421208       -130.92406180827390     
   1.0000000013183810       -130.92406198088170       -130.92406180827390     
   1.0000000004169007       -130.92406186285623       -130.92406180827390     
   1.0000000001318354       -130.92406182553432       -130.92406180827390     
   1.0000000000416900       -130.92406181373212       -130.92406180827390     
   1.0000000000131837       -130.92406180999996       -130.92406180827390     
   1.0000000000041689       -130.92406180881972       -130.92406180827390     
   1.0000000000013183       -130.92406180844651       -130.92406180827390     
 comp:           2
   1.0000000315832840        32.322137717522025        32.322136696682804     
   1.0000000097940454        32.322137013247279        32.322136696682804     
   1.0000000030912182        32.322136796597583        32.322136696682804     
   1.0000000009773422        32.322136728272589        32.322136696682804     
   1.0000000003090568        32.322136706672183        32.322136696682804     
   1.0000000000977320        32.322136699841714        32.322136696682804     
   1.0000000000309057        32.322136697681742        32.322136696682804     
   1.0000000000097733        32.322136696998697        32.322136696682804     
   1.0000000000030906        32.322136696782700        32.322136696682804     
   1.0000000000009774        32.322136696714395        32.322136696682804     
 comp:           3
   1.0000000000000000       -93.912893419305206       -93.912893419305206     
   1.0000000000000000       -93.912893419305206       -93.912893419305206     
   1.0000000000000000       -93.912893419305206       -93.912893419305206     
   1.0000000000000000       -93.912893419305206       -93.912893419305206     
   1.0000000000000000       -93.912893419305206       -93.912893419305206     
   1.0000000000000000       -93.912893419305206       -93.912893419305206     
   1.0000000000000000       -93.912893419305206       -93.912893419305206     
   1.0000000000000000       -93.912893419305206       -93.912893419305206     
   1.0000000000000000       -93.912893419305206       -93.912893419305206     
   1.0000000000000000       -93.912893419305206       -93.912893419305206     
 
 part:           5
 comp:           0
   1.0000000182776658        109.72900666278289        109.72900465719280     
   1.0000000056679441        109.72900527913067        109.72900465719280     
   1.0000000017889290        109.72900485349020        109.72900465719280     
   1.0000000005656007        109.72900471925561        109.72900465719280     
   1.0000000001788554        109.72900467681842        109.72900465719280     
   1.0000000000565590        109.72900466339895        109.72900465719280     
   1.0000000000178855        109.72900465915536        109.72900465719280     
   1.0000000000056559        109.72900465781342        109.72900465719280     
   1.0000000000017886        109.72900465738905        109.72900465719280     
   1.0000000000005655        109.72900465725486        109.72900465719280     
 comp:           1
   1.0000000757572909       -49.163444825839086       -49.163441101349981     
   1.0000000234925015       -49.163442256322192       -49.163441101349981     
   1.0000000074147553       -49.163441465884866       -49.163441101349981     
   1.0000000023443030       -49.163441216603985       -49.163441101349981     
   1.0000000007413195       -49.163441137795800       -49.163441101349981     
   1.0000000002344254       -49.163441112875141       -49.163441101349981     
   1.0000000000741318       -49.163441104994554       -49.163441101349981     
   1.0000000000234426       -49.163441102502496       -49.163441101349981     
   1.0000000000074132       -49.163441101714440       -49.163441101349981     
   1.0000000000023441       -49.163441101465231       -49.163441101349981     
 comp:           2
   1.0000000125702033        54.226388753933776        54.226388072297055     
   1.0000000038980474        54.226388283674090        54.226388072297055     
   1.0000000012303103        54.226388139012343        54.226388072297055     
   1.0000000003889840        54.226388093390248        54.226388072297055     
   1.0000000001230052        54.226388078967183        54.226388072297055     
   1.0000000000388976        54.226388074406330        54.226388072297055     
   1.0000000000123004        54.226388072964063        54.226388072297055     
   1.0000000000038898        54.226388072507980        54.226388072297055     
   1.0000000000012299        54.226388072363754        54.226388072297055     
   1.0000000000003890        54.226388072318152        54.226388072297055     
 comp:           3
   1.0000000000000000        14.686504158391003        14.686504158391003     
   1.0000000000000000        14.686504158391003        14.686504158391003     
   1.0000000000000000        14.686504158391003        14.686504158391003     
   1.0000000000000000        14.686504158391003        14.686504158391003     
   1.0000000000000000        14.686504158391003        14.686504158391003     
   1.0000000000000000        14.686504158391003        14.686504158391003     
   1.0000000000000000        14.686504158391003        14.686504158391003     
   1.0000000000000000        14.686504158391003        14.686504158391003     
   1.0000000000000000        14.686504158391003        14.686504158391003     
   1.0000000000000000        14.686504158391003        14.686504158391003     
 
 part:           6
 comp:           0
   1.0484750751998875        4.3737589412076727E-005   4.1715430768574385E-005
   1.0046463339700569        4.1909254591629965E-005   4.1715430768574385E-005
   1.0004627123915488        4.1734733015309798E-005   4.1715430768574385E-005
   1.0000462521157394        4.1717360195506411E-005   4.1715430768574385E-005
   1.0000046250204269        4.1715623703293808E-005   4.1715430768574385E-005
   1.0000004625001309        4.1715450061966573E-005   4.1715430768574385E-005
   1.0000000462499941        4.1715432697912808E-005   4.1715430768574385E-005
   1.0000000046249993        4.1715430961508223E-005   4.1715430768574385E-005
   1.0000000004624996        4.1715430787867756E-005   4.1715430768574385E-005
   1.0000000000462497        4.1715430770503709E-005   4.1715430768574385E-005
 comp:           1
   1.8753293326054111E-005   0.0000000000000000     
   5.8154372376140630E-006   0.0000000000000000     
   1.8354811746006837E-006   0.0000000000000000     
   5.8031909008115632E-007   0.0000000000000000     
   1.8350949970156326E-007   0.0000000000000000     
   5.8030688150730160E-008   0.0000000000000000     
   1.8350911359883505E-008   0.0000000000000000     
   5.8030676071169974E-009   0.0000000000000000     
   1.8350910723377122E-009   0.0000000000000000     
   5.8030678221474131E-010   0.0000000000000000     
 comp:           2
  -3.4321306873036759E-006  -0.0000000000000000     
  -1.0643112255687946E-006  -0.0000000000000000     
  -3.3592026508555167E-007  -0.0000000000000000     
  -1.0620699643878306E-007  -0.0000000000000000     
  -3.3584958886258864E-008  -0.0000000000000000     
  -1.0620476208878136E-008  -0.0000000000000000     
  -3.3584888223735813E-009  -0.0000000000000000     
  -1.0620473998139547E-009  -0.0000000000000000     
  -3.3584887058834774E-010  -0.0000000000000000     
  -1.0620474391677085E-010  -0.0000000000000000     
 comp:           3
  0.94362758187298101       -3.9363831062939599E-005  -4.1715430768574385E-005
  0.99459987213169621       -4.1490162108342711E-005  -4.1715430768574385E-005
  0.99946224983007637       -4.1692998288590146E-005  -4.1715430768574385E-005
  0.99994624750562755       -4.1713188460116753E-005  -4.1715430768574385E-005
  0.99999462497568670       -4.1715206547119763E-005  -4.1715430768574385E-005
  0.99999946249981930       -4.1715408346522811E-005  -4.1715430768574385E-005
  0.99999994625000477       -4.1715428526370180E-005  -4.1715430768574385E-005
  0.99999999462500078       -4.1715430544353976E-005  -4.1715430768574385E-005
  0.99999999946249973       -4.1715430746152332E-005  -4.1715430768574385E-005
  0.99999999994624966       -4.1715430766332167E-005  -4.1715430768574385E-005
 
 part:           7
 comp:           0
  0.99999996952537207        233.59961695658649        233.59962407544811     
  0.99999999054975131        233.59962186787357        233.59962407544811     
  0.99999999701729159        233.59962337868853        233.59962407544811     
  0.99999999905696524        233.59962385515553        233.59962407544811     
  0.99999999970179188        233.59962400578681        233.59962407544811     
  0.99999999990569854        233.59962405341932        233.59962407544811     
  0.99999999997017930        233.59962406848200        233.59962407544811     
  0.99999999999056988        233.59962407324522        233.59962407544811     
  0.99999999999701794        233.59962407475149        233.59962407544811     
  0.99999999999905698        233.59962407522781        233.59962407544811     
 comp:           1
  0.99999996019412041        199.19120244867338        199.19121037765473     
  0.99999998765610987        199.19120791886030        199.19121037765473     
  0.99999999610399393        199.19120960160456        199.19121037765473     
  0.99999999876821044        199.19121013229307        199.19121037765473     
  0.99999999961048136        199.19121030006605        199.19121037765473     
  0.99999999987682364        199.19121035311909        199.19121037765473     
  0.99999999996104827        199.19121036989588        199.19121037765473     
  0.99999999998768241        199.19121037520117        199.19121037765473     
  0.99999999999610478        199.19121037687884        199.19121037765473     
  0.99999999999876821        199.19121037740936        199.19121037765473     
 comp:           2
  0.99999997480554770       -57.596849987325953       -57.596851438447082     
  0.99999999218714530       -57.596850988451251       -57.596851438447082     
  0.99999999753408952       -57.596851296418400       -57.596851438447082     
  0.99999999922035976       -57.596851393542259       -57.596851438447082     
  0.99999999975346088       -57.596851424247205       -57.596851438447082     
  0.99999999992203759       -57.596851433956694       -57.596851438447082     
  0.99999999997534617       -57.596851437027098       -57.596851438447082     
  0.99999999999220368       -57.596851437998041       -57.596851438447082     
  0.99999999999753453       -57.596851438305080       -57.596851438447082     
  0.99999999999922029       -57.596851438402176       -57.596851438447082     
 comp:           3
   1.0000000000000000        107.58368268865425        107.58368268865425     
   1.0000000000000000        107.58368268865425        107.58368268865425     
   1.0000000000000000        107.58368268865425        107.58368268865425     
   1.0000000000000000        107.58368268865425        107.58368268865425     
   1.0000000000000000        107.58368268865425        107.58368268865425     
   1.0000000000000000        107.58368268865425        107.58368268865425     
   1.0000000000000000        107.58368268865425        107.58368268865425     
   1.0000000000000000        107.58368268865425        107.58368268865425     
   1.0000000000000000        107.58368268865425        107.58368268865425     
   1.0000000000000000        107.58368268865425        107.58368268865425     
 
 part: i_fks+j_fks
 comp:           0
   1.0000000067237558        276.25008528829972        276.25008343086159     
   1.0000000006447107        276.25008360896300        276.25008343086159     
   1.0000000000642066        276.25008344859867        276.25008343086159     
   1.0000000000064180        276.25008343263454        276.25008343086159     
   1.0000000000006415        276.25008343103877        276.25008343086159     
   1.0000000000000637        276.25008343087922        276.25008343086159     
   1.0000000000000062        276.25008343086330        276.25008343086159     
   1.0000000000000004        276.25008343086171        276.25008343086159     
  0.99999999999999978        276.25008343086154        276.25008343086159     
   1.0000000000000000        276.25008343086159        276.25008343086159     
 comp:           1
   1.8753293326054111E-005   0.0000000000000000     
   5.8154372376140630E-006   0.0000000000000000     
   1.8354811746006837E-006   0.0000000000000000     
   5.8031909008115632E-007   0.0000000000000000     
   1.8350949970156326E-007   0.0000000000000000     
   5.8030688150730160E-008   0.0000000000000000     
   1.8350911359883505E-008   0.0000000000000000     
   5.8030676071169974E-009   0.0000000000000000     
   1.8350910723377122E-009   0.0000000000000000     
   5.8030678221474131E-010   0.0000000000000000     
 comp:           2
  -3.4321306873036759E-006   0.0000000000000000     
  -1.0643112255687946E-006   0.0000000000000000     
  -3.3592026508555167E-007   0.0000000000000000     
  -1.0620699643878306E-007   0.0000000000000000     
  -3.3584958886258864E-008   0.0000000000000000     
  -1.0620476208878136E-008   0.0000000000000000     
  -3.3584888223735813E-009   0.0000000000000000     
  -1.0620473998139547E-009   0.0000000000000000     
  -3.3584887058834774E-010   0.0000000000000000     
  -1.0620474391677085E-010   0.0000000000000000     
 comp:           3
  0.99999999089115121       -276.25008091454134       -276.25008343086159     
  0.99999999912763438       -276.25008318987051       -276.25008343086159     
  0.99999999991313071       -276.25008340686395       -276.25008343086159     
  0.99999999999131661       -276.25008342846280       -276.25008343086159     
  0.99999999999913125       -276.25008343062160       -276.25008343086159     
  0.99999999999991296       -276.25008343083755       -276.25008343086159     
  0.99999999999999112       -276.25008343085915       -276.25008343086159     
  0.99999999999999900       -276.25008343086131       -276.25008343086159     
  0.99999999999999978       -276.25008343086154       -276.25008343086159     
   1.0000000000000000       -276.25008343086159       -276.25008343086159     
     
 Collinear #          82
 
 part:           1
 comp:           0
   1.0000000200620405        276.25000554213869        276.25000000000000     
   1.0000000019223398        276.25000053104640        276.25000000000000     
   1.0000000001914333        276.25000005288348        276.25000000000000     
   1.0000000000191354        276.25000000528615        276.25000000000000     
   1.0000000000019136        276.25000000052864        276.25000000000000     
   1.0000000000001912        276.25000000005281        276.25000000000000     
   1.0000000000000191        276.25000000000529        276.25000000000000     
   1.0000000000000016        276.25000000000045        276.25000000000000     
   1.0000000000000002        276.25000000000006        276.25000000000000     
   1.0000000000000000        276.25000000000000        276.25000000000000     
 comp:           1
   0.0000000000000000        0.0000000000000000     
   0.0000000000000000        0.0000000000000000     
   0.0000000000000000        0.0000000000000000     
   0.0000000000000000        0.0000000000000000     
   0.0000000000000000        0.0000000000000000     
   0.0000000000000000        0.0000000000000000     
   0.0000000000000000        0.0000000000000000     
   0.0000000000000000        0.0000000000000000     
   0.0000000000000000        0.0000000000000000     
   0.0000000000000000        0.0000000000000000     
 comp:           2
   0.0000000000000000        0.0000000000000000     
   0.0000000000000000        0.0000000000000000     
   0.0000000000000000        0.0000000000000000     
   0.0000000000000000        0.0000000000000000     
   0.0000000000000000        0.0000000000000000     
   0.0000000000000000        0.0000000000000000     
   0.0000000000000000        0.0000000000000000     
   0.0000000000000000        0.0000000000000000     
   0.0000000000000000        0.0000000000000000     
   0.0000000000000000        0.0000000000000000     
 comp:           3
   1.0000000200620405        276.25000554213869        276.25000000000000     
   1.0000000019223398        276.25000053104640        276.25000000000000     
   1.0000000001914333        276.25000005288348        276.25000000000000     
   1.0000000000191354        276.25000000528615        276.25000000000000     
   1.0000000000019136        276.25000000052864        276.25000000000000     
   1.0000000000001912        276.25000000005281        276.25000000000000     
   1.0000000000000191        276.25000000000529        276.25000000000000     
   1.0000000000000016        276.25000000000045        276.25000000000000     
   1.0000000000000002        276.25000000000006        276.25000000000000     
   1.0000000000000000        276.25000000000000        276.25000000000000     
 
 part:           2
 comp:           0
  0.99999999848888743        276.25010530065350        276.25010571809850     
  0.99999999985576593        276.25010567825382        276.25010571809850     
  0.99999999998564237        276.25010571413219        276.25010571809850     
  0.99999999999856493        276.25010571770207        276.25010571809850     
  0.99999999999985678        276.25010571805893        276.25010571809850     
  0.99999999999998579        276.25010571809457        276.25010571809850     
  0.99999999999999900        276.25010571809821        276.25010571809850     
   1.0000000000000000        276.25010571809850        276.25010571809850     
   1.0000000000000002        276.25010571809855        276.25010571809850     
   1.0000000000000000        276.25010571809850        276.25010571809850     
 comp:           1
   0.0000000000000000        0.0000000000000000     
   0.0000000000000000        0.0000000000000000     
   0.0000000000000000        0.0000000000000000     
   0.0000000000000000        0.0000000000000000     
   0.0000000000000000        0.0000000000000000     
   0.0000000000000000        0.0000000000000000     
   0.0000000000000000        0.0000000000000000     
   0.0000000000000000        0.0000000000000000     
   0.0000000000000000        0.0000000000000000     
   0.0000000000000000        0.0000000000000000     
 comp:           2
   0.0000000000000000        0.0000000000000000     
   0.0000000000000000        0.0000000000000000     
   0.0000000000000000        0.0000000000000000     
   0.0000000000000000        0.0000000000000000     
   0.0000000000000000        0.0000000000000000     
   0.0000000000000000        0.0000000000000000     
   0.0000000000000000        0.0000000000000000     
   0.0000000000000000        0.0000000000000000     
   0.0000000000000000        0.0000000000000000     
   0.0000000000000000        0.0000000000000000     
 comp:           3
  0.99999999848888743       -276.25010530065350       -276.25010571809850     
  0.99999999985576593       -276.25010567825382       -276.25010571809850     
  0.99999999998564237       -276.25010571413219       -276.25010571809850     
  0.99999999999856493       -276.25010571770207       -276.25010571809850     
  0.99999999999985678       -276.25010571805893       -276.25010571809850     
  0.99999999999998579       -276.25010571809457       -276.25010571809850     
  0.99999999999999900       -276.25010571809821       -276.25010571809850     
   1.0000000000000000       -276.25010571809850       -276.25010571809850     
   1.0000000000000002       -276.25010571809855       -276.25010571809850     
   1.0000000000000000       -276.25010571809850       -276.25010571809850     
 
 part:           3
 comp:           0
  0.99999999319501864        156.25524234354546        156.25524340685948     
  0.99999999788975957        156.25524307712334        156.25524340685948     
  0.99999999933396122        156.25524330278742        156.25524340685948     
  0.99999999978942034        156.25524337395530        156.25524340685948     
  0.99999999993340993        156.25524339645443        156.25524340685948     
  0.99999999997894240        156.25524340356912        156.25524340685948     
  0.99999999999334110        156.25524340581899        156.25524340685948     
  0.99999999999789424        156.25524340653044        156.25524340685948     
  0.99999999999933409        156.25524340675543        156.25524340685948     
  0.99999999999978939        156.25524340682657        156.25524340685948     
 comp:           1
  0.99999988006450202       -90.630952976607063       -90.630963846476845     
  0.99999996280774017       -90.630960475706488       -90.630963846476845     
  0.99999998826129655       -90.630962782586835       -90.630963846476845     
  0.99999999628860603       -90.630963510109638       -90.630963846476845     
  0.99999999882637669       -90.630963740110232       -90.630963846476845     
  0.99999999962886843       -90.630963812840832       -90.630963846476845     
  0.99999999988263788       -90.630963835840205       -90.630963846476845     
  0.99999999996288691       -90.630963843113250       -90.630963846476845     
  0.99999999998826372       -90.630963845413177       -90.630963846476845     
  0.99999999999628875       -90.630963846140489       -90.630963846476845     
 comp:           2
   1.0000000837098904        98.912948331501127        98.912940051509764     
   1.0000000259586199        98.912942619153171        98.912940051509764     
   1.0000000081931171        98.912940861915061        98.912940051509764     
   1.0000000025903957        98.912940307733408        98.912940051509764     
   1.0000000008191394        98.912940132533251        98.912940051509764     
   1.0000000002590341        98.912940077131594        98.912940051509764     
   1.0000000000819138        98.912940059612097        98.912940051509764     
   1.0000000000259035        98.912940054071953        98.912940051509764     
   1.0000000000081914        98.912940052319996        98.912940051509764     
   1.0000000000025904        98.912940051765986        98.912940051509764     
 comp:           3
   1.0000000000000000        80.092459356433508        80.092459356433508     
   1.0000000000000000        80.092459356433508        80.092459356433508     
   1.0000000000000000        80.092459356433508        80.092459356433508     
   1.0000000000000000        80.092459356433508        80.092459356433508     
   1.0000000000000000        80.092459356433508        80.092459356433508     
   1.0000000000000000        80.092459356433508        80.092459356433508     
   1.0000000000000000        80.092459356433508        80.092459356433508     
   1.0000000000000000        80.092459356433508        80.092459356433508     
   1.0000000000000000        80.092459356433508        80.092459356433508     
   1.0000000000000000        80.092459356433508        80.092459356433508     
 
 part:           4
 comp:           0
   1.0000000578367991        68.287125457993369        68.287121508484844     
   1.0000000179353168        68.287122733236004        68.287121508484844     
   1.0000000056607843        68.287121895043512        68.287121508484844     
   1.0000000017897548        68.287121630702046        68.287121508484844     
   1.0000000005659591        68.287121547132557        68.287121508484844     
   1.0000000001789717        68.287121520706307        68.287121508484844     
   1.0000000000565958        68.287121512349614        68.287121508484844     
   1.0000000000178972        68.287121509706992        68.287121508484844     
   1.0000000000056597        68.287121508871323        68.287121508484844     
   1.0000000000017897        68.287121508607058        68.287121508484844     
 comp:           1
   1.0000005819089095        8.1634513475587607        8.1634465971764527     
   1.0000001804512200        8.1634480702803511        8.1634465971764527     
   1.0000000569544127        8.1634470621207598        8.1634465971764527     
   1.0000000180071218        8.1634467441766301        8.1634465971764527     
   1.0000000056942424        8.1634466436610964        8.1634465971764527     
   1.0000000018006743        8.1634466118761608        8.1634465971764527     
   1.0000000005694232        8.1634466018249086        8.1634465971764527     
   1.0000000001800675        8.1634465986464235        8.1634465971764527     
   1.0000000000569425        8.1634465976412987        8.1634465971764527     
   1.0000000000180067        8.1634465973234498        8.1634465971764527     
 comp:           2
   1.0000000567028198        63.815984547412199        63.815980928866139     
   1.0000000175836679        63.815982050985149        63.815980928866139     
   1.0000000055497962        63.815981283031824        63.815980928866139     
   1.0000000017546640        63.815981040841741        63.815980928866139     
   1.0000000005548628        63.815980964275255        63.815980928866139     
   1.0000000001754628        63.815980940063461        63.815980928866139     
   1.0000000000554863        63.815980932407044        63.815980928866139     
   1.0000000000175462        63.815980929985869        63.815980928866139     
   1.0000000000055487        63.815980929220231        63.815980928866139     
   1.0000000000017546        63.815980928978114        63.815980928866139     
 comp:           3
   1.0000000000000000        22.891257756100181        22.891257756100181     
   1.0000000000000000        22.891257756100181        22.891257756100181     
   1.0000000000000000        22.891257756100181        22.891257756100181     
   1.0000000000000000        22.891257756100181        22.891257756100181     
   1.0000000000000000        22.891257756100181        22.891257756100181     
   1.0000000000000000        22.891257756100181        22.891257756100181     
   1.0000000000000000        22.891257756100181        22.891257756100181     
   1.0000000000000000        22.891257756100181        22.891257756100181     
   1.0000000000000000        22.891257756100181        22.891257756100181     
   1.0000000000000000        22.891257756100181        22.891257756100181     
 
 part:           5
 comp:           0
  0.99999993983902091        111.72985487185859        111.72986159363646     
  0.99999998134394830        111.72985950919838        111.72986159363646     
  0.99999999411173557        111.72986093574148        111.72986159363646     
  0.99999999813832341        111.72986138563159        111.72986159363646     
  0.99999999941129736        111.72986152786079        111.72986159363646     
  0.99999999981383625        111.72986157283641        111.72986159363646     
  0.99999999994112987        111.72986158705891        111.72986159363646     
  0.99999999998138367        111.72986159155646        111.72986159363646     
  0.99999999999411304        111.72986159297871        111.72986159363646     
  0.99999999999813838        111.72986159342845        111.72986159363646     
 comp:           1
  0.99999987213701158       -60.787472249351971       -60.787480021820826     
  0.99999996034940730       -60.787477611561215       -60.787480021820826     
  0.99999998748539209       -60.787479261089345       -60.787480021820826     
  0.99999999604329048       -60.787479781302423       -60.787480021820826     
  0.99999999874880241       -60.787479945763678       -60.787480021820826     
  0.99999999960433739       -60.787479997769495       -60.787480021820826     
  0.99999999987488053       -60.787480014215127       -60.787480021820826     
  0.99999999996043376       -60.787480019415696       -60.787480021820826     
  0.99999999998748801       -60.787480021060254       -60.787480021820826     
  0.99999999999604339       -60.787480021580315       -60.787480021820826     
 comp:           2
  0.99999987415996749       -47.048486328099933       -47.048492248683729     
  0.99999996097673038       -47.048490412697731       -47.048492248683729     
  0.99999998768338916       -47.048491669205760       -47.048492248683729     
  0.99999999610589063       -47.048492065471756       -47.048492248683729     
  0.99999999876859802       -47.048492190748121       -47.048492248683729     
  0.99999999961059727       -47.048492230362918       -47.048492248683729     
  0.99999999987686017       -47.048492242890184       -47.048492248683729     
  0.99999999996105982       -47.048492246851652       -47.048492248683729     
  0.99999999998768596       -47.048492248104374       -47.048492248683729     
  0.99999999999610600       -47.048492248500523       -47.048492248683729     
 comp:           3
   1.0000000000000000        10.376303151166276        10.376303151166276     
   1.0000000000000000        10.376303151166276        10.376303151166276     
   1.0000000000000000        10.376303151166276        10.376303151166276     
   1.0000000000000000        10.376303151166276        10.376303151166276     
   1.0000000000000000        10.376303151166276        10.376303151166276     
   1.0000000000000000        10.376303151166276        10.376303151166276     
   1.0000000000000000        10.376303151166276        10.376303151166276     
   1.0000000000000000        10.376303151166276        10.376303151166276     
   1.0000000000000000        10.376303151166276        10.376303151166276     
   1.0000000000000000        10.376303151166276        10.376303151166276     
 
 part:           6
 comp:           0
   1.0000000177386350        216.22777732660475        216.22777349101921     
   1.0000000055007887        216.22777468044248        216.22777349101921     
   1.0000000017361710        216.22777386642758        216.22777349101921     
   1.0000000005489205        216.22777360971105        216.22777349101921     
   1.0000000001735805        216.22777352855212        216.22777349101921     
   1.0000000000548910        216.22777350288814        216.22777349101921     
   1.0000000000173581        216.22777349477249        216.22777349101921     
   1.0000000000054892        216.22777349220610        216.22777349101921     
   1.0000000000017359        216.22777349139454        216.22777349101921     
   1.0000000000005489        216.22777349113790        216.22777349101921     
 comp:           1
   1.0000001050005183        143.25501231297017        143.25499727112120     
   1.0000000325608898        143.25500193563138        143.25499727112120     
   1.0000000102769402        143.25499874334423        143.25499727112120     
   1.0000000032492322        143.25499773658996        143.25499727112120     
   1.0000000010274777        143.25499741831251        143.25499727112120     
   1.0000000003249163        143.25499731766709        143.25499727112120     
   1.0000000001027476        143.25499728584029        143.25499727112120     
   1.0000000000324916        143.25499727577579        143.25499727112120     
   1.0000000000102747        143.25499727259310        143.25499727112120     
   1.0000000000032492        143.25499727158666        143.25499727112120     
 comp:           2
  0.99999990095173419       -115.68041727374629       -115.68042873169215     
  0.99999996928491663       -115.68042517855814       -115.68042873169215     
  0.99999999030563735       -115.68042761024412       -115.68042873169215     
  0.99999999693495967       -115.68042837712697       -115.68042873169215     
  0.99999999903076775       -115.68042861957095       -115.68042873169215     
  0.99999999969350239       -115.68042869623638       -115.68042873169215     
  0.99999999990307697       -115.68042872048005       -115.68042873169215     
  0.99999999996935018       -115.68042872814657       -115.68042873169215     
  0.99999999999030775       -115.68042873057094       -115.68042873169215     
  0.99999999999693501       -115.68042873133759       -115.68042873169215     
 comp:           3
   1.0000000000000000       -113.36002026369995       -113.36002026369995     
   1.0000000000000000       -113.36002026369995       -113.36002026369995     
   1.0000000000000000       -113.36002026369995       -113.36002026369995     
   1.0000000000000000       -113.36002026369995       -113.36002026369995     
   1.0000000000000000       -113.36002026369995       -113.36002026369995     
   1.0000000000000000       -113.36002026369995       -113.36002026369995     
   1.0000000000000000       -113.36002026369995       -113.36002026369995     
   1.0000000000000000       -113.36002026369995       -113.36002026369995     
   1.0000000000000000       -113.36002026369995       -113.36002026369995     
   1.0000000000000000       -113.36002026369995       -113.36002026369995     
 
 part:           7
 comp:           0
   1.0484750627796535        1.1084279002348871E-004   1.0571809855890041E-004
   1.0046463327248143        1.0620930001983978E-004   1.0571809855890041E-004
   1.0004627122670195        1.0576701561994959E-004   1.0571809855890041E-004
   1.0000462521032869        1.0572298824331426E-004   1.0571809855890041E-004
   1.0000046250191821        1.0571858750713414E-004   1.0571809855890041E-004
   1.0000004625000065        1.0571814745352169E-004   1.0571809855890041E-004
   1.0000000462499823        1.0571810344836059E-004   1.0571809855890041E-004
   1.0000000046249986        1.0571809904784647E-004   1.0571809855890041E-004
   1.0000000004624998        1.0571809860779502E-004   1.0571809855890041E-004
   1.0000000000462497        1.0571809856378984E-004   1.0571809855890041E-004
 comp:           1
  -3.8434569913951764E-005  -0.0000000000000000     
  -1.1918644051918099E-005  -0.0000000000000000     
  -3.7617888182102192E-006  -0.0000000000000000     
  -1.1893545377444877E-006  -0.0000000000000000     
  -3.7609973533302104E-007  -0.0000000000000000     
  -1.1893295164646046E-007  -0.0000000000000000     
  -3.7609894402155907E-008  -0.0000000000000000     
  -1.1893292688959199E-008  -0.0000000000000000     
  -3.7609893097646219E-009  -0.0000000000000000     
  -1.1893293129660528E-009  -0.0000000000000000     
 comp:           2
  -2.9277067064274677E-005  -0.0000000000000000     
  -9.0788824228928926E-006  -0.0000000000000000     
  -2.8654969668959518E-006  -0.0000000000000000     
  -9.0597638122925398E-007  -0.0000000000000000     
  -2.8648940781314119E-007  -0.0000000000000000     
  -9.0595732157304295E-008  -0.0000000000000000     
  -2.8648880504124095E-008  -0.0000000000000000     
  -9.0595713299060272E-009  -0.0000000000000000     
  -2.8648879510429674E-009  -0.0000000000000000     
  -9.0595716656049156E-010  -0.0000000000000000     
 comp:           3
  0.94362759247076089       -9.9758514823721810E-005  -1.0571809855890041E-004
  0.99459987320236387       -1.0514720742187736E-004  -1.0571809855890041E-004
  0.99946224993722221       -1.0566124864476362E-004  -1.0571809855890041E-004
  0.99994624751634353       -1.0571241594853543E-004  -1.0571809855890041E-004
  0.99999462497675873       -1.0571753032166364E-004  -1.0571809855890041E-004
  0.99999946249992688       -1.0571804173541470E-004  -1.0571809855890041E-004
  0.99999994625001576       -1.0571809287655429E-004  -1.0571809855890041E-004
  0.99999999462500222       -1.0571809799066587E-004  -1.0571809855890041E-004
  0.99999999946250018       -1.0571809850207696E-004  -1.0571809855890041E-004
  0.99999999994624966       -1.0571809855321803E-004  -1.0571809855890041E-004
 
 part: i_fks+j_fks
 comp:           0
   1.0000000170397934        276.25021614344354        276.25021143619705     
   1.0000000016338695        276.25021188755386        276.25021143619705     
   1.0000000001627176        276.25021148114780        276.25021143619705     
   1.0000000000162652        276.25021144069029        276.25021143619705     
   1.0000000000016267        276.25021143664645        276.25021143619705     
   1.0000000000001628        276.25021143624201        276.25021143619705     
   1.0000000000000167        276.25021143620165        276.25021143619705     
   1.0000000000000018        276.25021143619756        276.25021143619705     
   1.0000000000000004        276.25021143619716        276.25021143619705     
   1.0000000000000000        276.25021143619705        276.25021143619705     
 comp:           1
  -3.8434569913951764E-005   0.0000000000000000     
  -1.1918644051918099E-005   0.0000000000000000     
  -3.7617888182102192E-006   0.0000000000000000     
  -1.1893545377444877E-006   0.0000000000000000     
  -3.7609973533302104E-007   0.0000000000000000     
  -1.1893295164646046E-007   0.0000000000000000     
  -3.7609894402155907E-008   0.0000000000000000     
  -1.1893292688959199E-008   0.0000000000000000     
  -3.7609893097646219E-009   0.0000000000000000     
  -1.1893293129660528E-009   0.0000000000000000     
 comp:           2
  -2.9277067064274677E-005   0.0000000000000000     
  -9.0788824228928926E-006   0.0000000000000000     
  -2.8654969668959518E-006   0.0000000000000000     
  -9.0597638122925398E-007   0.0000000000000000     
  -2.8648940781314119E-007   0.0000000000000000     
  -9.0595732157304295E-008   0.0000000000000000     
  -2.8648880504124095E-008   0.0000000000000000     
  -9.0595713299060272E-009   0.0000000000000000     
  -2.8648879510429674E-009   0.0000000000000000     
  -9.0595716656049156E-010   0.0000000000000000     
 comp:           3
  0.99999997691575071       -276.25020505916831       -276.25021143619705     
  0.99999999778919335       -276.25021082546124       -276.25021143619705     
  0.99999999977985099       -276.25021137538084       -276.25021143619705     
  0.99999999997799460       -276.25021143011804       -276.25021143619705     
  0.99999999999779998       -276.25021143558928       -276.25021143619705     
  0.99999999999978006       -276.25021143613628       -276.25021143619705     
  0.99999999999997835       -276.25021143619108       -276.25021143619705     
  0.99999999999999789       -276.25021143619648       -276.25021143619705     
   1.0000000000000000       -276.25021143619705       -276.25021143619705     
   1.0000000000000000       -276.25021143619705       -276.25021143619705     
     
 Collinear #           1
 
 part:           1
 comp:           0
   1.0000000509812097        276.25001408355922        276.25000000000006     
   1.0000000048850068        276.25000134948323        276.25000000000006     
   1.0000000004864662        276.25000013438637        276.25000000000006     
   1.0000000000486262        276.25000001343307        276.25000000000006     
   1.0000000000048623        276.25000000134327        276.25000000000006     
   1.0000000000004863        276.25000000013438        276.25000000000006     
   1.0000000000000484        276.25000000001342        276.25000000000006     
   1.0000000000000044        276.25000000000131        276.25000000000006     
   1.0000000000000004        276.25000000000017        276.25000000000006     
  0.99999999999999956        276.24999999999994        276.25000000000006     
 comp:           1
   0.0000000000000000        0.0000000000000000     
   0.0000000000000000        0.0000000000000000     
   0.0000000000000000        0.0000000000000000     
   0.0000000000000000        0.0000000000000000     
   0.0000000000000000        0.0000000000000000     
   0.0000000000000000        0.0000000000000000     
   0.0000000000000000        0.0000000000000000     
   0.0000000000000000        0.0000000000000000     
   0.0000000000000000        0.0000000000000000     
   0.0000000000000000        0.0000000000000000     
 comp:           2
   0.0000000000000000        0.0000000000000000     
   0.0000000000000000        0.0000000000000000     
   0.0000000000000000        0.0000000000000000     
   0.0000000000000000        0.0000000000000000     
   0.0000000000000000        0.0000000000000000     
   0.0000000000000000        0.0000000000000000     
   0.0000000000000000        0.0000000000000000     
   0.0000000000000000        0.0000000000000000     
   0.0000000000000000        0.0000000000000000     
   0.0000000000000000        0.0000000000000000     
 comp:           3
   1.0000000509812097        276.25001408355922        276.25000000000006     
   1.0000000048850068        276.25000134948323        276.25000000000006     
   1.0000000004864662        276.25000013438637        276.25000000000006     
   1.0000000000486262        276.25000001343307        276.25000000000006     
   1.0000000000048623        276.25000000134327        276.25000000000006     
   1.0000000000004863        276.25000000013438        276.25000000000006     
   1.0000000000000484        276.25000000001342        276.25000000000006     
   1.0000000000000044        276.25000000000131        276.25000000000006     
   1.0000000000000004        276.25000000000017        276.25000000000006     
  0.99999999999999956        276.24999999999994        276.25000000000006     
 
 part:           2
 comp:           0
  0.99999999616000745        276.25026758774840        276.25026864854738     
  0.99999999963347630        276.25026854729509        276.25026864854738     
  0.99999999996351363        276.25026863846801        276.25026864854738     
  0.99999999999635292        276.25026864753988        276.25026864854738     
  0.99999999999963540        276.25026864844665        276.25026864854738     
  0.99999999999996358        276.25026864853731        276.25026864854738     
  0.99999999999999611        276.25026864854630        276.25026864854738     
  0.99999999999999933        276.25026864854721        276.25026864854738     
   1.0000000000000000        276.25026864854738        276.25026864854738     
  0.99999999999999978        276.25026864854732        276.25026864854738     
 comp:           1
   0.0000000000000000        0.0000000000000000     
   0.0000000000000000        0.0000000000000000     
   0.0000000000000000        0.0000000000000000     
   0.0000000000000000        0.0000000000000000     
   0.0000000000000000        0.0000000000000000     
   0.0000000000000000        0.0000000000000000     
   0.0000000000000000        0.0000000000000000     
   0.0000000000000000        0.0000000000000000     
   0.0000000000000000        0.0000000000000000     
   0.0000000000000000        0.0000000000000000     
 comp:           2
   0.0000000000000000        0.0000000000000000     
   0.0000000000000000        0.0000000000000000     
   0.0000000000000000        0.0000000000000000     
   0.0000000000000000        0.0000000000000000     
   0.0000000000000000        0.0000000000000000     
   0.0000000000000000        0.0000000000000000     
   0.0000000000000000        0.0000000000000000     
   0.0000000000000000        0.0000000000000000     
   0.0000000000000000        0.0000000000000000     
   0.0000000000000000        0.0000000000000000     
 comp:           3
  0.99999999616000745       -276.25026758774840       -276.25026864854738     
  0.99999999963347630       -276.25026854729509       -276.25026864854738     
  0.99999999996351363       -276.25026863846801       -276.25026864854738     
  0.99999999999635292       -276.25026864753988       -276.25026864854738     
  0.99999999999963540       -276.25026864844665       -276.25026864854738     
  0.99999999999996358       -276.25026864853731       -276.25026864854738     
  0.99999999999999611       -276.25026864854630       -276.25026864854738     
  0.99999999999999933       -276.25026864854721       -276.25026864854738     
   1.0000000000000000       -276.25026864854738       -276.25026864854738     
  0.99999999999999978       -276.25026864854732       -276.25026864854738     
 
 part:           3
 comp:           0
   1.0000000852979092        47.020055164783699        47.020051154071645     
   1.0000000264510622        47.020052397801940        47.020051154071645     
   1.0000000083485423        47.020051546620529        47.020051154071645     
   1.0000000026395359        47.020051278182756        47.020051154071645     
   1.0000000008346785        47.020051193318274        47.020051154071645     
   1.0000000002639480        47.020051166482496        47.020051154071645     
   1.0000000000834677        47.020051157996299        47.020051154071645     
   1.0000000000263947        47.020051155312728        47.020051154071645     
   1.0000000000083469        47.020051154464113        47.020051154071645     
   1.0000000000026394        47.020051154195755        47.020051154071645     
 comp:           1
  0.99999996229113253       -31.871928229473092       -31.871929431327455     
  0.99999998830639836       -31.871929058629810       -31.871929431327455     
  0.99999999630923964       -31.871929313695802       -31.871929431327455     
  0.99999999883310231       -31.871929394136174       -31.871929431327455     
  0.99999999963100161       -31.871929419566765       -31.871929431327455     
  0.99999999988331278       -31.871929427608407       -31.871929431327455     
  0.99999999996310029       -31.871929430151390       -31.871929431327455     
  0.99999999998833122       -31.871929430955550       -31.871929431327455     
  0.99999999999631006       -31.871929431209850       -31.871929431327455     
  0.99999999999883316       -31.871929431290265       -31.871929431327455     
 comp:           2
   1.0000004748342564       -21.859294968574137       -21.859284589036996     
   1.0000001472471334       -21.859287807753990       -21.859284589036996     
   1.0000000464744658       -21.859285604935568       -21.859284589036996     
   1.0000000146937054       -21.859284910230883       -21.859284589036996     
   1.0000000046464688       -21.859284690605477       -21.859284589036996     
   1.0000000014693395       -21.859284621155709       -21.859284589036996     
   1.0000000004646459       -21.859284599193824       -21.859284589036996     
   1.0000000001469338       -21.859284592248866       -21.859284589036996     
   1.0000000000464646       -21.859284590052678       -21.859284589036996     
   1.0000000000146934       -21.859284589358182       -21.859284589036996     
 comp:           3
   1.0000000000000000        26.722261751421577        26.722261751421577     
   1.0000000000000000        26.722261751421577        26.722261751421577     
   1.0000000000000000        26.722261751421577        26.722261751421577     
   1.0000000000000000        26.722261751421577        26.722261751421577     
   1.0000000000000000        26.722261751421577        26.722261751421577     
   1.0000000000000000        26.722261751421577        26.722261751421577     
   1.0000000000000000        26.722261751421577        26.722261751421577     
   1.0000000000000000        26.722261751421577        26.722261751421577     
   1.0000000000000000        26.722261751421577        26.722261751421577     
   1.0000000000000000        26.722261751421577        26.722261751421577     
 
 part:           4
 comp:           0
  0.99999986146668118        109.10633169261629        109.10634680748062     
  0.99999995704051070        109.10634212032768        109.10634680748062     
  0.99999998644103039        109.10634532811098        109.10634680748062     
  0.99999999571309739        109.10634633975233        109.10634680748062     
  0.99999999864438838        109.10634665957478        109.10634680748062     
  0.99999999957131880        109.10634676070877        109.10634680748062     
  0.99999999986443910        109.10634679269006        109.10634680748062     
  0.99999999995713185        109.10634680280343        109.10634680748062     
  0.99999999998644395        109.10634680600157        109.10634680748062     
  0.99999999999571321        109.10634680701290        109.10634680748062     
 comp:           1
  0.99999993167923606       -40.819339146772840       -40.819341935581463     
  0.99999997881358116       -40.819341070765788       -40.819341935581463     
  0.99999999331309553       -40.819341662626421       -40.819341935581463     
  0.99999999788581961       -40.819341849282011       -40.819341935581463     
  0.99999999933145034       -40.819341908291705       -40.819341935581463     
  0.99999999978858645       -40.819341926951701       -40.819341935581463     
  0.99999999993314526       -40.819341932852495       -40.819341935581463     
  0.99999999997885869       -40.819341934718487       -40.819341935581463     
  0.99999999999331446       -40.819341935308564       -40.819341935581463     
  0.99999999999788591       -40.819341935495167       -40.819341935581463     
 comp:           2
  0.99999962216763649        63.744913557778993        63.744937642679446     
  0.99999988283335495        63.744930173898965        63.744937642679446     
  0.99999996301960359        63.744935285366381        63.744937642679446     
  0.99999998830800862        63.744936897374181        63.744937642679446     
  0.99999999630273839        63.744937406997735        63.744937642679446     
  0.99999999883082547        63.744937568150490        63.744937642679446     
  0.99999999963027464        63.744937619111326        63.744937642679446     
  0.99999999988308252        63.744937635226549        63.744937642679446     
  0.99999999996302746        63.744937640322632        63.744937642679446     
  0.99999999998830824        63.744937641934158        63.744937642679446     
 comp:           3
   1.0000000000000000        78.578363195928347        78.578363195928347     
   1.0000000000000000        78.578363195928347        78.578363195928347     
   1.0000000000000000        78.578363195928347        78.578363195928347     
   1.0000000000000000        78.578363195928347        78.578363195928347     
   1.0000000000000000        78.578363195928347        78.578363195928347     
   1.0000000000000000        78.578363195928347        78.578363195928347     
   1.0000000000000000        78.578363195928347        78.578363195928347     
   1.0000000000000000        78.578363195928347        78.578363195928347     
   1.0000000000000000        78.578363195928347        78.578363195928347     
   1.0000000000000000        78.578363195928347        78.578363195928347     
 
 part:           5
 comp:           0
  0.99999992666538695        143.23821776950632        143.23822827382637     
  0.99999997725877132        143.23822501641305        143.23822827382637     
  0.99999999282236252        143.23822724571428        143.23822827382637     
  0.99999999773066595        143.23822794877097        143.23822827382637     
  0.99999999928238725        143.23822817103678        143.23822827382637     
  0.99999999977307130        143.23822824132151        143.23822827382637     
  0.99999999992823885        143.23822826354743        143.23822827382637     
  0.99999999997730715        143.23822827057589        143.23822827382637     
  0.99999999999282385        143.23822827279847        143.23822827382637     
  0.99999999999773059        143.23822827350131        143.23822827382637     
 comp:           1
  0.99999994142318993       -62.503150701171741       -62.503154362407145     
  0.99999998183520300       -62.503153227050035       -62.503154362407145     
  0.99999999426678654       -62.503154004063219       -62.503154362407145     
  0.99999999818734553       -62.503154249110523       -62.503154362407145     
  0.99999999942679929       -62.503154326580294       -62.503154362407145     
  0.99999999981873833       -62.503154351077718       -62.503154362407145     
  0.99999999994268007       -62.503154358824467       -62.503154362407145     
  0.99999999998187394       -62.503154361274206       -62.503154362407145     
  0.99999999999426792       -62.503154362048875       -62.503154362407145     
  0.99999999999818734       -62.503154362293849       -62.503154362407145     
 comp:           2
  0.99999921633372013        40.348026315331971        40.348057934744432     
  0.99999975698337251        40.348048129495467        40.348057934744432     
  0.99999992329855358        40.348054839990027        40.348057934744432     
  0.99999997574951216        40.348056956284346        40.348057934744432     
  0.99999999233146908        40.348057625334100        40.348057934744432     
  0.99999999757500224        40.348057836900480        40.348057934744432     
  0.99999999923314853        40.348057903803465        40.348057934744432     
  0.99999999975750020        40.348057924960038        40.348057934744432     
  0.99999999992331490        40.348057931650338        40.348057934744432     
  0.99999999997575006        40.348057933765993        40.348057934744432     
 comp:           3
   1.0000000000000000        92.278729945193035        92.278729945193035     
   1.0000000000000000        92.278729945193035        92.278729945193035     
   1.0000000000000000        92.278729945193035        92.278729945193035     
   1.0000000000000000        92.278729945193035        92.278729945193035     
   1.0000000000000000        92.278729945193035        92.278729945193035     
   1.0000000000000000        92.278729945193035        92.278729945193035     
   1.0000000000000000        92.278729945193035        92.278729945193035     
   1.0000000000000000        92.278729945193035        92.278729945193035     
   1.0000000000000000        92.278729945193035        92.278729945193035     
   1.0000000000000000        92.278729945193035        92.278729945193035     
 
 part:           6
 comp:           0
   1.0484750311617197        2.8167129402945453E-004   2.6864854732626322E-004
   1.0046463295548251        2.6989677701156608E-004   2.6864854732626322E-004
   1.0004627119500067        2.6877285421946304E-004   2.6864854732626322E-004
   1.0000462520715852        2.6866097287810538E-004   2.6864854732626322E-004
   1.0000046250160113        2.6864978983009600E-004   2.6864854732626322E-004
   1.0000004624996892        2.6864867157613289E-004   2.6864854732626322E-004
   1.0000000462499501        2.6864855975124510E-004   2.6864854732626322E-004
   1.0000000046249948        2.6864854856876135E-004   2.6864854732626322E-004
   1.0000000004624992        2.6864854745051295E-004   2.6864854732626322E-004
   1.0000000000462494        2.6864854733868807E-004   2.6864854732626322E-004
 comp:           1
  -1.4122156210107771E-005  -0.0000000000000000     
  -4.3793114197765757E-006  -0.0000000000000000     
  -1.3822079624401570E-006  -0.0000000000000000     
  -4.3700893151546355E-007  -0.0000000000000000     
  -1.3819171513887497E-007  -0.0000000000000000     
  -4.3699973784826162E-008  -0.0000000000000000     
  -1.3819142438419464E-008  -0.0000000000000000     
  -4.3699964688312622E-009  -0.0000000000000000     
  -1.3819141959098462E-009  -0.0000000000000000     
  -4.3699966307597758E-010  -0.0000000000000000     
 comp:           2
   1.2196273468310203E-004   0.0000000000000000     
   3.7820909841133478E-005   0.0000000000000000     
   1.1937119267899208E-005   0.0000000000000000     
   3.7741265268272830E-006   0.0000000000000000     
   1.1934607745538313E-006   0.0000000000000000     
   3.7740471278476202E-007   0.0000000000000000     
   1.1934582635183064E-007   0.0000000000000000     
   3.7740463422482754E-008   0.0000000000000000     
   1.1934582221228571E-008   0.0000000000000000     
   3.7740464820940895E-009   0.0000000000000000     
 comp:           3
  0.94362761944932649       -2.5350418918200149E-004  -2.6864854732626322E-004
  0.99459987592794097       -2.6719781183892296E-004  -2.6864854732626322E-004
  0.99946225020997970       -2.6850408162634926E-004  -2.6864854732626322E-004
  0.99994624754362060       -2.6863410680694167E-004  -2.6864854732626322E-004
  0.99999462497948599       -2.6864710333481028E-004  -2.6864854732626322E-004
  0.99999946250019933       -2.6864840292772257E-004  -2.6864854732626322E-004
  0.99999994625004285       -2.6864853288641530E-004  -2.6864854732626322E-004
  0.99999999462500444       -2.6864854588227847E-004  -2.6864854732626322E-004
  0.99999999946249996       -2.6864854718186462E-004  -2.6864854732626322E-004
  0.99999999994624944       -2.6864854731182322E-004  -2.6864854732626322E-004
 
 part:           7
 comp:           0
   1.0000000853633602        253.13539537310740        253.13537376462133     
   1.0000000264713589        253.13538046545864        253.13537376462133     
   1.0000000083549483        253.13537587955429        253.13537376462133     
   1.0000000026415612        253.13537443329392        253.13537376462133     
   1.0000000008353189        253.13537397607013        253.13537376462133     
   1.0000000002641505        253.13537383148719        253.13537376462133     
   1.0000000000835318        253.13537378576618        253.13537376462133     
   1.0000000000264151        253.13537377130791        253.13537376462133     
   1.0000000000083531        253.13537376673582        253.13537376462133     
   1.0000000000026414        253.13537376528998        253.13537376462133     
 comp:           1
   1.0000000478589097        135.19443219957390        135.19442572931607     
   1.0000000148411516        135.19442773575705        135.19442572931607     
   1.0000000046841973        135.19442636259342        135.19442572931607     
   1.0000000014809898        135.19442592953763        135.19442572931607     
   1.0000000004683212        135.19442579263048        135.19442572931607     
   1.0000000001480958        135.19442574933780        135.19442572931607     
   1.0000000000468319        135.19442573564748        135.19442572931607     
   1.0000000000148095        135.19442573131823        135.19442572931607     
   1.0000000000046834        135.19442572994922        135.19442572931607     
   1.0000000000014810        135.19442572951630        135.19442572931607     
 comp:           2
   1.0000006795131091       -82.233766867271498       -82.233710988386875     
   1.0000002107184898       -82.233728316550270       -82.233710988386875     
   1.0000000665074353       -82.233716457540098       -82.233710988386875     
   1.0000000210274749       -82.233712717554170       -82.233710988386875     
   1.0000000066493442       -82.233711535187126       -82.233710988386875     
   1.0000000021027033       -82.233711161299965       -82.233710988386875     
   1.0000000006649330       -82.233711043066791       -82.233710988386875     
   1.0000000002102702       -82.233711005678174       -82.233710988386875     
   1.0000000000664933       -82.233710993854871       -82.233710988386875     
   1.0000000000210272       -82.233710990116009       -82.233710988386875     
 comp:           3
   1.0000000000000000       -197.57935489254297       -197.57935489254297     
   1.0000000000000000       -197.57935489254297       -197.57935489254297     
   1.0000000000000000       -197.57935489254297       -197.57935489254297     
   1.0000000000000000       -197.57935489254297       -197.57935489254297     
   1.0000000000000000       -197.57935489254297       -197.57935489254297     
   1.0000000000000000       -197.57935489254297       -197.57935489254297     
   1.0000000000000000       -197.57935489254297       -197.57935489254297     
   1.0000000000000000       -197.57935489254297       -197.57935489254297     
   1.0000000000000000       -197.57935489254297       -197.57935489254297     
   1.0000000000000000       -197.57935489254297       -197.57935489254297     
 
 part: i_fks+j_fks
 comp:           0
   1.0000000433010841        276.25054925904243        276.25053729709470     
   1.0000000041519463        276.25053844407211        276.25053729709470     
   1.0000000004134926        276.25053741132223        276.25053729709470     
   1.0000000000413323        276.25053730851278        276.25053729709470     
   1.0000000000041331        276.25053729823645        276.25053729709470     
   1.0000000000004134        276.25053729720889        276.25053729709470     
   1.0000000000000411        276.25053729710606        276.25053729709470     
   1.0000000000000040        276.25053729709578        276.25053729709470     
   1.0000000000000004        276.25053729709481        276.25053729709470     
  0.99999999999999978        276.25053729709464        276.25053729709470     
 comp:           1
  -1.4122156210107771E-005   0.0000000000000000     
  -4.3793114197765757E-006   0.0000000000000000     
  -1.3822079624401570E-006   0.0000000000000000     
  -4.3700893151546355E-007   0.0000000000000000     
  -1.3819171513887497E-007   0.0000000000000000     
  -4.3699973784826162E-008   0.0000000000000000     
  -1.3819142438419464E-008   0.0000000000000000     
  -4.3699964688312622E-009   0.0000000000000000     
  -1.3819141959098462E-009   0.0000000000000000     
  -4.3699966307597758E-010   0.0000000000000000     
 comp:           2
   1.2196273468310203E-004   0.0000000000000000     
   3.7820909841133478E-005   0.0000000000000000     
   1.1937119267899208E-005   0.0000000000000000     
   3.7741265268272830E-006   0.0000000000000000     
   1.1934607745538313E-006   0.0000000000000000     
   3.7740471278476202E-007   0.0000000000000000     
   1.1934582635183064E-007   0.0000000000000000     
   3.7740463422482754E-008   0.0000000000000000     
   1.1934582221228571E-008   0.0000000000000000     
   3.7740464820940895E-009   0.0000000000000000     
 comp:           3
  0.99999994133891179       -276.25052109193757       -276.25053729709470     
  0.99999999438195575       -276.25053574510696       -276.25053729709470     
  0.99999999944056206       -276.25053714254966       -276.25053729709470     
  0.99999999994407973       -276.25053728164670       -276.25053729709470     
  0.99999999999440825       -276.25053729554998       -276.25053729709470     
  0.99999999999944089       -276.25053729694025       -276.25053729709470     
  0.99999999999994382       -276.25053729707918       -276.25053729709470     
  0.99999999999999423       -276.25053729709310       -276.25053729709470     
  0.99999999999999956       -276.25053729709458       -276.25053729709470     
  0.99999999999999978       -276.25053729709464       -276.25053729709470     
