   0.0000000000000000        0.0000000000000000        0.0000000000000000        0.0000000000000000        0.0000000000000000        0.0000000000000000        0.0000000000000000        0.0000000000000000        0.0000000000000000        0.0000000000000000     
  0.18007042185927066        5.7958898746626490E-003   1.6199002713989340E-002   1.1239113900113295E-002   1.7549327504081856E-002  0.27278628152913809        9.0775302756504986E-002   8.8948060126185710E-002   6.4414226184434056E-002   1.4822291762790133E-002
  0.57692099837965238       0.76098999638743314       0.64216037006247995       0.61070284561881727       0.77292560461706028       0.56347180395190777       0.64130030730573639       0.68723485889554281       0.67406655741800792       0.57590702900731727     
  0.26433481938330977        1.1437289709378101E-002   3.0169914384892887E-002   2.2954051270328294E-002   3.4799119796033187E-002  0.47275090210450676       0.13062641115824414       0.15012947804953564       0.11437192522567939        2.8649417291207381E-002
  0.63522381258414118       0.54084756326149452       0.67623404509214868       0.64771547173704946       0.60885969029811216       0.58055620747485959       0.70399155091180976       0.74441016165612039       0.76826686807849853       0.70321675251778726     
  0.31804393236307849        1.6856872064088594E-002   4.2444833122816363E-002   3.4212418548567318E-002   5.2346564928491282E-002  0.65513382733244641       0.15138183659481008       0.19110810146889698       0.15234007228347748        4.4147574596107859E-002
  0.71110693261006930       0.72529052322468102       0.57808206154146335       0.69481333449225169       0.72721771592029016       0.57084902869961718       0.64529830195497917       0.64072159100844306       0.59819398562760273       0.69088059569675142     
  0.36200656282993421        2.2036471386647848E-002   5.5532254796606180E-002   4.5550767382172695E-002   7.0446292163847221E-002  0.80449818509004278       0.16393893489333117       0.22188866076866401       0.18387689409609770        6.0281658687840085E-002
  0.63607778351488375       0.73818320340351085       0.59609530994183502       0.62277898301251056       0.65115187672610797       0.56178321069895487       0.59869945482354670       0.57955989768594729       0.67182114686404670       0.59313419967995873     
  0.39501818073473111        2.7515065963268331E-002   6.9402866358188348E-002   5.7460542376092272E-002   8.6493977032761654E-002  0.89607841721241355       0.17298503990503067       0.25012461420314563       0.21183682139750265        7.4511925274154539E-002
  0.57477264097839653       0.77064869033981021       0.69505086043091335       0.60119523667014607       0.66179707425862899       0.50444696310754400       0.55598018252828518       0.67746440277061826       0.62443774261283003       0.61053648326590149     
  0.42186079475885818        3.3571622365061615E-002   8.4079388625405038E-002   6.9455692236354158E-002  0.10062697453186299       0.93899757859141253       0.18082098125607585       0.27447510004805564       0.23800663821473964        8.8015439208254942E-002
  0.62844601706154224       0.66586610010828751       0.61991934299536899       0.60321552341501405       0.63400245302339542       0.53936963523379633       0.64436087749282156       0.70137299369656614       0.64591323484754670       0.60635593710012015     
  0.44818622598608687        4.0553392512298635E-002   9.8361223188579261E-002   8.2255442912101906E-002  0.11289518394398607       0.96071709162086816       0.18947394464575013       0.29540808903910215       0.25984499216566170       0.10185789021502559     
  0.55157646281840678       0.69955214832687929       0.61007015251627539       0.55921260766504888       0.63265834079240890       0.55659331450027960       0.65510558394524576       0.62782327272508409       0.61422463053238918       0.67688294653086689     
  0.47158595714992235        4.7298193491689566E-002  0.11267314683270188        9.4413370931769339E-002  0.12486069097201444       0.97242970830386555       0.20036988810879269       0.31646164213292621       0.27934511377859761       0.11832880865725859     
  0.56224803286361213       0.64953805276316912       0.70131124567734215       0.64119568749773470       0.55080549437083792       0.60167991562211454       0.64931051525968764       0.73049564001577605       0.52006459306196950       0.69617426371191904     
  0.49105621182467768        5.4366207522098323E-002  0.12750040645233460       0.10214995223793022       0.13722298134837477       0.97886488573150676       0.21119983228988676       0.33617020163570566       0.30299942944402425       0.13556942819147536     
  0.55816645089545924       0.64698615031412121       0.60560626757649194       0.60982495749332655       0.65111419602547305       0.54635216982027468       0.63823576766455359       0.70605333256944092       0.61856588900490506       0.58372939697590098     
  0.50842882788442623        6.2006874705377066E-002  0.14138785268787410       0.11039910766883820       0.14985592760821156       0.98285176385782236       0.22149650935441642       0.35437096064488161       0.32471146826735087       0.15247433046244152     
  0.51950034505163067       0.69152627577302472       0.59186948441646747       0.56405774452202340       0.66470397037679974       0.52801456462643381       0.62773155988531748       0.60279119981108265       0.57424081666938387       0.77978260057741755     
  0.52662199265081588        6.9583631553754119E-002  0.15490314823067797       0.12070426620548008       0.16346772154132200       0.98557852285093994       0.23108046815617686       0.37171636230837135       0.34425162110068325       0.16925416187925973     
  0.63998082871092687       0.74230290509136510       0.63205500013921434       0.56536174915347381       0.62242651698464868       0.62647465104970312       0.75293160269884019       0.66586639835212602       0.54167161458114488       0.59996749136153205     
  0.54242218455888935        7.7053533494432475E-002  0.16961498535729269       0.13117622801625661       0.17885921237596278       0.98754441724273601       0.24058382609162676       0.39104032748696743       0.36395379533221606       0.18603590582496335     
  0.63466993557444729       0.62494193299929202       0.61215531989478511       0.62530716930675345       0.66253281126554731       0.53804606387379050       0.77295598074764471       0.63281205654932504       0.60206596293432058       0.72415740238321480     
  0.55625703017331551        8.4771475213571215E-002  0.18475895094802910       0.14036471820416047       0.19433190992265795       0.98898067979374682       0.24876798615178947       0.41070108737006217       0.38425638973252685       0.20355948556063416     
  0.62867391415345741       0.76353751323213570       0.67643816809904878       0.60991140809657307       0.64570655241136043       0.60304734968166784       0.60750997467355727       0.56375805281951152       0.74607531361365109       0.69787903327060996     
  0.56881722688589142        9.2947042442315178E-002  0.20008282066888511       0.14871323132928285       0.20871841827783319       0.99017524991245820       0.25639939286263713       0.42654991900582595       0.40333981857872131       0.22111407501932862     
  0.61698911483703445       0.78850350913742029       0.61133386444749926       0.62035356964795363       0.58962707769595379       0.55033513141141599       0.55136830807172366       0.56430444252088185       0.63365271440595661       0.70269024053227780     
  0.58173941641782489       0.10123318848844445       0.21501470376396831       0.15663955478950714       0.22350507192533622       0.99116134425366043       0.26495977927884262       0.44074499805088979       0.42299257954963149       0.23738965165849094     
  0.59072639011495132       0.73456839817782071       0.62229869873322530       0.56936121393110617       0.61537328900000821       0.66524957027255927       0.69974257892401792       0.53936963523379633       0.65820491766425993       0.69008750055063772     
  0.59458079686663556       0.10885624591509009       0.23001866845938046       0.16531424459523258       0.23827539264222139       0.99202327635999221       0.27343744544708481       0.45547942655558205       0.44060089184402201       0.25387560934017550     
  0.56806246033706875       0.82298363719576451       0.68943342458339629       0.56515732280870612       0.64939354627986334       0.59882982124596795       0.78341783938062748       0.59778968102771046       0.58509122043073314       0.66383152576590798     
  0.60862044837581819       0.11535708092889785       0.24398871438645772       0.17571499977125390       0.25226919055812369       0.99273117723033777       0.28245311812172635       0.47146326786076526       0.45770272754401425       0.27185436098842353     
  0.54137117393960255       0.62219145211332560       0.62941415869386497       0.62166593380207669       0.64215292941248048       0.57663410488691758       0.70887466456222004       0.68684199790440625       0.68137930815301750       0.66472280683318252     
  0.62258981836823934       0.12261220512804315       0.25742370941395304       0.18689532397969344       0.26373080142074512       0.99336258117387566       0.29210602975027805       0.48882967624539242       0.47427856171417226       0.29159389400963670     
  0.65773139886630438       0.59882454224883686       0.68765360195066672       0.65391780316286918       0.53755965804125427       0.67537807267169059       0.56623082756834930       0.64618982084083221       0.82300432596503870       0.78144587695312850     
  0.63625443655082015       0.13131154010667256       0.27178410767881395       0.19797928559637137       0.27448696566624436       0.99389047184616841       0.30159350053030665       0.50513832985627738       0.48799629404057210       0.31080727607446185     
  0.66495153101926663       0.66761130943969571       0.55329466015070872       0.62132647599205182       0.59957343639398486       0.62550139425682860       0.67736207084716904       0.61001019407841750       0.66180120096098649       0.80569767070035847     
  0.64887799728623063       0.14020854503946292       0.28566247048622473       0.20906727712965675       0.28549013312365279       0.99436739229921245       0.31059963690057502       0.52086555725510209       0.50334658045419989       0.32666092952305120     
  0.59376891902764795       0.70764858086886784       0.68635566165120032       0.70752967600684136       0.59441217341716412       0.54023573849929007       0.62533458060122027       0.64956917953928561       0.65392527217270446       0.65088637433443242     
  0.66079883342276879       0.14963214811782824       0.29830371856292992       0.22135035902803907       0.29754261026408368       0.99478229223624393       0.31897250828058044       0.53692272665296481       0.51836412367973694       0.34167134277680916     
  0.56102673656038515       0.74213781221496333       0.59499216982271219       0.70766970623382330       0.67190308274112021       0.54306163705372801       0.68949177668113693       0.63929659514236892       0.66922197200261946       0.68907889099856556     
  0.67284758144491041       0.16011070520716256       0.31138468606803815       0.23425170949577295       0.31105538716949127       0.99515306696458672       0.32750769159357251       0.55245056773418177       0.53294989755549793       0.35675817964920276     
  0.60012838404125057       0.67128958560912311       0.67016713247785231       0.66173688913952977       0.64095452789350982       0.66240185830529974       0.73570031262287539       0.60497402898277297       0.55521133395645139       0.64918745385737586     
  0.68420317606275882       0.16859224080882668       0.32504031348212115       0.24691999750785215       0.32477901496188849       0.99548983482322617       0.33637975712603047       0.56741405196335937       0.54598059568213420       0.36996641200547753     
  0.59926898872039303       0.61230126197921386       0.64713794549221393       0.72234433013640242       0.58408501638107180       0.62043104782714087       0.66328694070971861       0.69004430431281982       0.59069357004498635       0.68536932582344146     
  0.69440896864157986       0.17640703281163600       0.33934789105968127       0.25909769452787718       0.33751484750999267       0.99579781803078837       0.34474912605556401       0.58159867601919446       0.55857520888554968       0.38396706665185987     
  0.51795449967464402       0.60309717153097342       0.67912564366409922       0.67223937410412149       0.61986880847343340       0.63891239722447613       0.56517128691688279       0.68270711562517705       0.74379512463512021       0.58700724387254288     
  0.70371998867191643       0.18489759085592336       0.35341213717214170       0.27104713741491648       0.35070574539699895       0.99608224319440652       0.35328429556687529       0.59438298469254003       0.57096990069796039       0.39843293297069327     
  0.55222700304779759       0.66550653376393232       0.63328851753728044       0.62422781946336858       0.63339509472957012       0.56260749635387908       0.70563055176151779       0.55950581523251830       0.67655821238702085       0.63501415230346403     
  0.71260976689115796       0.19397184427244835       0.36734235242953134       0.28345406505278853       0.36598365349838030       0.99633531874178471       0.36239500440352673       0.60929654168573788       0.58402091582985738       0.41118206612308933     
  0.55606135075551888       0.72753222267501094       0.60752318624950552       0.74656358593007777       0.67164690641822389       0.63571737950078444       0.71587099917538388       0.56357560268654483       0.64780477201474007       0.64213570300840994     
  0.72269468051907249       0.20465819953107239       0.38176062834533220       0.29539510415399234       0.38172222558355878       0.99657179459024947       0.37151666308606635       0.62589480910222639       0.59665982335779710       0.42296266792932946     
  0.55983375283358694       0.55839916230176256       0.69875513247515730       0.72686364601695319       0.63686402621293470       0.66894823437589002       0.66971504246863323       0.70413892199448647       0.71414568466172990       0.56433578595503386     
  0.73320311566764396       0.21603626676996049       0.39734891470021105       0.30861966937773000       0.39708355158316805       0.99679129832640145       0.38040634107992238       0.63946699882866431       0.60920551522302513       0.43527400095903390     
  0.53499001623759024       0.81818308513048088       0.55364243051090289       0.54685457079102240       0.62629636195141614       0.63666989758332659       0.63893663640244847       0.57377244383763060       0.65975965221657495       0.63241986736422195     
  0.74291904368068928       0.22901079769765642       0.41334816697667448       0.32195549064916734       0.41127967155348877       0.99698237350588037       0.38952935823626739       0.64871337492687808       0.62172340424104366       0.44812183076122458     
  0.55784505290259256       0.71760127448513900       0.64949186965822236       0.59225971496705632       0.65078439084613415       0.57215574992361451       0.62530968983243385       0.58083743851086211       0.59295661954873324       0.61165797548492962     
  0.75254731123948071       0.24123597301691760       0.42772327484701911       0.33643351959607692       0.42451185533393848       0.99715686386867886       0.39876700319222286       0.65671569212952507       0.63448513166812470       0.45898133482926401     
  0.72363843814053253       0.68497953260825450       0.61902993990414634       0.74318289116621217       0.67398910052417160       0.55849300965618764       0.65910933508409553       0.53936963523379633       0.65354465924190297       0.59802778555184732     
  0.76155273534368717       0.25459521902111593       0.44087067358393262       0.35117982332739434       0.43791034991736882       0.99732251490017809       0.40760850953975114       0.66573297705450074       0.64672339184495353       0.47014762502007468     
  0.62806114902599819       0.71061213981876103       0.70779617067603440       0.80185464441478704       0.66943286872759633       0.59567547463383774       0.62200157490320662       0.56972602434687003       0.67015813926001011       0.55310750802834185     
  0.76912059296265634       0.26844892951501637       0.45152396474474016       0.36506721685913546       0.45405892606513965       0.99747468426539998       0.41608290108285562       0.67635965380547969       0.65823897314648139       0.48344520290224252     
  0.57903084451949116       0.63207605946074341       0.62765490995464335       0.78212953496512094       0.64178433095877629       0.58373808169170960       0.63195430075594061       0.59685334178229121       0.62888805517686897       0.58705773868279665     
  0.77660792720673177       0.28272953353144836       0.46141749966998796       0.37801810939196834       0.47106118056845642       0.99762655990577576       0.42379330899125572       0.68727912036353755       0.66912249174829908       0.49955658456415353     
  0.55495301061511482       0.73007028144426434       0.52717428892764806       0.57127216062979491       0.61497731249563259       0.61315707015476006       0.58634662648977576       0.68515196515165155       0.54998371506602339       0.54979116568651221     
  0.78498085848019183       0.29765674659526120       0.47319246445661239       0.39067896037278049       0.48818629133108710       0.99777232902833601       0.43080440769243067       0.69817642351449072       0.67967520305286755       0.51909941022869355     
  0.57927702210232279       0.58633330141057949       0.61263963995554682       0.77458067314157819       0.60288432862965835       0.54070652094399863       0.67829988819173326       0.63709483908408338       0.62973941259876742       0.67358856230530073     
  0.79369605470312299       0.31333011586469212       0.48837486656369800       0.40115628410403686       0.50516769233310344       0.99791027987934344       0.43773748301713655       0.70879648567513598       0.68924958483176157       0.53599832103053169     
  0.68547524977041485       0.59606829889402790       0.57808206154146335       0.60078660907687131       0.63109919952280857       0.58166151071172001       0.58293769906909187       0.71156699216815777       0.59979155370090198       0.75631908801008874     
  0.80236219178607193       0.32673452314003681       0.50501649663245640       0.41202512725690260       0.52349177666657598       0.99803936908930069       0.44499997252168955       0.71962861077166651       0.69845979070688691       0.55084366457921496     
  0.60606185699818116       0.65877809573618584       0.65849110945456713       0.57849293313788441       0.61322677049525454       0.64438370821638558       0.57773399109371448       0.62558514624469608       0.60256472955361784       0.64575471208436341     
  0.81094191747530631       0.33961953552485385       0.52089004619627499       0.42558963284377099       0.54280728534245459       0.99815540163017424       0.45357571526620538       0.73162066841972817       0.70744820433081446       0.56721112629379133     
  0.62412111065433407       0.66227893909673352       0.60369524220164439       0.68228696186695237       0.76130078976252558       0.71296240813444511       0.62823298915638193       0.64433465779785837       0.64327544297911010       0.69339524439879696     
  0.81926031462824345       0.35239057423209630       0.53679717018594397       0.43891043991668049       0.56206058261002168       0.99825962763548659       0.46232822382182026       0.74379119367797686       0.71853692955349779       0.58346950492833705     
  0.75799134950862801       0.54575093410748055       0.55423960635034131       0.68708693832405643       0.70363988883824002       0.64199580429133418       0.70944569345700859       0.66703277101842728       0.59376202598827676       0.65141923812356384     
  0.82713746512642994       0.36596319549295647       0.55356003477168991       0.45149103105622013       0.58047577493010061       0.99835319037526105       0.47094815223943726       0.75645222700022452       0.73169916489044662       0.59829012880360344     
  0.61106301119225725       0.62081135824199229       0.60977424938943237       0.65059607158834953       0.60473264166201468       0.55059412383023809       0.68117412984315506       0.70649576841628037       0.72123979980263697       0.62071498718618856     
  0.83434561749259828       0.38047121853641158       0.57145109986356735       0.46383814867258893       0.59824790457356958       0.99844715228787950       0.47816590828943678       0.76943156819651970       0.74543225797892732       0.61212937100190257     
  0.64951463890167105       0.55735175690568783       0.63471403907556323       0.63884344759973322       0.54537069212548828       0.66331203071043454       0.66404191314597372       0.76885642412838284       0.57141302670079208       0.57036426465457823     
  0.84159726103257992       0.39619367480907630       0.59107476299289274       0.47649478166137738       0.61657076624538021       0.99853902188427246       0.48580756016028070       0.78224005821736586       0.75821877788416958       0.62601435526623406     
  0.63686086941248288       0.71758047006700465       0.85836048503612350       0.58262089481121337       0.56434683342576697       0.63449409437073445       0.55552527857373357       0.82959038061426449       0.69048889574157746       0.63281575598701245     
  0.84927012105448862       0.41275021330209755       0.61458304506549755       0.49031228597881549       0.63364109720939288       0.99862967118810075       0.49424393767459418       0.79381712957147388       0.77041518265838194       0.64102966050886800     
  0.65794199726272973       0.58726742487565542       0.72369797755451060       0.68391151686335683       0.63296238683965622       0.74532437654888717       0.58777187387966812       0.79648808508102775       0.76923303029182744       0.65722222718025203     
  0.85610600700221828       0.42825656094762882       0.63808071459347571       0.50408842463863512       0.64914201753093292       0.99871818943574009       0.50349895873448680       0.80471198625060347       0.78254524425300409       0.65659728861766031     
  0.61287600013420163       0.58783755649701852       0.72267167551590139       0.60504975826890495       0.69037047430015697       0.62841508863397522       0.69373565988665520       0.59726224453500576       0.81666529936247234       0.67774832096397697     
  0.86186144669891773       0.44516187130479612       0.65782778152925225       0.51831516475278483       0.66462512349499780       0.99880318019513248       0.51381863944184869       0.81484133061741104       0.79497658668475379       0.67150719838711359     
  0.58430510354827103       0.53906682985563226       0.69455905819904884       0.69344639130655483       0.66730005188027708       0.70561292338566883       0.64047562213843567       0.70647632055517229       0.55026847338216534       0.66138010785675083     
  0.86773462959775260       0.46390839599925088       0.67183592952223581       0.53369981677305889       0.68010313460530381       0.99888346467897171       0.52435857791209672       0.82455626011065486       0.80774201002891033       0.68575559809575271     
  0.64846212812057469       0.62005276275072252       0.59801287721471430       0.58132105438901638       0.64251589288682109       0.61088733890110258       0.77999207768739454       0.62393967115866111       0.70620456314389191       0.67710301394783523     
  0.87401623945070039       0.48462454857147402       0.68764460244515557       0.54985859850053243       0.69687547337147726       0.99895721942021865       0.53509457561259222       0.83430757070187445       0.82054522374198113       0.70112432337347930     
  0.63591225441150223       0.60614471727638630       0.69472151041692598       0.67107945292919613       0.83003769052270227       0.76637519959064671       0.65552610067598605       0.62941068183540116       0.65762391110535034       0.62561819768887517     
  0.88034561479195772       0.50689931191794624       0.70600840853975133       0.56707161228471825       0.71547056875453607       0.99902805831334518       0.54654214245310195       0.84391186800998252       0.83174251105578556       0.71687149083440593     
  0.75121651551193325       0.55616258155371967       0.68738814378669399       0.60090118302999729       0.71878221850537383       0.67956544149461873       0.75735534260586579       0.71309970005773970       0.63973863639167872       0.73885700078443772     
  0.88660964303846024       0.52853332340514969       0.72355290432212904       0.58523421866036252       0.73449960452762819       0.99909687534924507       0.55653262980229667       0.85332007082181061       0.84197260520464312       0.72915968146908783     
  0.65774018106869603       0.66227231047137691       0.68075210889104765       0.72423460640171666       0.87208473993375801       0.76255624417155843       0.73759960248516254       0.62357200490061715       0.64493552702669144       0.61571039460178334     
  0.89353964967929611       0.54991233466376810       0.74218632028536102       0.60394596341455398       0.75183278882363225       0.99916208567472486       0.56614009042801094       0.86201230065097323       0.85231950402823153       0.73974074822140434     
  0.79059758098055966       0.52405863674549868       0.85808813749793789       0.69230036372046022       0.65683843183478485       0.64566215326559029       0.65105110073596273       0.60735907293957980       0.67062988427919112       0.57808206154146335     
  0.90136864613312717       0.57256532920985359       0.76156548090227005       0.62349936608799195       0.76756773142715995       0.99922642720541099       0.57715721681254417       0.87004552536533397       0.86150124191527688       0.75258376161544205     
  0.68314438953764667       0.60130935861772095       0.79323502537134116       0.71876066282648443       0.71967975523594374       0.69133237506665735       0.61734417298802191       0.62508404602880874       0.65278484841253070       0.62727646598783304     
  0.90863189701686775       0.59649571467396234       0.78091639731750651       0.64428275045769767       0.78451940655517693       0.99928899816286021       0.58913259145647778       0.87764240178097364       0.87190941151777601       0.76931807618170900     
  0.73536588074962539       0.72550279798625728       0.75372327716144016       0.82944166942850939       0.62021700653190615       0.67742741715535815       0.63429624339479229       0.73389410468150795       0.66034838831212950       0.61620351614990487     
  0.91531684983384709       0.62150590928860938       0.80002071567614652       0.66606303082214502       0.80230458283270245       0.99934396969958983       0.60165969506785477       0.88504880903163219       0.88231347391908388       0.78497367338907409     
  0.78829527569062163       0.62449624992439245       0.73283355350243529       0.68978289762476319       0.65463895776468972       0.85541125102698889       0.70134011856240353       0.61594312373305027       0.62144594357625160       0.62386066113314564     
  0.92183946661721328       0.65008995053791152       0.81896308013464203       0.68917638428299510       0.81900972146755446       0.99939746509371186       0.61474552350447764       0.89298854046465792       0.89244384350174100       0.80226527251288060     
  0.75586673123448322       0.62911217709254219       0.68328307069002181       0.76456121650455589       0.75057619091646877       0.66310643735589969       0.68104224483182563       0.64693070459717716       0.55258920348887075       0.58310389175856592     
  0.92834871286770659       0.67818691859056468       0.83789782698907578       0.71367430733275550       0.83668231136777138       0.99945148185909938       0.62878229854506151       0.90079350878647135       0.90268723959816854       0.82136864359876627     
  0.94708117920704771       0.53397035802429849       0.63849582437776464       0.62948524126376759       0.78430716692293057       0.83736242597392341       0.88001207525071079       0.59263242404356065       0.56397065683407777       0.59553573144857197     
  0.93447120050101662       0.70828171695139375       0.85704258691386093       0.73899508494254962       0.85574064557591700       0.99950488006998028       0.64373896965602184       0.90829550393351854       0.91304686358190434       0.83774964091977144     
  0.87828510060081122       0.69270152871970003       0.65497123661928114       0.70229646886337538       0.68726169360880773       0.80191862372406864       0.71613714523036365       0.57576984278434995       0.67084320276490450       0.81138169436857821     
  0.94142708705522282       0.73872752318741175       0.87621180540171117       0.76233828022835370       0.87318429331278880       0.99955789916482229       0.65913685413858347       0.91623135280657086       0.92342281708039697       0.85245045249844698     
  0.84364361744552485       0.57035466135920609       0.61187720689702063       0.63261762767886676       0.62507436972578134       0.73994250364225855       0.57599383767217138       0.75190221185600958       0.75830917453687874       0.60784796465111612     
  0.94817431404932540       0.76888858647506497       0.89424046715287131       0.78333098097538523       0.88912084032385130       0.99960997137911933       0.67428606629244769       0.92558560976465520       0.93383772303440715       0.86890216062551717     
  0.86486347641223238       0.70163659985060978       0.79044672010612327       0.65119478868445746       0.73194586985811416       0.88430314656491127       0.61439734690164238       0.75675707476574150       0.90462775920564809       0.66451193667683373     
  0.95464537611497680       0.79944593390798557       0.90990391288037298       0.80506507308589392       0.90283914015962741       0.99965822267824178       0.68926423894879763       0.93618065021916408       0.94426447209394704       0.88639748802762797     
  0.81585836727237360       0.57221788366761273       0.74744982157622897       0.64906499638408177       0.56708235813552910       0.76388699204103561       0.56272108142152633       0.86436785090417445       0.66986531556742668       0.65978890412977231     
  0.96141338888443417       0.82947523182704208       0.92391168168375115       0.83042646521284613       0.91660828670723404       0.99970616126025202       0.70439628183907743       0.94673484275354114       0.95477080978889894       0.90457621628053275     
   1.0443770470187981       0.65300322911819864       0.60267322815788027       0.66853305666393048       0.53383533699790475       0.88166097385572861       0.62546568014089587       0.75981707420313183       0.73820082265357290       0.70004409736560957     
  0.96867200153643329       0.86071469180876115       0.93748726546046157       0.85855115341766763       0.93150624148023065       0.99975487011712660       0.72263847916451895       0.95711292532108561       0.96537200145140833       0.92407159932029737     
  0.81091608951513650       0.59860927328619284       0.62021700653190615       0.64459600451882182       0.64302419695275848       0.94649272571473453       0.57876075545638983       0.59308096429293600       0.68869425307336762       0.72164002204706068     
  0.97582969290937949       0.89368560866724311       0.95154539646956726       0.89021892288792848       0.94822725853842760       0.99980854573125144       0.74596837301437802       0.96815615367287700       0.97452168438732900       0.94475872803501504     
  0.73331964421285856       0.59168997469081119       0.52779408155454266       0.67349512623490659       0.71774364884333008        1.0324023668001838       0.68235281492560151       0.62331827860827893       0.70533266438895859       0.72271735472035548     
  0.98330610744438285       0.92757222133053030       0.96612248350329000       0.92392760867801849       0.96447302467527207       0.99986760453533452       0.77683614838584136       0.97890141000568798       0.98359740785722416       0.96493574708519791     
  0.72108698846853370       0.64572285439166155       0.74928818973778943       0.68132510865243512       0.59501773589023454       0.91448016824399569       0.65327238678358790       0.68981590676947391       0.72482486201297613       0.63621714619633885     
  0.99136666794720707       0.96388754343093042       0.98154784551746532       0.96216788029602296       0.98292497958306746       0.99993085937009285       0.85785794272146676       0.98926887904889882       0.99190557431675286       0.98135782241141456     
   1.0159652301074225       0.65307295252567399       0.63926807600297242       0.58408174272237035       0.79744387594275745        1.0272908410080881       0.68211869296833461       0.63994981773599235       0.63788183510690699       0.64927072716902723     
   1.0000000000000000        1.0000000000000000        1.0000000000000000        1.0000000000000000        1.0000000000000000        1.0000000000000000        1.0000000000000000        1.0000000000000000        1.0000000000000000        1.0000000000000000     
  0.54175619680164500       0.70643643353916596       0.67925798169961094       0.72252094607968864       0.70150253819547304       0.65062983883399983       0.51563868412522162       0.73997437805940747       0.64175504577750697       0.69935399863184122     
   9.4734993323699435        5.8300698288807276        8.6783048668458207        6.5370948151369888        7.5937407735107341        5.6151223000747859        7.9883808923585491        9.2003400602060683        8.7573438393715808        10.679378492971212     
   6.4684375961044269        10.872967186024164        6.1836916110205156        7.1945935042772069        10.047810827217729        5.0629416957996778        10.958313999681689        6.5709789140004231        9.2454266274048713        7.4234104244091856     
   7.9086656754887814        6.9784243939374981        10.872126185706600        6.8408709931600127        5.5176566461184935        4.9989845480006307        8.2283392384958862        6.5541911208739787        10.470141956200054        7.9756378145060136     
   4.0151080798558869        8.5995012686218537        7.9199028772109550        6.8641405589014415        7.8923331146530176        5.1143404495974405        10.358041231564510        12.033649120919204        8.3042556396193099        9.1478202807150577     
   8.8347112094448228        7.5676008926593923        6.1588550972634257        7.8061714964344269        6.6923837337819272        5.0179295809660847        7.2916001937336015        8.5072953382052532        7.4988409476249442        6.1322873095229529     
   8.7502572055071273        6.5042334266927018        8.1449596055048499        8.6745511570979446        8.7717190813817982        5.3503828453011399        4.0026335573781413        7.4028402171153838        7.6139732441268499        8.6266179508545040     
   8.3680588315803899        9.1372144581686765        7.8736181397266130        12.889589177343380        7.7037756828312682        5.4344985481369541        7.3593865896788664        4.5602152418962456        7.2028895787917415        7.8587562779140292     
   12.026916358906668        6.3237863860341426        8.2783539738589091        9.3452556820989940        6.6681892438115868        9.3299030002706171        7.5600342219064229        8.9366250422874902        7.7951672526184836        6.0631320577375982     
   3.9126026478782295E-004
           1           1           1           1           1           1           1           1           1           1
   1.1518917322138715E-003   1.0704426899512457E-003   9.8669664785008323E-006   7.8526854470279153        1.6808921511721591E-005   5.3883658904592950E-008
   1.8275034538705324E-005   1.7686328479903467E-005   2.5201055515706861E-006  0.28563774793552499        2.5181082933108145E-006   8.2009141114547186E-009
   5.0000000000000001E-003   7.9305821081943524     
