   0.0000000000000000        0.0000000000000000        0.0000000000000000        0.0000000000000000        0.0000000000000000        0.0000000000000000        0.0000000000000000        0.0000000000000000        0.0000000000000000        0.0000000000000000        0.0000000000000000        0.0000000000000000        0.0000000000000000     
  0.11845969703512793       0.11574804736542064        7.8482974106329501E-003   1.6115252692871184E-002   1.2291739539881153E-002   1.4660465539889653E-002   8.4873246144822195E-003   1.5674194426976602E-002  0.44676199327920918       0.12951592915427712        6.4915794284417433E-002   3.1840833677437522E-002   1.3014678404032318E-002
  0.34385815852118784       0.35738156635931378       0.42547003336345168       0.42219049831342970       0.39826544120108426       0.40037078905967283       0.46252063209235472       0.44364986085529412       0.34195844953901594       0.34195844953901594       0.49082963905566807       0.40042605673719084       0.45283909590125876     
  0.20085388990061254       0.19481350457870739        1.5718583288500097E-002   3.2720513102157109E-002   2.4568181436450478E-002   2.9283613060151911E-002   1.7207281011142342E-002   3.0762942673128991E-002  0.73069075532132277       0.20406651035929482       0.11655851672139070        6.2470028901801887E-002   2.5829522786011923E-002
  0.40055056505889691       0.40568652619701262       0.45825482525590694       0.44220592812494891       0.49087339357122917       0.43108959727317686       0.52290952801747093       0.44368464203723651       0.66451055743834042       0.38018047388210258       0.38046747760020316       0.57562743955628670       0.42328594933464841     
  0.24765710338949706       0.24143450493597049        2.4196886618158671E-002   4.8412699153240604E-002   3.6658936939610365E-002   4.5040589795479917E-002   2.6008718672262832E-002   4.6139655507126204E-002  0.75917773379334097       0.24024229864729557       0.15146200353433731        8.4009173661145159E-002   4.0027720267015829E-002
  0.39722803502978837       0.36283649331812157       0.47021952973335046       0.43978938580058913       0.45456662089459415       0.43461379676401773       0.44322913549600967       0.41202952644413610       0.43076569260456266       0.41772251390902893       0.47057973134796433       0.44618802169502841       0.45210539329910937     
  0.28206375025754693       0.27767717542165837        3.2760190043202769E-002   6.3595143436031620E-002   4.8841344078679717E-002   5.9789213973970509E-002   3.5141533820288118E-002   6.1350136586340920E-002  0.78138858289990187       0.26342709371490258       0.17870485447007153       0.10434795337568084        5.3817484119420035E-002
  0.48690189042622167       0.37568918708236493       0.52602280813592694       0.38282201972505364       0.49049272143132433       0.38914720019897392       0.45298555164099102       0.39166606465379655       0.40347405975176193       0.45104422391939897       0.45330465097858286       0.47969479373200452       0.43295867848439584     
  0.31006926072716784       0.30825482323268460        4.1685339032711370E-002   8.1078767055439871E-002   6.0988814119143794E-002   7.2813996247723098E-002   4.3812126906789838E-002   7.6282027173050895E-002  0.79999097113389228       0.28219875222542179       0.19892375305708845       0.12026210924826979        6.9002289366246514E-002
  0.42941259804603737       0.39813709094219646       0.37933222647206444       0.42586135956535104       0.49227209743126404       0.37299201627487411       0.45987436514755536       0.43857018108758145       0.44429070513668328       0.41893346970392614       0.41132476526885881       0.40928495061408005       0.39220535862189709     
  0.33222395496251916       0.33283049936646780        5.0803376706937312E-002   9.8260798293765800E-002   7.3311150796347105E-002   8.6001681688630177E-002   5.2448300762209618E-002   9.1446009222148433E-002  0.81342463601028037       0.29797546828334914       0.21746936833179573       0.13705516148868988        8.4151204439149890E-002
  0.43062861079235754       0.41466830013187500       0.39646416370694582       0.43804163360443038       0.48411233003789478       0.40693678302330549       0.43949216398215890       0.38831655754449668       0.39344754185531733       0.37637344112458476       0.44165418226971037       0.47330019905570375       0.46041175096518816     
  0.35264656069121847       0.35561520392899237        6.0342667924375128E-002  0.11569815863690072        8.4638034922707023E-002   9.9506487521986139E-002   6.0588652071582302E-002  0.10480691514775559       0.82600420345491521       0.31280431391509050       0.23352071360810409       0.15671345343816717       0.10003228421655762     
  0.43374158176204064       0.38396352895578884       0.43687234564146959       0.52920095478858953       0.40751133329958994       0.45309493856970612       0.43093303095986352       0.46413983996687730       0.43310452084298146       0.37873653981074473       0.40911048520696791       0.45301220159302086       0.45537842178827553     
  0.36995498950558736       0.37643017561606679        6.9963098766504264E-002  0.13353628277380677        9.5433166841376732E-002  0.11332737973391765        6.8319465827687872E-002  0.11781266316986955       0.83596212576715967       0.32578212457648292       0.24834346726351059       0.17596979251086267       0.11665572216584574     
  0.41586084961790637       0.37548660045454274       0.42464002504374543       0.44213851789573200       0.41750613188754865       0.47945329283694976       0.41819740139200917       0.37378699388591213       0.37333260597612200       0.41095582867859259       0.42264670320279452       0.49309852167360069       0.43118359977624166     
  0.38682658068823211       0.39720170443114317        7.9656899988672994E-002  0.14973505565600856       0.10622374037235972       0.12708255606483629        7.7345878479537028E-002  0.13288326886821414       0.84552433247078718       0.33866086853540162       0.26125357623612550       0.19484708674266898       0.13360907891532206     
  0.43114657114987631       0.39949150489931656       0.48799581847200452       0.36746304218399062       0.42862777568234806       0.37519494847261359       0.49154234234036975       0.42857288587710196       0.40479698797874031       0.37779055739723383       0.42762360040571545       0.46588031021839177       0.50209381045058266     
  0.40264228538238028       0.41509474620553377        8.9255924264985367E-002  0.16541219930069759       0.11713864819047815       0.14109323143661853        8.6686743738249278E-002  0.14839778083912616       0.85356752682272652       0.35054494292806898       0.27393558698302078       0.21377530778316475       0.15084781967310426     
  0.42949316622263012       0.43601835939496658       0.40488515038213124       0.44520145563982583       0.42724952027337154       0.38680638660926780       0.44013489878754686       0.40113944333508933       0.41898886108926259       0.44549041316214333       0.44012988422577132       0.40455739680128522       0.45321742340588872     
  0.41816240257142551       0.43264012259670787        9.9208240200896469E-002  0.18096960692485917       0.12831596433300249       0.15682924530204972        9.6960798310342253E-002  0.16369930983688333       0.86080112922021745       0.36231291727171711       0.28585922506766909       0.23073696657465645       0.16773239384516625     
  0.40335382270111453       0.45405320031168572       0.39797766679572844       0.39569789333211686       0.40711697455444479       0.45447985009762504       0.48373389890332114       0.41519386191593588       0.39114727009109734       0.45655489480339551       0.48275563024917517       0.41816721022684233       0.39649809350537063     
  0.43204919579614115       0.44854098210877441       0.10976247623592365       0.19652625982893140       0.13971542756237548       0.17197482635339417       0.10742515692463143       0.17862636354067105       0.86688828905962045       0.37325927623220972       0.29766260698932318       0.24773315446468699       0.18389006849940989     
  0.42490129486021333       0.38167671386574442       0.43210161607251246       0.36539753426258276       0.45077867825224410       0.38341476560481780       0.45384889267910755       0.42429569485207386       0.43819366790426939       0.45881318854274966       0.39407895520675001       0.42620776991297060       0.42423226775576406     
  0.44592338568083351       0.46337931945250099       0.12073691799543337       0.20998226679965795       0.15082986961656600       0.18770032237635398       0.11829789019652653       0.19458565000854411       0.87255229986207872       0.38400710121641718       0.30927489839754307       0.26395399382426527       0.20014214392601676     
  0.41508725448247907       0.37391036954671314       0.42251120596226655       0.41362456130303821       0.42831756832790385       0.44183510967442025       0.44237982162681821       0.45635738562914485       0.37891248940865202       0.44064955995238925       0.41204512715922936       0.43932857022626981       0.46004283981224636     
  0.45797727248928644       0.47703913644287432       0.13324000569434019       0.22275498145588027       0.16154574988824646       0.20313338065987915       0.12944246920701177       0.21027458481670039       0.87762237131945053       0.39443047883014576       0.32098461132011763       0.28018890665718621       0.21661208901672815     
  0.41443595188129595       0.44596285204438713       0.55009879344680068       0.45647341574524752       0.36993896859371850       0.40073557420542888       0.46197766252912459       0.43167190589849663       0.40252365374496618       0.47051327511399665       0.39988435310341131       0.41897665798104161       0.41221499764320552     
  0.47003891889635180       0.49044889446883427       0.14599241428057511       0.23632403917331871       0.17240112627593623       0.21842739095238481       0.14100367448954865       0.22577792320858595       0.88255895547063878       0.40480720281984062       0.33255085652047162       0.29665467468397688       0.23360531083024086     
  0.43825674914822382       0.47698975690684881       0.41695281705814063       0.39452984608022429       0.42683924224491127       0.42189442185827986       0.44242486257210750       0.40650637498125597       0.38863406931378119       0.46393031599618834       0.38193739523713727       0.43635008055773200       0.43718891943523031     
  0.48197451164340593       0.50354150557140664       0.15822328999887778       0.24957566660508723       0.18330245196007522       0.23392371542708876       0.15256887996540591       0.24074569250288846       0.88695099613551365       0.41433158611234849       0.34397585812928594       0.31253415444635224       0.25084803396161504     
  0.40563885900606078       0.42120811755285031       0.43888470883449965       0.40819099833747374       0.42668973731171950       0.40110597783244317       0.60364794528207988       0.44395797728795106       0.39015223464485871       0.37162016065311160       0.44169000013249787       0.41629538292073187       0.40917477142013753     
  0.49400331757257993       0.51640335821045102       0.17074587815150910       0.26523884454205637       0.19491635974286539       0.24913202432027440       0.16414353827972478       0.25740873276823223       0.89134627810968126       0.42340637477200688       0.35524716127929185       0.32741315510278723       0.26769732229586318     
  0.43290286882093898       0.45800321584284936       0.44259169207523641       0.36373368408691686       0.41340255991365960       0.48506651166287817       0.40267732126100131       0.43886271493443674       0.44300005378970603       0.46361499860989197       0.45114609977145559       0.37626119831730881       0.42478902094710463     
  0.50535594346243062       0.52862915448536563       0.18290066495512183       0.28088640970584766       0.20715399817037980       0.26457712495359043       0.17585101058697636       0.27393992427762703       0.89574700383899430       0.43193141738608504       0.36661988201066870       0.34233252339796338       0.28426297235828224     
  0.43841214978361615       0.43419909986615907       0.45457522628843472       0.46599307087092995       0.47537828693648781       0.36028591425277462       0.42553048849353864       0.41579855674980015       0.39723908181762974       0.43831999618987899       0.42101705156449237       0.41019040631822939       0.41282435751549840     
  0.51604920486584693       0.54077422895302873       0.19455709181678246       0.29732186712722758       0.21970492555713536       0.28049891269255522       0.18796509337345432       0.28964961576728060       0.89987408835888760       0.44003600320106290       0.37824213470657853       0.35729443495721092       0.30141549602553480     
  0.38272483598002927       0.53488793737753770       0.44182358496444940       0.51985999544458017       0.43197415132287803       0.44734210349359405       0.39983991598030727       0.41102954877166581       0.45788031985691852       0.43187045956296521       0.44399548112545373       0.43191851644853496       0.39056908629227799     
  0.52594472560609440       0.55326408055876830       0.20677807195373130       0.31398644596537872       0.23243583396230080       0.29647815437421876       0.20056438011956909       0.30533588481484653       0.90351149281630383       0.44781536709721287       0.39006968631748928       0.37241510755247348       0.31919083733797199     
  0.44625637121763212       0.47364431625753611       0.41575537952489328       0.41030454666654537       0.43512684012442954       0.40358889918397900       0.38253749876605081       0.38740775105354724       0.45081379929830584       0.43520589807211429       0.41603622329534334       0.42116675722932206       0.39628199999541641     
  0.53572424107364447       0.56599723966872362       0.21922086710020852       0.33036275484614336       0.24495462038299862       0.31195059176102802       0.21333590435989691       0.32212785405497174       0.90698948743905861       0.45549792087427593       0.40208053486827333       0.38812340176896176       0.33577319240252057     
  0.40614917600027728       0.54751271577421645       0.37640756032987688       0.40980538353462559       0.41993551338310986       0.46713081663340744       0.40361296092605553       0.43944035887808508       0.42197179005133012       0.43600182488406219       0.45100505852652895       0.42673377961697895       0.39964688151791855     
  0.54556534787240629       0.57718928333080299       0.23150033839397793       0.34667708450907070       0.25752764042593612       0.32753532658325796       0.22634259666789827       0.33955700124874649       0.91018693199731338       0.46301458521461830       0.41416075236977568       0.40357034173083434       0.35138938588328206     
  0.41799831465198872       0.44237943172863459       0.37723062319905265       0.43157074108513716       0.42997783422266522       0.45468290338624839       0.39782918822725272       0.46472233823866599       0.42401444997245430       0.40861327984172940       0.44313276223290782       0.54878690666518637       0.45434269969611663     
  0.55578219209379853       0.58787858803832493       0.24398222161354707       0.36324436375448027       0.26925202173175572       0.34321497109241855       0.23961189060480320       0.35558701582955859       0.91317914250980126       0.47030707619225870       0.42646426824769074       0.41874268179631452       0.36695856739178806     
  0.44959142098647625       0.45949592219637653       0.43156613060728866       0.45006634820784952       0.47203240583560546       0.43165456082143461       0.42178739941342774       0.44815610802420702       0.42108072614542791       0.49153811788677293       0.43042240496791706       0.41225729830542407       0.43365886355251204     
  0.56606928479900853       0.59797699348415301       0.25770355352555563       0.37982641561825248       0.28065222611673168       0.35904843005057485       0.25317858321615044       0.37166871260284501       0.91590174935501889       0.47734568257568744       0.43908981899988792       0.43393651885685969       0.38212850993381459     
  0.46801199698084023       0.43738160899462813       0.38774995377035953       0.41758019758304815       0.43543933098193593       0.47045064009700888       0.39634617004409867       0.41849530700374521       0.37463182691781199       0.40066119326768684       0.39734430315427544       0.39645269958972695       0.42834494499234588     
  0.57625342110091093       0.60802925504160310       0.27262885681831184       0.39626424981066766       0.29308904296413513       0.37481278730337475       0.26739753854227299       0.38804931154163019       0.91857433104096720       0.48415958487544930       0.45145517403804947       0.44753854401015775       0.39734261792846493     
  0.46435741440056977       0.44767679436814151       0.48114066901461494       0.41959183185662741       0.40467342008135410       0.42874199073904173       0.42457209582878758       0.41769688156929752       0.41395821058092125       0.45983896944777469       0.42433635981260959       0.40215962092246738       0.37891146325432379     
  0.58615776523158902       0.61737738416368437       0.28615213359167879       0.41273750412871668       0.30588776113421479       0.39133878276923068       0.28209837478645072       0.40456697367859357       0.92125379534507057       0.49119234676757545       0.46365308920430687       0.46137521357274502       0.41270691008620514     
  0.43123486506983832       0.44741950504416239       0.38684418487556915       0.45901052882057825       0.50891797958765261       0.47426471039825430       0.42870942859486910       0.45630425374542016       0.40804460903262363       0.46144139877584384       0.41267245645857303       0.50232131718036654       0.38043953862930746     
  0.59584683285748752       0.62646585848168146       0.29877359112832313       0.42893335126239601       0.31960041559026064       0.40766890245127618       0.29713250609344594       0.42048209729760755       0.92385798641590522       0.49838743455065176       0.47591840928767715       0.47541155810644675       0.42850079567435234     
  0.40037492171255384       0.40757619071521933       0.47289968132366805       0.42203277897588015       0.46815841194716723       0.42618793241727115       0.38029155352774968       0.44465968560230829       0.38433397758171217       0.47142103784865724       0.43690413827286184       0.35740590065413030       0.36607077076601263     
  0.60551593579259377       0.63538197695115473       0.31398619459321941       0.44500235958932272       0.33364244897627160       0.42374210931338785       0.31237762537928282       0.43645932379786673       0.92636399482023890       0.50525467909877453       0.48799499258867918       0.48957437792062752       0.44359538618223981     
  0.40209022030519304       0.41335286452494663       0.40770862851633444       0.46353798827780668       0.45667610604134878       0.40319290283780418       0.41359481108054535       0.44394453282024249       0.40026344659227436       0.36387932330072958       0.42487872361968476       0.43179504654376527       0.40450982306225647     
  0.61528087690287181       0.64436069411906793       0.32956293524452124       0.46069559362509099       0.34778963462961104       0.44036034516788791       0.32772742924604814       0.45215188855164284       0.92886064693220582       0.51178269964994794       0.50011317209839456       0.50420137081815664       0.45929602742396020     
  0.44850802659980837       0.42578818227533927       0.40596530490055310       0.38260432155415902       0.41936365373103224       0.45254921505706980       0.39100599477265402       0.45546752938355806       0.42164679071579608       0.44697570547791293       0.43446164616708632       0.47151948478851935       0.45030467340796076     
  0.62503399424516004       0.65281449901902111       0.34525635150806966       0.47622939131477049       0.36222604276961629       0.45700866237968807       0.34362515252698345       0.46813127673026605       0.93134249271853198       0.51830561243126794       0.51220254458779169       0.51873391127643909       0.47613628813742492     
  0.44221315384640220       0.45501961229665744       0.51107805037418641       0.38998396770650234       0.44242962157879084       0.46245241994183972       0.42268415251730307       0.40350535551799566       0.37137826098917132       0.45571395659836722       0.46520353475203285       0.45521623932504734       0.39958200548706196     
  0.63442669766909165       0.66122312262966698       0.36078873853193261       0.49251879262192244       0.37571475886893441       0.47433830517166586       0.36060883350554646       0.48450913388568889       0.93375630580903091       0.52484304016828065       0.52407803217152837       0.53212425663297469       0.49314169290009774     
  0.42087808008578498       0.40970437972074314       0.42040985834354816       0.45900537641365813       0.42710455099047762       0.41110503496038148       0.37951380169959242       0.44001820633137184       0.45341116442941470       0.46387432676076662       0.50195131773221668       0.47835929850627013       0.43005357799112298     
  0.64375183994691687       0.66947568877540309       0.37653995615648217       0.50916496166745218       0.38871149908880254       0.49186471380524643       0.37813293665617886       0.50049617826325465       0.93602032909617527       0.53154071018156701       0.53651844135253768       0.54538595201742146       0.51042104458481619     
  0.44405129681836858       0.35705696798319320       0.41603544563088912       0.48661654332103288       0.43157387460950630       0.45211233006785972       0.46994543035541481       0.34767510918086691       0.42573725241038041       0.39631290584713341       0.39250952979759884       0.42872822872219529       0.43369429039999730     
  0.65270667668044291       0.67776465764656979       0.39249274203686735       0.52561511708310937       0.40161689328272937       0.50879681662565579       0.39560339077708179       0.51515919197125692       0.93828864329587847       0.53853181388108540       0.55080356154710286       0.55902867419785851       0.52736890817224180     
  0.47019975410098624       0.37074805988370074       0.39775036354294624       0.43255460290888592       0.41406592391728692       0.46519622983296510       0.41156060347216061       0.43882799897950309       0.39856057597509076       0.48015777676785826       0.47028271131035393       0.46493105212362884       0.44349516115930315     
  0.66152258167142464       0.68608493511678004       0.40814630292962173       0.54207729819936701       0.41451196099691767       0.52607121829282300       0.41328173912633159       0.53023084280528243       0.94051281031216827       0.54539139204546727       0.56514421759569866       0.57275670027363912       0.54308722478027616     
  0.43693408510362042       0.43162229792860662       0.42006496879360755       0.47108725819667779       0.42478480906125621       0.44822493921367218       0.40497005605023201       0.40898699546173073       0.41632651834185957       0.46746030630506968       0.38250069957322114       0.47055943279689083       0.40632297784660881     
  0.67046708654087783       0.69438657395444026       0.42337462792524211       0.55806560073581735       0.42883101988664407       0.54401638231936322       0.43144629473992557       0.54539422203459087       0.94269164675327533       0.55219840805812948       0.57911936900260974       0.58702988292875635       0.55906711078922278     
  0.38403241700467361       0.42885421016720637       0.45087769760013513       0.46186406139123237       0.40254590135865431       0.47675569146128560       0.46527734622049916       0.38283224429870555       0.47504881758479056       0.38038004359330346       0.39251484097597156       0.46531223542377687       0.42424409967857185     
  0.67940349744024320       0.70265467968940098       0.43951235736935607       0.57314245217651472       0.44335762819840080       0.56241657030793968       0.45013905081525618       0.56105728646063058       0.94474143285303258       0.55896202705476361       0.59315881036624718       0.60146873446865923       0.57509055632487316     
  0.45909734551673620       0.43663708166381721       0.43340919302025943       0.39937695462175038       0.45523724432851698       0.42976652409176597       0.43031294758961647       0.46596905412168821       0.45824254294336736       0.46002418071344364       0.40794788662679238       0.42320954922510401       0.44364368693403478     
  0.68876054224172600       0.71090972717860890       0.45599824292883873       0.58762430993326820       0.45721267090703677       0.58026443862222221       0.46802941123651126       0.57698606469560454       0.94676116057607840       0.56581365957302465       0.60746727608830997       0.61559200622949373       0.59148196090376182     
  0.36899085520476738       0.41358026041650020       0.43942074477177823       0.51963713840476555       0.44637213954716143       0.45608346771313074       0.39302191230116379       0.45070197000116674       0.43047501016407369       0.47299646926161476       0.44156796487383193       0.48573396766563992       0.44766204980775437     
  0.69796600512304430       0.71933563109348309       0.47248101648146945       0.60162747163608554       0.47095783374614503       0.59692825905120073       0.48551560474491695       0.59274461431546632       0.94864734361980274       0.57273243585004430       0.62198878103150745       0.62962608490183158       0.60825376242746121     
  0.41437889405843792       0.42968403799733140       0.36095994067284082       0.39929124662548104       0.35715071228564915       0.44322276425387874       0.42483132388361300       0.40825268981301155       0.42866626506860850       0.42791345061963659       0.42618175472322245       0.43668504900185073       0.40577175124846476     
  0.70713426400471557       0.72798088221472990       0.48920060349848865       0.61547602548324842       0.48438544580804943       0.61243659385901905       0.50364040247505348       0.60867936181738092       0.95056458568123958       0.58009658231371664       0.63619880430173870       0.64289885045764250       0.62476926049751669     
  0.39526428716034778       0.38391354124471283       0.41773003384425861       0.35983776780870042       0.41766093692985196       0.48763770057343597       0.42497348962117426       0.45638792307441961       0.39345258647239129       0.44849845772401187       0.41826026398752425       0.47156180139297776       0.46758912980964018     
  0.71637185152201466       0.73672219027468566       0.50685451894837485       0.62883094902760583       0.49793556891424590       0.62775533102830383       0.52237734775264055       0.62461982915247460       0.95249529640249109       0.58741206584693184       0.65024034088257543       0.65622167806969822       0.64003874867066168     
  0.47473092308930603       0.47572754210812340       0.43159256722178585       0.41890233423951145       0.37681758230238172       0.41440338109826436       0.45278000113824218       0.40807895133809513       0.42741803068887324       0.43530645926723149       0.42664543272270439       0.40017242490653643       0.45397117875046933     
  0.72510441095924205       0.74550841297947801       0.52543605573033525       0.64302843230547957       0.51317520273925143       0.64250325743168524       0.54169643590426508       0.64035695333872122       0.95440495003429471       0.59470073206127150       0.66298886137390878       0.66884034732541209       0.65587210569542109     
  0.43113106671423990       0.47678824715111873       0.45951153536671968       0.36278184388388363       0.44637383101478417       0.45873973610768631       0.35549122525167615       0.47297960827493907       0.41913574432465189       0.42615525775131574       0.38871452050640709       0.44544466958489276       0.39214428399923484     
  0.73367744981094973       0.75423995275492739       0.54435872291841603       0.65801693884825474       0.52947298864432857       0.65729712958086173       0.56101238650411389       0.65671392841281739       0.95617381984645133       0.60202180044176612       0.67622982207881044       0.68160799694207730       0.67305912512202315     
  0.39758398850888305       0.41509284524525947       0.41389650429938030       0.35982340637305227       0.43890131664134435       0.38046747760020316       0.42725859990415188       0.39667672566900042       0.45040166429670575       0.41360133485159439       0.39894957871460868       0.42216595779812083       0.39445118201889051     
  0.74164353170450814       0.76303964673227398       0.56378518032511016       0.67336878682638535       0.54639188170743525       0.67193106247885082       0.58063715625459655       0.67179787361538457       0.95787829061662833       0.60944107925999991       0.69119230783123253       0.69484832648588524       0.69007826361699820     
  0.39656336295614802       0.42046844001702444       0.44582406276749637       0.39489041463220470       0.44284406674019433       0.41278604221654175       0.40764726752136277       0.45633766223593858       0.42024206193809011       0.42446964657115155       0.42113508788490023       0.41124033990991354       0.51928088677621509     
  0.74930861727827647       0.77166378669227220       0.58267292158551198       0.68918773460956584       0.56299892355702330       0.68642197164735730       0.60072040458300724       0.68699938099326763       0.95958527388517478       0.61706583462694653       0.70601822401345082       0.70775779498464464       0.70662428130378185     
  0.48338327167691902       0.40934284869251469       0.40436753865240443       0.40651603878681852       0.38679129987058530       0.42306983362009837       0.43407665138313722       0.40818650332006173       0.41353880392872144       0.40283190938145830       0.43951616293637386       0.41090548680512923       0.41955634031850375     
  0.75745134521094404       0.78023828950026319       0.60134109765846044       0.70422404244517900       0.57906154419608247       0.70105693992386409       0.62119300008435985       0.70304630129687351       0.96131485868162470       0.62491219483713634       0.72011481158593649       0.72289742832073189       0.72281827157755973     
  0.42583597159174974       0.48309386933955051       0.47274809178048843       0.37844864312430027       0.38109778823845353       0.40917508197482289       0.43262125645360616       0.43690231010425096       0.41024141428395861       0.43170481220338608       0.41493761099099991       0.43472222253157800       0.41715488793793448     
  0.76591528960295308       0.78885150438354590       0.62037769543076637       0.71889357817541089       0.59468844761893636       0.71572921874278617       0.64190497734415852       0.71888656945684037       0.96306221393344260       0.63266909080994227       0.73364311312405373       0.73808141836557017       0.73910410553189443     
  0.41202936161481679       0.43825744387057430       0.45484155553164524       0.40518377507305753       0.42368543122685348       0.43178398384263122       0.39050180802524614       0.46232634494494124       0.45764982150035377       0.43448356987538278       0.39391185621163743       0.35870258971743763       0.43977724862411210     
  0.77473131645253468       0.79752624869067312       0.63994827771831009       0.73341567477567327       0.61129373648850094       0.73087882581874297       0.66251203399203773       0.73461776690270908       0.96480874883562395       0.64065650445916844       0.74606435440451835       0.75472911417680133       0.75569444193971735     
  0.40779650284522162       0.40749914921383462       0.42018244631328322       0.37825005743009560       0.45297176650188326       0.40792452405954632       0.37727922227058763       0.37089929894455043       0.40982631854060153       0.40154033490352503       0.38110343560093990       0.39883075277792696       0.43844634819603628     
  0.78340573812379666       0.80624401953020608       0.65718353635214377       0.74762171915754305       0.62889927514440414       0.74663169976952637       0.68299178038495068       0.75054777827477304       0.96653580864860777       0.64878804474555862       0.76075900810536867       0.77182620807389357       0.77220741643995872     
  0.45533981317987532       0.40047940357141598       0.37818015719447123       0.42179504079540242       0.39555687406859485       0.37353744822758267       0.42138197960565582       0.38270388273167616       0.44766853596003292       0.41937863442948564       0.41536953752729755       0.40146881144064378       0.41200058560873948     
  0.79263380086575541       0.81438987848028865       0.67517021721961001       0.76311014031647295       0.64741502991893318       0.76358077883797393       0.70453342906090721       0.76556547608363235       0.96820226411768706       0.65698493512272982       0.77772506747461323       0.78842612343883933       0.78827135477344579     
  0.43994958627950798       0.41692562104333397       0.42325012331348488       0.46347025137438441       0.43320699460296769       0.46984161111569456       0.36913748815481340       0.41744075246378809       0.45978977787524566       0.45805253269506085       0.40542081588623863       0.44989679620123640       0.53604228700456258     
  0.80199521055142442       0.82246178097152167       0.69169190217526766       0.77867300215752444       0.66734868796206737       0.78092636689216599       0.72630522486233973       0.78076145396713581       0.96986689984991870       0.66526422217713455       0.79519051810961838       0.80485730121610821       0.80413028926423391     
  0.40060610246888573       0.44689673988894885       0.37882715222864882       0.44272700885661898       0.44135844493793636       0.47448052529115137       0.42186949699832965       0.43081373445513094       0.40749306502308119       0.36992173387727062       0.35992117041310867       0.42533785106121108       0.41608414781340258     
  0.81075652304025292       0.83147584078202652       0.70922138489941011       0.79426521793897320       0.68748939858962477       0.79771586572076358       0.74798574188120737       0.79644063343086691       0.97146182219748434       0.67395180975578661       0.81321947991687937       0.82049738026994112       0.81996899213286112     
  0.38408609094551066       0.45282071394226908       0.40550496175108230       0.42202931883932177       0.38656471976352053       0.39492449496599819       0.37773862290016003       0.47905713619483453       0.42906625505350771       0.41242224543349654       0.43927584991481045       0.39129186846130964       0.37526861780514315     
  0.81918079765315310       0.84029666465255037       0.72941139694328394       0.80964909454524581       0.70817560486262021       0.81446421555536574       0.76930390394712145       0.81220472761978546       0.97304694663774016       0.68282579543824429       0.82968426180271715       0.83583027568842705       0.83560808104380313     
  0.39359099032287675       0.41411227898548719       0.40206316486038574       0.45791113134744810       0.45550416101736230       0.43845439847156203       0.37293764367418858       0.44451691577652319       0.41112230053564508       0.44768672900116574       0.45670758616435797       0.40644495616420073       0.41123747006230965     
  0.82792571938224424       0.84854216983609154       0.74979952116115400       0.82566380160924846       0.72878456894525845       0.83080656550514476       0.79153192296209252       0.82786360401613956       0.97480852637850490       0.69220266474234604       0.84456413027257804       0.85035995148276644       0.85064938248041544     
  0.40190455391384128       0.46832148816704267       0.37852552960520092       0.45682097253195175       0.41166554160509994       0.50197596990208970       0.43263065048286509       0.43627938821266271       0.48688488507776945       0.42949756715819187       0.40667153242637955       0.44365351864805086       0.41244178034308882     
  0.83685302866076605       0.85702243036239290       0.77127781285947072       0.84148363634326484       0.74936482051954678       0.84700442381213525       0.81389885510970472       0.84309039565859067       0.97658500894770517       0.70241519606650815       0.85967809750240431       0.86499192151446302       0.86545951233245422     
  0.41831843632828475       0.43271302324946975       0.42246721207281263       0.50114639225464108       0.37450440430316573       0.42845980036752679       0.40051481598883409       0.43774287168525294       0.52688398796402314       0.45897388276885304       0.39019538356274630       0.40011476838212706       0.43833478912842683     
  0.84645629110989284       0.86627246332490959       0.79385087813713262       0.85830504584117651       0.77068607964990055       0.86328205697015747       0.83622405862731009       0.85965655458898338       0.97832280359963297       0.71327734648163732       0.87535844881321134       0.87933094598648553       0.88072877909204406     
  0.38484458851169567       0.46922337839806399       0.46952032991352427       0.46783536064214293       0.40720316634457876       0.43123512307315409       0.39537059260035429       0.44272568833876869       0.57900848203501454       0.48000303124139082       0.42408424936524186       0.37944926628918663       0.37323617730022746     
  0.85760860320075194       0.87553440549423567       0.81803137552338312       0.87481534621420542       0.79207400263114303       0.87943098888453064       0.85862867595274617       0.87589498095315677       0.98004941064465889       0.72494994865363505       0.89096276565846610       0.89302835980507067       0.89609905848847982     
  0.41792382754433488       0.40913727377570536       0.46342758663427247       0.38725101947985502       0.40511966614646522       0.43140415262221399       0.38911777560146327       0.39220290770155103       0.46067190748375436       0.47739739000187997       0.42765407161785340       0.36909046421437852       0.47634454434418583     
  0.86884937709251764       0.88463801142503828       0.84158865506764480       0.88957273817602800       0.81461748976028459       0.89602672631962399       0.87936973477722125       0.89361723784920555       0.98187326486985982       0.73752809811421705       0.90523781411908288       0.90694073199169445       0.90959394653839287     
  0.42360311548582924       0.44568683165307971       0.42113661318985951       0.42955735380727167       0.39072648907202656       0.40047400493974300       0.41806420557240720       0.54985823563722536       0.47435860362808008       0.44740957320316010       0.49673410693617320       0.38818445944053193       0.47241393298957013     
  0.88058124829086482       0.89390868448491734       0.86425712414307476       0.90441747971503494       0.83758204394314673       0.91243769558173904       0.89914426941756076       0.91112490730350526       0.98376674109224660       0.75150954621774690       0.91896784259371722       0.92071161848292149       0.92227172029402460     
  0.47644227829639824       0.39254399562534198       0.40887216568466200       0.42622165630849002       0.39511766523969682       0.39283862069153147       0.38886049441171111       0.43070345897429141       0.44069005745053591       0.36736968402816811       0.42052940371286479       0.36749781492230521       0.40971341371014919     
  0.89249450754709081       0.90469296081323747       0.88578725633453692       0.91912115427100660       0.86137567849923924       0.92758021035755123       0.91773694566533692       0.92649742941577906       0.98566308270232450       0.76792374482383585       0.93212516870205442       0.93418922912833013       0.93453505796014558     
  0.47348088249261777       0.45436103110973558       0.38501208089511163       0.48286266492250612       0.45825789836839181       0.44099544627615511       0.40832796014612011       0.37888029328351869       0.50581102722951754       0.44652614709949073       0.48235614613257938       0.38976492315695765       0.43302865172056054     
  0.90540598504727887       0.91570242582886863       0.90671560969440290       0.93396230635803712       0.88547854106999502       0.94287654455111880       0.93606544448355289       0.94186919846420125       0.98761583985335955       0.78930422746798501       0.94553040356087770       0.94776209870494177       0.94648592895631867     
  0.42226166440859769       0.38952542089520237       0.46683371757606368       0.42051411771356173       0.39677081038093365       0.41721688997618334       0.48655027349865104       0.45630638919439803       0.42303254530664031       0.46220804577950964       0.44270014815265074       0.39343300612154547       0.39667497597292567     
  0.92008044305351411       0.93076467469053081       0.92970547393016778       0.95033970977490478       0.91266608591349263       0.95688275975605719       0.95252458304873600       0.95603047760951854       0.98979886954602025       0.81744808776336297       0.95952877869984954       0.96163688614784371       0.95974709145933301     
  0.44299524705686277       0.48917583586675600       0.42519002749334905       0.46448945252603835       0.40260659842297386       0.36563962949730899       0.44525781173991824       0.42116552891874942       0.36546329234049724       0.39565825550209333       0.43851794624399565       0.43485948684933062       0.43712369563820008     
  0.93766684837115233       0.94657087748552526       0.95272358599378604       0.96714832592681632       0.94115795324082763       0.97053203343674532       0.96848278567130941       0.97041890816433285       0.99212181374330799       0.86095087659257585       0.97325960840723780       0.97560930957068337       0.97338943119536647     
  0.49626947249914344       0.46501676643091067       0.38181732627647236       0.46508403065135345       0.40220549700922581       0.41132183050188420       0.47996571565922180       0.37378321154022220       0.40519027113592332       0.43289419004082447       0.45798062123680766       0.41485678774877072       0.40861826819252833     
  0.96424956767422509       0.97126217696775186       0.97633550018101134       0.98350800164773877       0.97020006857682362       0.98523511041189804       0.98431931749368629       0.98506376230042170       0.99569516203351971       0.92435503630071825       0.98664123693833294       0.98783185871756829       0.98659049992005177     
  0.59712572346103887       0.47356495230326701       0.45401387383016706       0.41030827246471285       0.44441211183029977       0.37034423145245493       0.43669967422718847       0.47813723724012713       0.51307237872354461       0.37643807639177423       0.42531756001529591       0.36552251699135363       0.44923081675646032     
   1.0000000000000000        1.0000000000000000        1.0000000000000000        1.0000000000000000        1.0000000000000000        1.0000000000000000        1.0000000000000000        1.0000000000000000        1.0000000000000000        1.0000000000000000        1.0000000000000000        1.0000000000000000        1.0000000000000000     
  0.43064328085762954       0.37673679319678438       0.43229719626299157       0.44861496757561947       0.45399297116290693       0.45352203157582310       0.58750319123395145       0.42618218845243955       0.37081753569739229       0.34525538563375979       0.48938459997970768       0.41316710257659794       0.44676010572670832     
   9.6515425726194390        2.8524729619483291        15.002588276445504        14.606666171505708        21.656688687033096        10.270645708953193        19.001421100814042        18.018600347720788        9.1405005793415661        13.388357646201628        7.3607289638643234        5.0998236473891936        13.826120583751353     
   9.9417015341180068       -174.26581898744786       -36.124985317328402       -18.299870933006428        15.205846659388664        11.874249266707157        18.063221705137313        9.2330770565315525        9.5079396396473097        11.174454828279742        12.245195045712855        14.461487069011197        15.161355275528496     
   13.532802237043171        14.282314599328091        13.361897228589049        16.517199381540909        17.507084319348586        14.681987447307568       -34.447798075012457        14.069214410194984        15.978208841874483        15.455085457654503        14.710259254921185        15.538775994004634        12.749936355230453     
   12.200727849389574        11.763893329897561        10.763105864396156        13.531114264242289       -22.230759531411572        14.025371791013393        9.4384311734571362       -32.606589614025467        14.469175334642413       -7.0652343299450928        12.419188120031974        6.7590567233198096        15.462028753646457     
  -14.142816402593303        11.578958985182643        13.552085318271240        12.199245061199061        13.888462926967247        16.302058218503763        9.6343989863003614        15.499422028962494        6.9639885578646528        8.8538698625448689       -21.088559823784841        12.751085038713949        13.795107633092867     
   12.084567444043779        14.870435441053523        7.8190196576947182        9.2816709413221794        7.9508751890151919        10.125062104148681        8.0625472687342725        12.108131087777791        14.505697482415338        13.106258866255882        14.619898644784449        11.649167253949267       -14.183299012844872     
   8.2995439774004343        10.780282477653945        8.5573489598173520        10.418461634280153        1.2772137237452803       -61.102515140470196        8.2134748122406140        9.5103998303559845        16.931608262265339        16.222405941068558        13.169046197636590       -35.964489223949151        11.567804959472959     
   16.891381203826530        10.911150167360512        14.782611466668138        15.764977903711243        5.9031193070336521        12.401461103893100        8.7817974677906214        10.915082107053754        6.0314960975272518        10.445985441008789        9.6285664246748670        15.211390644521543        9.9343835682991166     
   4.2840428681348528E-006
           1           1           1           1           1           1           1           1           1           1           1           1           1
   8.5588213052881464E-007   4.6679009895366741E-007   4.1697635341571406E-009   6.3236554202695245        4.5516561159263911E-008   1.8179983877474078E-010
   7.4706622970414506E-009   7.0485287334255226E-009   3.7110992346801534E-009  0.46209881526195640        3.7067694770411590E-009   8.0156514027635802E-012
   3.0435433095177940E-002   7.0141455444435739     
