   0.0000000000000000        0.0000000000000000        0.0000000000000000        0.0000000000000000        0.0000000000000000        0.0000000000000000        0.0000000000000000        0.0000000000000000        0.0000000000000000        0.0000000000000000        0.0000000000000000        0.0000000000000000        0.0000000000000000     
  0.21049601099833942        1.5026960155556896E-002   1.5820486732180644E-003   1.5663484326901494E-002   1.5719051255763363E-002   1.1386978177146302E-002   1.6916914790277831E-002   1.6687588285279133E-002  0.36072240980190950        5.3807645057484879E-002   7.4239124592814190E-002   2.4487427813892737E-002   1.5768928182296315E-002
  0.97088197583725733        1.1149580471825680        1.5688163467223424        1.3240245962293891        1.2821443881985606        1.3843857856318553        1.1709537473965881        1.2520815299117294        1.1392916099761887       0.97088197583725733        1.0687515846536066        1.2866266066961949        1.4436320833132721     
  0.35839440566184227        2.9911520525980523E-002   3.1753653761207377E-003   3.1615831135708469E-002   3.1152986793578353E-002   2.2274577576882715E-002   3.3050952788777462E-002   3.3498487675102620E-002  0.48190237363423599        8.8211052620842362E-002  0.12954730934883382        5.0087656013302694E-002   3.1246203262259055E-002
   1.2304149914768117        1.2348452978105640        1.6251797467267619        1.0646022497530045        1.2765864015625141        1.6255323374785142        1.3661716922116198        1.2393421137079330        1.2901549091269282        1.3905067405899234        1.1382013724010778        1.5645970855153515        1.2884182439199439     
  0.41263468975314732        4.4664679051697222E-002   4.8456305025063838E-003   4.7947248539851703E-002   4.6475231662334027E-002   3.1784422129291341E-002   4.8589612959158160E-002   5.2200597060188161E-002  0.53753112334614206       0.10756862636843567       0.16430575738053987        7.0198531538608333E-002   4.5738685618054234E-002
   1.4500354753544034        1.2528904531182787        1.3499896448883422        1.2233684902307469        1.0560229559512313        1.0628166771343341        1.2867989438829199        1.4258223228472475        1.4459843244773396        1.2596628010705162        1.0793900527897351        1.6524077154002714        1.5366392137849891     
  0.45949219908826211        5.8482602388008377E-002   6.6818495528181950E-003   6.4991975646531100E-002   6.0842871719981373E-002   4.1194648440074831E-002   6.3829589605091983E-002   7.0398952002018012E-002  0.56455197662629419       0.12218089317194060       0.18931013960026755        8.8718565692240708E-002   5.9950892789665672E-002
   1.3010075592001695        1.1983525065685243        1.4063358128155452        1.1818976696591681        1.3026017342356022        1.1503748346203537        1.3491507421592916        1.2205073901397030        1.2443056849475806        1.3770924981534087        1.4543638393281293        1.5304460263755506        1.1782703714163310     
  0.50416311144551118        7.2572858491259468E-002   8.5544157107648039E-003   8.3232167843733551E-002   7.4199386185335309E-002   5.2382329484162271E-002   8.1122431275346379E-002   8.6760594347272749E-002  0.59261900477552854       0.13381149227142236       0.20765880779641069       0.10724352984180174        7.7200724944098312E-002
   1.3257217847515010        1.1930333941896836        1.5226672509064365        1.1440759818550152        1.3210464813093770        1.3302743506707124        1.3972711051414084        1.2078462389343609        1.1783746525974803        1.2947335497860613        1.3768949557726409        1.3772561525412759        1.2281786527458589     
  0.53464192862047244        8.6066838243297056E-002   1.1037214345294680E-002  0.10241958386980911        8.8260991386243132E-002   6.3719105091108522E-002   9.7855722008948473E-002  0.10311701358556262       0.61199487892920401       0.14444725253709170       0.22316287965865059       0.12494414619174567        9.3901584441440394E-002
   1.1312085541214898        1.1520190190011395        1.3335704808512285        1.1834093020053917        1.1060807047723986        1.2710563879763317        1.2297100617300947        1.4222920404354935        1.0030292932777440        1.1135207562434573        1.2554220596526759        1.3521694779311046        1.3864600056240404     
  0.56234672461689583        9.9756357280116614E-002   1.3697494719002844E-002  0.12167651456492669       0.10292519649537016        7.5566309164788667E-002  0.11463489865385600       0.11841632795488066       0.63000825485108924       0.15406129801736956       0.23751951409987979       0.14292460348300179       0.11156104414930129     
   1.1312415973775529        1.3127815449467115        1.4113542300031259        1.3122402365367030        1.1230983056089443        1.3532801546686410        1.2845669018387009        1.3100756475302120        1.1722990143439029        1.2847670612962405        1.1702841265713442        1.5206814423783401        1.2496192897415277     
  0.58633957212040877       0.11353723620915357        1.6263658146254897E-002  0.14081962959349328       0.11795049526804625        8.7936655819323833E-002  0.13202770112980636       0.13390546136646136       0.64661428357196826       0.16299880479112497       0.25015369187845859       0.16114419647682504       0.12876543522442532     
   1.2266295841863637        1.1535022229350074        1.3432965005232760        1.1383417233139996        1.3341796634266410        1.6460665872740690        1.2237440465610134        1.1312644326808727        1.2631764806371624        1.4037924435931308        1.2057152991906239        1.5128325469017558        1.2718828522730121     
  0.60797828557643130       0.12806067089322257        1.8699308367252903E-002  0.15947041359053934       0.13366214188065401        9.9478339509392846E-002  0.14814299968745212       0.14988245380926193       0.66234703904485726       0.17112186974313406       0.26265193727918501       0.17846884312521594       0.14592202029978935     
  0.98669924652330954        1.2061663804509761        1.1925851062855242        1.3969612371394027        1.1695506794797030        1.3650749008746212        1.3172814607795187        1.2303055434069572        1.0775210384249736        1.3542537448530143        1.4586463843227782        1.5414494338631664        1.1208621491330628     
  0.62805952146169230       0.14320285541627539        2.1293102631408264E-002  0.17750725681018706       0.14861442433916855       0.11023430314964899       0.16317801264126106       0.16605469569122056       0.67745212762693496       0.17942951503151355       0.27403281804511714       0.19393055033537149       0.16353992092285075     
   1.2306084059366162        1.2318306098285297        1.3553784464022682        1.2406911117822912        1.2782001246107921        1.2794575499872354        1.2846293669918711        1.2340147531303096        1.1868610950013634        1.3652965136427855        1.2072590884699874        1.2917442265661490        1.1057800489377425     
  0.64621495826278608       0.15710870810251254        2.4269739175029427E-002  0.19602086217141190       0.16308652366948767       0.12099925309084583       0.17803190118587631       0.18093083680871216       0.69079149023623443       0.18695896183751851       0.28484363495353915       0.20931319348196148       0.18096274106393348     
   1.2601039972604140        1.0582322965988746        1.1945073517873039        1.1603709650224621        1.0714351511030711        1.2348419342579273        1.1912172320214662        1.0836193773535310        1.2611932140695028        1.2257984919052969        1.1525158365275623        1.1031667476578759        1.1087866359447267     
  0.66393156917409235       0.17037213194415760        2.7124398618361693E-002  0.21481608165924637       0.17747598482267918       0.13136464358127406       0.19270985552607156       0.19624857348697605       0.70298749947223149       0.19414154992333044       0.29633265177061940       0.22306545370456918       0.19882997524255136     
   1.2947883212470521        1.2097677486881155        1.4079035210513395        1.3471899323805454        1.3136347287667225        1.4827695732542721        1.1408824960910131        1.1967089073638038        1.2476090918761933        1.4709659189600317        1.2531414874347639        1.3534521285379730        1.1140964488034215     
  0.68021388240200742       0.18378807433397756        3.0702453868773540E-002  0.23221567474362542       0.19146732645775152       0.14206322288181669       0.20793110988880922       0.21113832251528142       0.71426136117470884       0.19997173764965620       0.30781055830599535       0.23777126201642659       0.21572536595560440     
   1.1159742800709038        1.2048727189521520        1.4211085572286588        1.1403674923247051        1.1873953377296644        1.2755358508228278        1.2048819604719316        1.4057157364487896        1.1025676331539824        1.0561769229127678        1.4138927282905307        1.2487225128236703        1.3300811401889399     
  0.69543233272459215       0.19734491343611824        3.4271188219009714E-002  0.24889296598433011       0.20715250246101574       0.15269500243089815       0.22523366146435359       0.22618173928893237       0.72565172244130394       0.20580886390854561       0.31930733231601521       0.25288879066107794       0.23181109043930026     
   1.2265548502587085        1.2290590729760011        1.2790752782420933        1.1185297672248320        1.1990558424334667        1.3408923360724947        1.4157266186737623        1.0637873174672603        1.1904737819027507        1.2335293407887462        1.1272674175997268        1.2601675029896184        1.2387942660945932     
  0.70811069107677915       0.21297595894578153        3.8372215903865185E-002  0.26648404204392817       0.22279142787149039       0.16368234308763721       0.24238579480312447       0.24284660062334060       0.73611444095960987       0.21158702947418537       0.33105817624779121       0.26792476709196489       0.24971243093372600     
   1.1137163763732916        1.3959079929453839        1.0058662630053261        1.1445530263890578        1.3568165523229787        1.4087383866281820        1.3011961632893512        1.3201971827937307        1.2741394623422380        1.2386398973006003        1.2463025205701310        1.2669301509751285        1.2820845112028230     
  0.72039600894353251       0.22892801888647202        4.2695182504732032E-002  0.28397433560940927       0.23776492524202120       0.17481540659876943       0.26002378788934621       0.25974102321770987       0.74595430441618071       0.21788510727811500       0.34262530014302472       0.28352810296683212       0.26851768755287425     
   1.2226341982926368        1.2832928517122602        1.1163483730482806        1.1416843944639909        1.2657144822928392        1.2076268575500753        1.2338934090726927        1.2647368178617477        1.2921549870656841        1.3462270450271399        1.3324768835123952        1.2221660800149212        1.2255175029808103     
  0.73220446451544940       0.24468529962100832        4.7047075404988405E-002  0.30231002389229683       0.25156291224878669       0.18602955676708691       0.27798891578880836       0.27492016968323957       0.75449739791128245       0.22417014411308189       0.35416258205114515       0.29928780622899154       0.28695992452281072     
   1.0492090305362702        1.0400788468387991        1.1520054800171917        1.1767913869705879        1.2761647964704890        1.1657770917202535        1.2088550278075081        1.3059116999833562        1.0023747046482245        1.2603796338126174        1.1001050475508838        1.2433238795382338        1.3605761374463263     
  0.74408505232911082       0.26023299434881042        5.1558890899144449E-002  0.32020796334208756       0.26510537795070072       0.19693936224326494       0.29519908463663858       0.29003383565181312       0.76296361094697429       0.23029654483949658       0.36570888875225255       0.31437944122535022       0.30531177377665381     
   1.1783376126747160        1.2009960293366635        1.2653718539379062        1.0350375696260736        1.1537165761981185        1.3102298386283560        1.2107101845465127        1.1707546847635661        1.0370192673075072        1.3349544404320453        1.4259471910003498        1.2957235471221134        1.3110449390908168     
  0.75521419784443999       0.27559525272523955        5.6200832627011067E-002  0.33959287667948518       0.27807424570968403       0.20776045372883475       0.31192402545494796       0.30543949365243583       0.76993697073052725       0.23592079899642296       0.37746415557276713       0.32830500889420627       0.32231485097086032     
   1.1932918264770809        1.2955183033966098        1.1654997788470085        1.1404385785180646        1.1471589467221626        1.1575650825703876        1.1673182386547307        1.3160286346564671        1.0404869025576717        1.3325963689186349        1.2209761647428781        1.1918076213984921        1.2684162603765532     
  0.76598322889986648       0.29153843487219616        6.0760581487193391E-002  0.35982915818187422       0.29281924900608636       0.21953794719557676       0.32701151170070036       0.32009853625065082       0.77690208167349428       0.24120446590167066       0.38883604563098473       0.34111289163197805       0.33830556151657332     
   1.2698739812337019        1.2325950894430586        1.1062257815667795        1.3406964497149498        1.2335396380200259        1.3199611379602403        1.1395067537395609        1.3453569284779097        1.0719283164577187        1.3258578502829803        1.1434849667677869        1.0204712926478046        1.1209448462269112     
  0.77520367922596933       0.30758014973871844        6.5483960304886679E-002  0.37935042109939116       0.30703905237473161       0.23159899206743600       0.34183290581437997       0.33338938190119227       0.78362713857393218       0.24628384490703353       0.40019782793695702       0.35467661492610419       0.35257010869108940     
   1.0398700902978064        1.2282427825063469        1.3863785537190716        1.1364706354100753        1.2545215488742296        1.3542467459753704        1.3401806652860644        1.0435377603868510        1.1429284075000290        1.0551619586619985        1.1863216406159423        1.1649046014522280        1.0963269216219489     
  0.78435122685743841       0.32296728350208348        7.0475779483930384E-002  0.39856371462984330       0.32018734747236616       0.24285457337237806       0.35621143687702506       0.34669620648722649       0.79021886112824447       0.25146194901084346       0.41266855161119503       0.36922384898101474       0.36552022706597764     
   1.0208172027196840        1.3811583273039540        1.1848824293297604        1.2107256470107186        1.0812791664396160        1.1950979791309280        1.1912338112640599        1.0623495585991671        1.1484023714761011        1.1461901753382799        1.2321047188697405        1.2394850431181157        1.1301101126907511     
  0.79382962904151599       0.33775258504419087        7.5942346833593660E-002  0.41344552897008457       0.33375921361725147       0.25379483037885481       0.37159315771395451       0.36146380867848449       0.79635702784628126       0.25602032977617017       0.42574116633197528       0.38346546626488232       0.37852733748284251     
   1.0963504679409757        1.2610483884736314        1.1158291300596204        1.3051740904437372        1.0073002699553768        1.2854485529791062        1.3939433114232476        1.1565228817758058        1.1463202847027847        1.1061554405996104        1.2924254925526617        1.2098727933266662        1.2820803217793237     
  0.80337500886995661       0.35210245582592714        8.1917107916497520E-002  0.42826314282707556       0.34764238330467817       0.26432628892561044       0.38617874182202372       0.37624040676731907       0.80246211068890183       0.26064206885585312       0.43907979122133467       0.39727404986679654       0.39153500358195498     
   1.2954523456848364        1.2331091139500390        1.0596037980762794        1.1972981797227198        1.3283522755991168        1.2735935998155981        1.2590228743259984        1.1837386405821804        1.2512491817054934        1.1827019031866588        1.3452106710795473        1.2533971889815105        1.2368278987047296     
  0.81296203047287918       0.36600938682252626        8.7730951336663990E-002  0.44545849895031830       0.36148347996158453       0.27501308489090404       0.40019486105101676       0.38845053670154145       0.80879703412028170       0.26715293695927050       0.45258020194012094       0.41221045552462132       0.40417421816115640     
   1.1250215327560356        1.2286105080992857        1.3876026391916829        1.1621693360916199        1.0678302447124202        1.1162734234185938        1.2172319176028732        1.2474759077248305        1.2592392863978938        1.2904336027585019        1.3226944681312074        1.0999912592062087        1.2688372168214361     
  0.82203396957333319       0.38097235660403533        9.2905953871922686E-002  0.46180057777846756       0.37548210683028943       0.28626718038711746       0.41790375632353544       0.40116885028887478       0.81493775613852659       0.27341184471179597       0.46507554118446448       0.42773781585087178       0.41651086204924337     
   1.1960398847451414        1.1392916099761887        1.2921299792343401        1.4212287518261670        1.2130848456270411        1.0900638072042002        1.3488865525875295        1.0488576227106319        1.1211137639116890        1.2303618235781020        1.1926116238557340        1.1423581334342723        1.3999835434774668     
  0.83008954329884010       0.39729867775495314       0.10067229983697594       0.47794943400612855       0.38932475314712711       0.29752737843356825       0.43605669789699791       0.41801460150203579       0.82088858181136592       0.27897050876506641       0.47683421502629103       0.44292699568210558       0.42846507415415069     
   1.2445055624925412        1.1971836579261856        1.2896381988483034        1.2707011709452602        1.2201422572303753        1.0927390741503924        1.2677851573793582        1.2215222680687519        1.1016706886355292        1.2866968680837605        1.1048761595318817        1.0801644933362329        1.2279692430745903     
  0.83813024349342780       0.41427516197797881       0.10952408785206982       0.49440455378261633       0.40409813997279476       0.30718214512805925       0.45327624394976485       0.43447342117507226       0.82674631060320769       0.28461031768507433       0.48846252949523261       0.45817805404454293       0.44096562531089811     
   1.3150262921430023        1.2840614324423558        1.6746830892843323        1.2966344960065304        1.2762485006026389        1.1003192714782910        1.2262967871021631        1.2629035375532554        1.1703258515961004        1.2372595981059926        1.1883760967757635        1.2239581855715349        1.2072842412987947     
  0.84584427977644949       0.43182931196073338       0.11871283852795123       0.51151922138445138       0.41920046175156433       0.31709207339545159       0.47013523812327718       0.45226417091602039       0.83238395216746208       0.29031542647711289       0.49980638943838945       0.47159508068608363       0.45366553156914441     
   1.2479429079137492        1.2593431103915718        1.1001672517514518        1.2524295910070771        1.1489355756408930        1.2722916676786684        1.1910620971907255        1.4088184073289423        1.1205853524394453        1.0818152041269873        1.1420188446674941        1.0183564816179340        1.1429735746916183     
  0.85309577964093231       0.44730788401949695       0.12861878410074101       0.52852918016190320       0.43642622945230031       0.32671074510847486       0.48673094505449221       0.46927193882300144       0.83806462240558122       0.29612457331979397       0.51224137918698665       0.48521451859393905       0.46714690068741271     
   1.1389737495611036        1.1367025326310702        1.2681781233517084        1.2464253057818371        1.4009684406542160        1.2033891787487807        1.4583117726291579        1.1565765483897907        1.2426284070062559        1.2621661495176744        1.1775665255347483        1.2676715089963355        1.2687786151141454     
  0.86002359307535070       0.46034027960739188       0.13877969728497305       0.54540466415617928       0.45229059716270903       0.33750594786960314       0.50388449594424412       0.48685696827737612       0.84379333083780395       0.30233511987742834       0.52591264038834185       0.49813720132701772       0.48069825687173923     
   1.1446819467754505        1.1766490681247412        1.1961447051458278        1.2561037302720637        1.1486470280350947        1.2301558331605114        1.1590322836741094        1.1659374904239950        1.1335982772825797        1.2338222405354893        1.2929582963237234        1.2853815823664760        1.3527750873302660     
  0.86701256608552424       0.47420502952008814       0.14955643959023826       0.56209884064544635       0.46746253596213133       0.34834827297465737       0.51958947628049867       0.50494041999550277       0.84940344817784363       0.30851613430622626       0.54036945487328303       0.51101394706026204       0.49361689427367533     
   1.1951015151940731        1.1580853128709616        1.1612676948396050        1.2120106034849374        1.1672844724204465        1.3341385606214173        1.1523572111736564        1.3193718817942279        1.2802372390139005        1.2683589656551439        1.1439426397226247        1.1079734516450810        1.1677709547970523     
  0.87410796427312554       0.48857261994345086       0.16014815602790733       0.57656339634407205       0.48261917664640286       0.35940766890948533       0.53401008253744375       0.52132559595309402       0.85501411907652369       0.31557627031569802       0.55542524149779826       0.52363588346446566       0.50821484566434405     
   1.2725399779896907        1.0296845597963260        1.0445799325963925        1.2582505255555381        1.1087633797912229        1.2136875696131868        1.1118957819030064        1.2902424184843875        1.1687139562117719        1.1609148112456849        1.0603318261672867        1.2344643546816378        1.3462129063568511     
  0.88062614356968438       0.50371354671447333       0.17082311516737828       0.59059223443492903       0.49787449888781005       0.37036615355954644       0.54877911068177143       0.53737164006589111       0.86033620067509153       0.32285901255902677       0.57024828154128282       0.53627472490762296       0.52187050745890207     
   1.1467796394545873        1.0123003620359352        1.1254265286886302        1.0275173250944445        1.1984896005568426        1.0996881723764864        1.1583360541719345        1.1970343629111042        1.1217581510355852        1.1546899368275538        1.1007274047668703        1.1385527004438838        1.3241810678030539     
  0.88605221094205000       0.51950129910399734       0.18168148685422442       0.60350586207532742       0.51349015839731527       0.38215566688479513       0.56330657976879339       0.55156321020922872       0.86489009684990392       0.32946447636399834       0.58469122023170117       0.54860618383861526       0.53682498333383444     
   1.1963830029339164        1.1798771892744804        1.1538748680494781        1.1527313874909504        1.2803269100027419        1.2136794426777864        1.1732920058095466        1.0176782652163503        1.1326810076476617        1.2680780672439664        1.1320627028985732        1.1285511171343843        1.2371411543728161     
  0.89136018365429392       0.53548483684571757       0.19214295328126962       0.61664598516107061       0.52908663541171941       0.39446536591916187       0.57867712266754434       0.56524851293869438       0.86934991673968187       0.33648763226003792       0.59972709456657480       0.56099066167532263       0.55157666620895229     
   1.2810746343007724        1.4340810699640893        1.2940172017790104        1.1139042275433604        1.3109516224735005        1.2210634206099920        1.2221782172638129        1.2217733222425582        1.1548021254271232        1.1004317560124424        1.5556194355092496        1.0747740752839641        1.3545396091406230     
  0.89679739065302899       0.55236595444219949       0.20357341421879752       0.63006840600740099       0.54454744184733694       0.40791350223898976       0.59476282629293309       0.57880782224821470       0.87349278824236842       0.34320950485149171       0.61438794628833915       0.57376780950380069       0.56600565994835483     
   1.3276550182688658        1.4708278457793464        1.0413114455626111        1.1880279525143684        1.3338189542323884        1.1649714323161204        1.2351472818884188        1.0808421396481172        1.2376540879820592        1.1101205881990539        1.2156226850060956        1.1283047832673638        1.2802428045220382     
  0.90210939222555253       0.56880553297446701       0.21626022387992097       0.64337445805004434       0.56072502325566143       0.42222843701520363       0.61161700026468002       0.59275350559038564       0.87803116366311063       0.34998849453062869       0.62989025781655306       0.58706492220693396       0.58065309376663998     
   1.1014617520808663        1.2678088303498052        1.2757425233644111        1.1108618457755455        1.2122517924360416        1.2124052380369719        1.2031631482494733        1.2792611054882435        1.1073621292568216        1.0768893892093456        1.3667449558258404        1.3162120169100233        1.4064979053096747     
  0.90678679658630235       0.58361827271793909       0.23210012574774327       0.65659168936298862       0.57743685039105719       0.43740894480999509       0.62882991770981722       0.60784083997747052       0.88301464325968704       0.35717405528924384       0.64671180320688260       0.60108952169280394       0.59445556659252241     
   1.1985952583466888        1.0975372194871533        1.1321003112902432        1.2721242126331631        1.2775253731566769        1.1585385368943799        1.4459922684363589        1.2796942377471341        1.1199169662750792        1.4130865638777492        1.1999959593583993        1.1902838825113868        1.4776405655981286     
  0.91187107685898294       0.59799343924437687       0.25152183207585976       0.67190457033269801       0.59271038763519224       0.45211962901544145       0.64614001246538444       0.62375920191728162       0.88788190565497738       0.36451239661606433       0.66194805531236223       0.61485888877773198       0.60795343265981650     
   1.2748690061640595        1.1144439804520787        1.3764415420138847        1.2085942624021970        1.2651685927456853        1.1367183490317709        1.3391428710007864        1.1999432527681622        1.2758333660906562        1.0788358433491354        1.3549823927909284        1.1990626749891411        1.2457010797074601     
  0.91667026620569980       0.61136684736631630       0.27084283580008678       0.68946269625688927       0.60714725837257510       0.46667885106559831       0.66389626151779590       0.63924311516036714       0.89263299828691101       0.37230517181005618       0.67523763351402488       0.62794597532660201       0.62150179960327001     
   1.3189621549817678        1.1841756649623683        1.3900485612588955        1.2736092111582757        1.2911399312796021        1.1430374731338062        1.3209533075695283        1.1517590480482855        1.3417817731868362        1.3765103193431578        1.1495934716658744        1.2770086025983063        1.2868060167193469     
  0.92152602329632827       0.62586027132399680       0.28994881898940028       0.70582523049611490       0.62345457757284095       0.48124869121403957       0.68005881465964135       0.65439256900475629       0.89742783895380429       0.38044134724331719       0.68877555228022425       0.64138031338375157       0.63549911138997039     
   1.1121185412610795        1.1743170668008525        1.1939273995613195        1.3269381084707259        1.4918225734895305        1.4125752170786885        1.2466224338131306        1.2330619153963007        1.2569906576778080        1.2537183816700015        1.1867552574013953        1.2105283741091091        1.2021502422603805     
  0.92609159596338086       0.64099234146367301       0.31019613907368793       0.72101170421711747       0.64015774486377564       0.49603630667060311       0.69590902306559588       0.66901582966090012       0.90227221314239325       0.38864525368303382       0.70258871443794257       0.65727961869318741       0.65006344209015188     
   1.1908787845734379        1.2758916208882745        1.0420125523498702        1.3577570304431261        1.1897360743174710        1.2455154086425844        1.2543364815239915        1.1820997341750723        1.3162388633445150        1.0866339821844202        1.1796107450158579        1.3428511081460142        1.0048821624456303     
  0.93063165968585726       0.65592249232671573       0.33116296487818053       0.73635127238281595       0.65734357592486359       0.51076812003413052       0.71010097410779804       0.68348427837839898       0.90678445738829627       0.39856675428977389       0.71756419338618749       0.67329385400401998       0.66415678856610305     
   1.2234068369708686        1.2187391652451527        1.3850077104734879        1.3891979175847993        1.2713274378949440        1.2433848840578983        1.3465851221661804        1.2519334761745025        1.3338955704149100        1.3954325152471578        1.2931146681387236        1.3282817357590850        1.1423214611630133     
  0.93500353592778440       0.67100164040246235       0.35354728661921520       0.75222370730059329       0.67513833252907962       0.52521381526063871       0.72423257266924124       0.69696170137201929       0.91104889166094138       0.40958006824540150       0.73346138840166097       0.68708853582041163       0.67788622601391413     
   1.2362488415199977        1.1318113857660865        1.2297335160335605        1.3871897736316208        1.3968057878569098        1.1814340691693463        1.2023306124294619        1.1849027367082106        1.1538823689181812        1.3267876735742232        1.2015347833803280        1.2888320013426213        1.0724848252942296     
  0.93936476374168887       0.68757074170710264       0.37673844182110028       0.76767941917499571       0.69270819522228899       0.53898073043841110       0.73501294306356302       0.70989305675224945       0.91535177075478225       0.42093867541214020       0.74990914052555724       0.70138717228510250       0.69187047323880424     
   1.2553447705983065        1.1936189720408568        1.2331268219301250        1.1945125973529376        1.2725162642152359        1.1654672693105506        1.1671272340970447        1.2565161460585743        1.2353260659269403        1.3082655264949818        1.6104139763235470        1.4315040019184151        1.1855247793445083     
  0.94375457030051868       0.70411094730261092       0.40054324607307534       0.78270479002627535       0.71023235109665361       0.55228949197270949       0.74705561161943668       0.72470169379887783       0.91949064271539316       0.43248399729313430       0.76754850559361698       0.71792226051979202       0.70718978946606492     
   1.2654042288206702        1.4483679971961916        1.2086207080168907        1.0804785623167141        1.1862434198203600        1.0648182260672794        1.0156831338806496        1.2131339982969049        1.2560589103113022        1.3640785380016613        1.1638069089379803        1.1422732977495080        1.1651114712906490     
  0.94812272991116686       0.72098485792056088       0.42514675939293523       0.79802956759047017       0.72757677979386914       0.56567611765181114       0.75913582599193519       0.73989823197493576       0.92358590666823781       0.44373785039759084       0.78451649431521364       0.73511464233563306       0.72219776747501119     
   1.2244695185905778        1.6355439292835205        1.0417888725366158        1.3401701194510971        1.3436402321714298        1.0800060228484314        1.3355662700594995        1.1664241899525198        1.3137796436936415        1.3869798652281711        1.1258909719280086        1.2955061758182451        1.2333164334531326     
  0.95216118833299768       0.73738881210368268       0.45291897831889955       0.81170777840597175       0.74447919598369106       0.58073418071935101       0.77249136301793486       0.75757190425101772       0.92748499984240007       0.45501929510695777       0.80051264973464265       0.75348737980881786       0.73934778510199828     
   1.2840247576204824        1.2919403259923177        1.3171946283343936        1.3509218607951898        1.2132228550427000        1.1363756832003253        1.2158473346830243        1.3272085511288856        1.2743367848350626        1.4275723882677085        1.2006241653431817        1.2808612728208157        1.2163114401305732     
  0.95594065519281102       0.75485985783077769       0.47900402063162062       0.82584601698675386       0.76183356974958405       0.59910923479566780       0.78669004399761344       0.77546355919779419       0.93129144251866935       0.46683402281303810       0.81581770366761863       0.77144916801265895       0.75616543499157651     
   1.1550006611842238        1.2998608214464253        1.1481324931201453        1.2602047690018086        1.1327089922977243        1.3960343958314443        1.2201121128860408        1.3693741608929701        1.4381638842569660        1.1351498749712101        1.4384182919110877        1.1228865327176749        1.3520976121034221     
  0.95961527378439826       0.77228452683793314       0.50624952793845523       0.83812916145437621       0.77920502550296689       0.61737733123030303       0.80069836526199245       0.79338514302610852       0.93517044447840614       0.47966363091204667       0.83060756574761330       0.78867207711118803       0.77522846681103774     
   1.3583883676477480        1.2204794116092492        1.3648097892239064        1.3976844390549652        1.3013298270861946        1.5591253716298117        1.5458055741289400        1.3984183403177839        1.2524790028923700        1.2772934424510090        1.1008136440755865        1.2001717124728304        1.1888933274940241     
  0.96316149217554803       0.79077553274135914       0.53514717232986864       0.84974950222569623       0.79712758534941630       0.63579464240128758       0.81474249736758941       0.81091055367932663       0.93905563057546004       0.49405624555585781       0.84529227278375985       0.80595550404513061       0.79437779156894028     
   1.2933868652574994        1.2203278675597629        1.1142421574481605        1.2884935486222218        1.2185576841247034        1.1166405281589860        1.0673694468325392        1.4721896473789675        1.3657048094094582        1.2052085064071809        1.1393693041104296        1.2093607698941735        1.4111369861002108     
  0.96688906272004427       0.80779432463562129       0.56657370859929590       0.86173397833421039       0.81461312434257627       0.65546613965795775       0.82965964731581510       0.82566755781237666       0.94291975202237943       0.50939913180926222       0.85890942198269005       0.82346217335056615       0.81463944910402797     
   1.2486392085791125        1.1720841792309711        1.2351032226744083        1.3725636250121853        1.3756151224952702        1.1850562128566640        1.1127621594868087        1.1929151522373533        1.2161529434698684        1.4702314023347873        1.1921289038761986        1.1860352140163148        1.3040011904732558     
  0.97032515700074129       0.82520891995084600       0.59955805653978400       0.87351751254949239       0.83176171918953468       0.67711694742143747       0.84453676416488088       0.84068490627366543       0.94698738643395119       0.52490423089406657       0.87228292592223911       0.84089217707329234       0.83498940145975631     
   1.3771267524494786        1.2072110851310685        1.1700936583553996        1.2006277248347130        1.2120327990769570        1.1965731499680121        1.3415133680279845        1.3389557927416809        1.5599831088816836        1.2550064656072795        1.2548306188383969        1.1004391625026000        1.2278299679718829     
  0.97376082132454100       0.84265847708712605       0.63511227136932358       0.88732650338896679       0.84854255099075793       0.69955076612626754       0.85876627166672703       0.85671706831274996       0.95082557320053784       0.54113873353627617       0.88537512559475551       0.85898358539605635       0.85253625950634948     
   1.1953435368392176        1.2545556100128858        1.1989137438944220        1.4898373277400476        1.2484700257396690        1.2806562498990033        1.2048871108220311        1.3263188069624681        1.4410596007921237        1.5141980858897905        1.1783546967742149        1.1366517433665118        1.2361859126357229     
  0.97701981106405378       0.86149612145944165       0.67320708059539114       0.90118933601038986       0.86570960110348616       0.72305923887461920       0.87290184696081086       0.87262302738846143       0.95493863553911040       0.55725891931620486       0.89818871023112967       0.87717566054090224       0.86980187471386650     
   1.5310266458492190        1.3697354090969753        1.3687781976567583        1.2565746485872737        1.2422605534280338        1.0321113575438783        1.0323855103647408        1.2951602135443816        1.3346527202422072        1.2075608876761699        1.1565877815909749        1.2423255781144462        1.1829148582255937     
  0.98015642635228251       0.88118056066534067       0.71208875953783457       0.91278671805883882       0.88279254057791667       0.74730448966786922       0.88854764135275044       0.89008206440610482       0.95902363342464347       0.57664329382038393       0.91026975003465638       0.89418169588600060       0.88616189778380194     
   1.3111654343194656        1.4710561910523408        1.1339448139281314        1.1650679044852794        1.4120324876332668        1.2862643193927021        1.2433447973341873        1.5320785196109801        1.2500187964169889        1.2193493385667356        1.1212281849610941        1.2365180090186620        1.1752710015276346     
  0.98335895716362565       0.90073467042737376       0.75172211234016528       0.92385800988896016       0.89970762301103413       0.77224668851554046       0.90393292529951186       0.90705826623731189       0.96338390972346755       0.59547858114497909       0.92235582938140859       0.91134526753067124       0.90273378052479358     
   1.3078398626680439        1.5371481904495992        1.1514601874322479        1.0799427206133472        1.4402410620188775        1.1933846864399744        1.1497895831847171        1.2463077061117085        1.6657410540530904        1.3175855759678554        1.2672709628187659        1.2107237817512420        1.1282105462137557     
  0.98647509675373668       0.92002659651194219       0.79265601471709213       0.93799292960816361       0.91721797288099005       0.79910546357167223       0.92016061762823320       0.92319707241032178       0.96826115525500611       0.61877199263187443       0.93421820948523104       0.92725538863271229       0.91917620360691887     
   1.5575875576791833        1.1726147974943333        1.2552690430480586        1.4782777882712390        1.2014695965312789        1.1612585206272410        1.0684203631921831        1.3118131541180664        1.4905551962242927        1.3161900549713514        1.3053974632401968        1.3251876199310908        1.1486073751262695     
  0.98955237237765725       0.93829329625962821       0.83614728349413259       0.95099130027058210       0.93446581773183846       0.82726544263886082       0.93729562369276731       0.93963741490897768       0.97318318420518968       0.63941481188772720       0.94678305132435903       0.94234929486960994       0.93577144289378800     
   1.6036271208307016        1.2393011202614082        1.1531738776473812        1.3197846953852990        1.3042233941424743        1.1331440785226559        1.3356872234758130        1.3220520324989413        1.7987946708637583        1.0422374145012820        1.4630245461866695        1.2264802751016495        1.0740579331618303     
  0.99230411574827426       0.95477313815828013       0.87939328464694533       0.96310692674883580       0.95030603746442144       0.86317003797053682       0.95380332647647725       0.95517593536947298       0.97883436082043462       0.67752373050872272       0.95890217541563472       0.95623347343843190       0.95166549505637865     
   1.4833966849150488        1.5021752610517576        1.1487193845410091        1.3299077844559390        1.2501106544303173        1.1755396316261115        1.2051547920166426        1.2055107447312419        1.5701976446801755        1.2337218061598587        1.4369861559951482        1.1878166253222211        1.1962479565559527     
  0.99510268402437763       0.97033266905912252       0.92395561832205453       0.97494574138145362       0.96605404313385901       0.90081357995811062       0.97002964955323701       0.97155433428719185       0.98485818397946079       0.71981434451933524       0.97085744111462668       0.97065112881158344       0.96900636440386212     
   1.4714332492075102        1.3515700106426820        1.3306949028560262        1.3863167350907428        1.6168062783353581        1.4305634317062570        1.3414807629370484        1.4332112662266889        1.8119159656036601        1.1761263648873552        1.5670733311779352        1.1981642996456858        1.1888936540757593     
  0.99755365971164656       0.98515140108056187       0.96341694526277255       0.98767787078218316       0.98341980629902692       0.95007975302519121       0.98517087639795331       0.98580585828714273       0.99214657306073784       0.82470471162346248       0.98542727079139447       0.98514371986300819       0.98453209728906088     
   1.6996405653722584        1.3639956413852137        1.2131149186416237        1.3081326017798292        1.2100958290803612        1.3565405113162876        1.2140750472906716        1.1150782149704750        1.2710474777358887        1.1554037746090324        1.3900613937762216        1.2110641395631609        1.2140163426648953     
   1.0000000000000000        1.0000000000000000        1.0000000000000000        1.0000000000000000        1.0000000000000000        1.0000000000000000        1.0000000000000000        1.0000000000000000        1.0000000000000000        1.0000000000000000        1.0000000000000000        1.0000000000000000        1.0000000000000000     
   1.4140420447814996        1.3416736001409653        1.1014129505113313        1.4248410046809890        1.1233289679317882        1.3009492215387424        1.2679434878228473        1.1930061675215680        1.1352835835657815       0.97088197583725733        1.2542503507073646        1.0906359860548538        1.5570399398579906     
  -5.6310114268470279        10.336396784113857        20.792597508572140        5.5630130033622711        8.5835426671976531        16.000378831924436        6.1647964302345519        8.5305092166985066        9.0034198232651015        15.077461369554202       0.52656966242549008        10.848416975707691        8.7906378019484244     
   18.016640684093183        11.586848126604821        4.6817168789293708        5.5674611121423343        11.182049522750047        7.4134455581775356        9.1374793329214494        13.069983518562520        14.279890203096693        9.4574431015256124        10.347225009185653        6.6407429602528110        12.340758487419853     
   7.3610845482586482        4.3028000782252720        3.9460989137822238        8.9087980381842922        15.825430879530725        9.7738600904229873        6.0636646607368911        5.9616732677009150        10.145468241586448        6.4590133297413939        11.290418786361963        10.912361428014103        6.3584222221035187     
   11.818748539005810        7.7179653118003833       0.76273929098276261        7.9426535938675489        16.876531280358133        9.9525977022206469        8.6201346448529232        9.9401214374804159        8.5370412906601985        3.0617385621023314        4.5825720452099743        12.272232846304995        13.712028032664456     
   8.4362983931356244        5.0460492243743982        3.6534571213784837        11.768048777765124        6.2656925879535024        9.2121030036861029        11.191860780332275        6.2648952595276048        10.962478109712578        11.528980480542296        11.226801227694311      -0.18983524672721541       -4.0728757212464082     
   9.2921203581995879        5.8551175675578540       -4.8158734032634607        12.752597545760272        5.2029442863652058        8.9055263726208782        9.8712647351145097        11.559848445505219        9.3345798153535799        4.3496908902748590        8.5642991798839212        6.1147884829142765        2.5792929892626608     
   11.691294807014279        10.665971943202045       -5.9427442047922243        6.9488045668538660        1.3332615401906187        6.8141820656738501        4.2123925269792766        7.3468143271228588        9.0758186535792138        6.9041731467864489        11.417724027319744        6.7262874911438626        12.564103580357077     
   5.8290310074767806        15.098590854383223       -15.215083203465392        4.8704407066744730        7.2472896386061576       -8.9872076206464211        11.745405016810205        4.2530346194861846        8.0694223362770927        18.765586927353489        4.6387872959113405        10.039278178968329        12.541985444863576     
   1.0149982450103985     
           1           1           1           1           1           1           1           1           1           1           1           1           1
  0.69709120563093530       0.34530400745496309       -6.3885481214140242E-004   5.6831863202980415        2.1251847768674004E-002   1.1749115496007548E-004
   7.7061746680466749E-003   5.9520261635734985E-003   1.4643933486731598E-003  0.31667980862479117        1.4621352144945923E-003   7.6284860508929988E-006
   2.7151167868218119E-002   6.5200537328098802     
