     
 Soft #          15
 
 part:           1
 comp:           0
   1.1111110443655796        306.94442600599137        276.25000000000000     
   1.0101010043235585        279.04040244438306        276.25000000000000     
   1.0010010004310528        276.52652636907834        276.25000000000000     
   1.0001000099440822        276.27762774705269        276.25000000000000     
   1.0000100000943100        276.25276252605312        276.25000000000000     
   1.0000010000004309        276.25027625011904        276.25000000000000     
   1.0000000999999532        276.25002762498707        276.25000000000000     
   1.0000000099999944        276.25000276249847        276.25000000000000     
   1.0000000009999992        276.25000027624981        276.25000000000000     
   1.0000000001000000        276.25000002762499        276.25000000000000     
 comp:           1
   0.0000000000000000        0.0000000000000000     
   0.0000000000000000        0.0000000000000000     
   0.0000000000000000        0.0000000000000000     
   0.0000000000000000        0.0000000000000000     
   0.0000000000000000        0.0000000000000000     
   0.0000000000000000        0.0000000000000000     
   0.0000000000000000        0.0000000000000000     
   0.0000000000000000        0.0000000000000000     
   0.0000000000000000        0.0000000000000000     
   0.0000000000000000        0.0000000000000000     
 comp:           2
   0.0000000000000000        0.0000000000000000     
   0.0000000000000000        0.0000000000000000     
   0.0000000000000000        0.0000000000000000     
   0.0000000000000000        0.0000000000000000     
   0.0000000000000000        0.0000000000000000     
   0.0000000000000000        0.0000000000000000     
   0.0000000000000000        0.0000000000000000     
   0.0000000000000000        0.0000000000000000     
   0.0000000000000000        0.0000000000000000     
   0.0000000000000000        0.0000000000000000     
 comp:           3
   1.1111110443655796        306.94442600599137        276.25000000000000     
   1.0101010043235585        279.04040244438306        276.25000000000000     
   1.0010010004310528        276.52652636907834        276.25000000000000     
   1.0001000099440822        276.27762774705269        276.25000000000000     
   1.0000100000943100        276.25276252605312        276.25000000000000     
   1.0000010000004309        276.25027625011904        276.25000000000000     
   1.0000000999999532        276.25002762498707        276.25000000000000     
   1.0000000099999944        276.25000276249847        276.25000000000000     
   1.0000000009999992        276.25000027624981        276.25000000000000     
   1.0000000001000000        276.25000002762499        276.25000000000000     
 
 part:           2
 comp:           0
   1.0000000600709815        276.25001659460867        276.25000000000000     
   1.0000000057196770        276.25000158006077        276.25000000000000     
   1.0000000005693785        276.25000015729080        276.25000000000000     
   1.0000000000569123        276.25000001572198        276.25000000000000     
   1.0000000000056908        276.25000000157206        276.25000000000000     
   1.0000000000005689        276.25000000015717        276.25000000000000     
   1.0000000000000571        276.25000000001575        276.25000000000000     
   1.0000000000000058        276.25000000000159        276.25000000000000     
   1.0000000000000004        276.25000000000011        276.25000000000000     
   1.0000000000000000        276.25000000000000        276.25000000000000     
 comp:           1
   0.0000000000000000        0.0000000000000000     
   0.0000000000000000        0.0000000000000000     
   0.0000000000000000        0.0000000000000000     
   0.0000000000000000        0.0000000000000000     
   0.0000000000000000        0.0000000000000000     
   0.0000000000000000        0.0000000000000000     
   0.0000000000000000        0.0000000000000000     
   0.0000000000000000        0.0000000000000000     
   0.0000000000000000        0.0000000000000000     
   0.0000000000000000        0.0000000000000000     
 comp:           2
   0.0000000000000000        0.0000000000000000     
   0.0000000000000000        0.0000000000000000     
   0.0000000000000000        0.0000000000000000     
   0.0000000000000000        0.0000000000000000     
   0.0000000000000000        0.0000000000000000     
   0.0000000000000000        0.0000000000000000     
   0.0000000000000000        0.0000000000000000     
   0.0000000000000000        0.0000000000000000     
   0.0000000000000000        0.0000000000000000     
   0.0000000000000000        0.0000000000000000     
 comp:           3
   1.0000000600709815       -276.25001659460867       -276.25000000000000     
   1.0000000057196770       -276.25000158006077       -276.25000000000000     
   1.0000000005693785       -276.25000015729080       -276.25000000000000     
   1.0000000000569123       -276.25000001572198       -276.25000000000000     
   1.0000000000056908       -276.25000000157206       -276.25000000000000     
   1.0000000000005689       -276.25000000015717       -276.25000000000000     
   1.0000000000000571       -276.25000000001575       -276.25000000000000     
   1.0000000000000058       -276.25000000000159       -276.25000000000000     
   1.0000000000000004       -276.25000000000011       -276.25000000000000     
   1.0000000000000000       -276.25000000000000       -276.25000000000000     
 
 part:           3
 comp:           0
   1.0000142387729145        101.78615607032104        101.78470678099501     
   1.0000013573410218        101.78484493755290        101.78470678099501     
   1.0000001351187275        101.78472053401508        101.78470678099501     
   1.0000000135057650        101.78470815567533        101.78470678099501     
   1.0000000013505155        101.78470691845682        101.78470678099501     
   1.0000000001350509        101.78470679474113        101.78470678099501     
   1.0000000000135052        101.78470678236962        101.78470678099501     
   1.0000000000013507        101.78470678113250        101.78470678099501     
   1.0000000000001350        101.78470678100875        101.78470678099501     
   1.0000000000000135        101.78470678099639        101.78470678099501     
 comp:           1
   1.0001228478267341        54.362565552248356        54.355888049531274     
   1.0000117130052744        54.356524720334690        54.355888049531274     
   1.0000011660117494        54.355951429135388        54.355888049531274     
   1.0000001165486803        54.355894384638290        54.355888049531274     
   1.0000000116543435        54.355888683013461        54.355888049531274     
   1.0000000011654291        54.355888112879207        54.355888049531274     
   1.0000000001165430        54.355888055866068        54.355888049531274     
   1.0000000000116545        54.355888050164758        54.355888049531274     
   1.0000000000011653        54.355888049594618        54.355888049531274     
   1.0000000000001166        54.355888049537612        54.355888049531274     
 comp:           2
  0.99990290583551866        47.104515230646648        47.109089248306688     
  0.99999074249426367        47.108653135642740        47.109089248306688     
  0.99999907842947167        47.109045833958419        47.109089248306688     
  0.99999990788443682        47.109084908826404        47.109089248306688     
  0.99999999078885826        47.109088814378190        47.109089248306688     
  0.99999999907889003        47.109089204914035        47.109089248306688     
  0.99999999990788901        47.109089243967425        47.109089248306688     
  0.99999999999078881        47.109089247872760        47.109089248306688     
  0.99999999999907885        47.109089248263295        47.109089248306688     
  0.99999999999990785        47.109089248302347        47.109089248306688     
 comp:           3
   1.0000000000000000        71.994027183058932        71.994027183058932     
   1.0000000000000000        71.994027183058932        71.994027183058932     
   1.0000000000000000        71.994027183058932        71.994027183058932     
   1.0000000000000000        71.994027183058932        71.994027183058932     
   1.0000000000000000        71.994027183058932        71.994027183058932     
   1.0000000000000000        71.994027183058932        71.994027183058932     
   1.0000000000000000        71.994027183058932        71.994027183058932     
   1.0000000000000000        71.994027183058932        71.994027183058932     
   1.0000000000000000        71.994027183058932        71.994027183058932     
   1.0000000000000000        71.994027183058932        71.994027183058932     
 
 part:           4
 comp:           0
   1.0000113202598191        174.50000428721407        174.49802892418873     
   1.0000010790717164        174.49821722007630        174.49802892418873     
   1.0000001074174274        174.49804766831807        174.49802892418873     
   1.0000000107368818        174.49803079775344        174.49802892418873     
   1.0000000010736396        174.49802911153671        174.49802892418873     
   1.0000000001073635        174.49802894292344        174.49802892418873     
   1.0000000000107363        174.49802892606220        174.49802892418873     
   1.0000000000010738        174.49802892437611        174.49802892418873     
   1.0000000000001072        174.49802892420746        174.49802892418873     
   1.0000000000000107        174.49802892419061        174.49802892418873     
 comp:           1
   1.0003293323259095        34.772032571032405        34.760584786794595     
   1.0000314004444788        34.761676284607240        34.760584786794595     
   1.0000031258665840        34.760693443745019        34.760584786794595     
   1.0000003124459336        34.760595647597960        34.760584786794595     
   1.0000000312431871        34.760585872826049        34.760584786794595     
   1.0000000031243046        34.760584895397251        34.760584786794595     
   1.0000000003124303        34.760584797654857        34.760584786794595     
   1.0000000000312430        34.760584787880624        34.760584786794595     
   1.0000000000031242        34.760584786903195        34.760584786794595     
   1.0000000000003124        34.760584786805452        34.760584786794595     
 comp:           2
  0.99884695401508528        6.7929359679964838        6.8007775772762606     
  0.99989006194174601        6.8000299129947974        6.8007775772762606     
  0.99998905583317965        6.8007031484319471        6.8007775772762606     
  0.99999890607601838        6.8007701377425755        6.8007775772762606     
  0.99999989061252526        6.8007768333563750        6.8007775772762606     
  0.99999998906130172        6.8007775028846069        6.8007775772762606     
  0.99999999890613067        6.8007775698370985        6.8007775772762606     
  0.99999999989061261        6.8007775765323411        6.8007775772762606     
  0.99999999998906119        6.8007775772018686        6.8007775772762606     
  0.99999999999890610        6.8007775772688213        6.8007775772762606     
 comp:           3
   1.0000000000000000        170.86548296262617        170.86548296262617     
   1.0000000000000000        170.86548296262617        170.86548296262617     
   1.0000000000000000        170.86548296262617        170.86548296262617     
   1.0000000000000000        170.86548296262617        170.86548296262617     
   1.0000000000000000        170.86548296262617        170.86548296262617     
   1.0000000000000000        170.86548296262617        170.86548296262617     
   1.0000000000000000        170.86548296262617        170.86548296262617     
   1.0000000000000000        170.86548296262617        170.86548296262617     
   1.0000000000000000        170.86548296262617        170.86548296262617     
   1.0000000000000000        170.86548296262617        170.86548296262617     
 
 part:           5
 comp:           0
  0.99998760792320396        276.21384138926470        276.21726429481623     
  0.99999881818912995        276.21693785825079        276.21726429481623     
  0.99999988234988813        276.21723179782418        276.21726429481623     
  0.99999998824025915        276.21726104657279        276.21726429481623     
  0.99999999882407842        276.21726397000640        276.21726429481623     
  0.99999999988240840        276.21726426233539        276.21726429481623     
  0.99999999998824085        276.21726429156814        276.21726429481623     
  0.99999999999882427        276.21726429449149        276.21726429481623     
  0.99999999999988254        276.21726429478377        276.21726429481623     
  0.99999999999998823        276.21726429481299        276.21726429481623     
 comp:           1
  0.99979666197956896       -89.098352069151531       -89.116472836325869     
  0.99998061237175406       -89.114745079279928       -89.116472836325869     
  0.99999806998907281       -89.116300840559504       -89.116472836325869     
  0.99999980708577574       -89.116455644490642       -89.116472836325869     
  0.99999998070944562       -89.116471117219703       -89.116472836325869     
  0.99999999807095319       -89.116472664416023       -89.116472836325869     
  0.99999999980709553       -89.116472819134898       -89.116472836325869     
  0.99999999998070965       -89.116472834606782       -89.116472836325869     
  0.99999999999807099       -89.116472836153960       -89.116472836325869     
  0.99999999999980704       -89.116472836308674       -89.116472836325869     
 comp:           2
   1.0002302459952057       -53.922279356521614       -53.909866825582952     
   1.0000219532173604       -53.911050320607245       -53.909866825582952     
   1.0000021854116892       -53.909984640836072       -53.909866825582952     
   1.0000002184428050       -53.909878601805474       -53.909866825582952     
   1.0000000218432976       -53.909868003152219       -53.909866825582952     
   1.0000000021843198       -53.909866943339345       -53.909866825582952     
   1.0000000002184319       -53.909866837358585       -53.909866825582952     
   1.0000000000218432       -53.909866826760513       -53.909866825582952     
   1.0000000000021843       -53.909866825700711       -53.909866825582952     
   1.0000000000002185       -53.909866825594726       -53.909866825582952     
 comp:           3
   1.0000000000000000       -242.85951014568508       -242.85951014568508     
   1.0000000000000000       -242.85951014568508       -242.85951014568508     
   1.0000000000000000       -242.85951014568508       -242.85951014568508     
   1.0000000000000000       -242.85951014568508       -242.85951014568508     
   1.0000000000000000       -242.85951014568508       -242.85951014568508     
   1.0000000000000000       -242.85951014568508       -242.85951014568508     
   1.0000000000000000       -242.85951014568508       -242.85951014568508     
   1.0000000000000000       -242.85951014568508       -242.85951014568508     
   1.0000000000000000       -242.85951014568508       -242.85951014568508     
   1.0000000000000000       -242.85951014568508       -242.85951014568508     
 
 part:           6
 comp:           0
   30.694440853800263        0.0000000000000000     
   2.7904040085638404        0.0000000000000000     
  0.27652652621170909        0.0000000000000000     
   2.7627762773132995E-002   0.0000000000000000     
   2.7625276252448094E-003   0.0000000000000000     
   2.7625027624996184E-004   0.0000000000000000     
   2.7625002762497141E-005   0.0000000000000000     
   2.7625000276249693E-006   0.0000000000000000     
   2.7625000027624974E-007   0.0000000000000000     
   2.7625000002762500E-008   0.0000000000000000     
 comp:           1
  -3.6246054129233270E-002  -0.0000000000000000     
  -3.4559256619994647E-003  -0.0000000000000000     
  -3.4403232091239646E-004  -0.0000000000000000     
  -3.4387745602905434E-005  -0.0000000000000000     
  -3.4386198104058809E-006  -0.0000000000000000     
  -3.4386043365664444E-007  -0.0000000000000000     
  -3.4386027891939907E-008  -0.0000000000000000     
  -3.4386026344568599E-009  -0.0000000000000000     
  -3.4386026189831479E-010  -0.0000000000000000     
  -3.4386026174357773E-011  -0.0000000000000000     
 comp:           2
   2.4828157878478901E-002   0.0000000000000000     
   2.3672719697012848E-003   0.0000000000000000     
   2.3565844570163657E-004   0.0000000000000000     
   2.3555236491944328E-005   0.0000000000000000     
   2.3554176471851001E-006   0.0000000000000000     
   2.3554070477712397E-007   0.0000000000000000     
   2.3554059878377242E-008   0.0000000000000000     
   2.3554058818444511E-009   0.0000000000000000     
   2.3554058712451245E-010   0.0000000000000000     
   2.3554058701851921E-011   0.0000000000000000     
 comp:           3
   30.694409411382697        0.0000000000000000     
   2.7904008643222555        0.0000000000000000     
  0.27652621178755216        0.0000000000000000     
   2.7627731330717321E-002   0.0000000000000000     
   2.7625244810032426E-003   0.0000000000000000     
   2.7624996182580509E-004   0.0000000000000000     
   2.7624971320081470E-005   0.0000000000000000     
   2.7624968833834019E-006   0.0000000000000000     
   2.7624968585209299E-007   0.0000000000000000     
   2.7624968560346832E-008   0.0000000000000000     
 
 part: i_fks reduced
 comp:           0
   1.0540925533894596        291.19306787383823        276.25000000000000     
   1.0050378152592121        277.64169646535731        276.25000000000000     
   1.0005003753127737        276.38822868015376        276.25000000000000     
   1.0000500037503124        276.26381353602380        276.25000000000000     
   1.0000050000375003        276.25138126035944        276.25000000000000     
   1.0000005000003749        276.25013812510355        276.25000000000000     
   1.0000000500000037        276.25001381250104        276.25000000000000     
   1.0000000050000000        276.25000138125000        276.25000000000000     
   1.0000000004999998        276.25000013812496        276.25000000000000     
   1.0000000000500000        276.25000001381250        276.25000000000000     
 comp:           1
   1.0540925533894596      -0.36246054129233263      -0.34386026172638462     
   1.0050378152592121      -0.34559256619994644      -0.34386026172638462     
   1.0005003753127737      -0.34403232091239644      -0.34386026172638462     
   1.0000500037503124      -0.34387745602905434      -0.34386026172638462     
   1.0000050000375003      -0.34386198104058807      -0.34386026172638462     
   1.0000005000003749      -0.34386043365664437      -0.34386026172638462     
   1.0000000500000039      -0.34386027891939902      -0.34386026172638462     
   1.0000000050000000      -0.34386026344568593      -0.34386026172638462     
   1.0000000004999998      -0.34386026189831470      -0.34386026172638462     
   1.0000000000500000      -0.34386026174357764      -0.34386026172638462     
 comp:           2
   1.0540925533894598       0.24828157878478901       0.23554058700674213     
   1.0050378152592121       0.23672719697012845       0.23554058700674213     
   1.0005003753127737       0.23565844570163655       0.23554058700674213     
   1.0000500037503124       0.23555236491944326       0.23554058700674213     
   1.0000050000375003       0.23554176471850999       0.23554058700674213     
   1.0000005000003749       0.23554070477712394       0.23554058700674213     
   1.0000000500000037       0.23554059878377237       0.23554058700674213     
   1.0000000050000000       0.23554058818444507       0.23554058700674213     
   1.0000000004999998       0.23554058712451240       0.23554058700674213     
   1.0000000000500000       0.23554058701851915       0.23554058700674213     
 comp:           3
   1.1111111075981901        306.94409411382696        276.24968557584327     
   1.0101010100719776        279.04008643222551        276.24968557584327     
   1.0010010010007160        276.52621178755214        276.24968557584327     
   1.0001000100009971        276.27731330717319        276.24968557584327     
   1.0000100001000007        276.25244810032422        276.24968557584327     
   1.0000010000009998        276.24996182580503        276.24968557584327     
   1.0000001000000103        276.24971320081465        276.24968557584327     
   1.0000000100000002        276.24968833834015        276.24968557584327     
   1.0000000010000001        276.24968585209297        276.24968557584327     
   1.0000000000999998        276.24968560346821        276.24968557584327     
 
 part: i_fks full/reduced
 comp:           0
  0.10540924300814358        30.694440853800263        291.19306787383823     
   1.0050378037911220E-002   2.7904040085638404        277.64169646535731     
   1.0005003741737329E-003  0.27652652621170909        276.38822868015376     
   1.0000500036364855E-004   2.7627762773132995E-002   276.26381353602380     
   1.0000050000261182E-005   2.7625276252448094E-003   276.25138126035944     
   1.0000004999992371E-006   2.7625027624996184E-004   276.25013812510355     
   1.0000000499998903E-007   2.7625002762497141E-005   276.25001381250104     
   1.0000000049999889E-008   2.7625000276249693E-006   276.25000138125000     
   1.0000000004999991E-009   2.7625000027624974E-007   276.25000013812496     
   1.0000000000500000E-010   2.7625000002762500E-008   276.25000001381250     
 comp:           1
  0.10000000000000002       -3.6246054129233270E-002 -0.36246054129233263     
   1.0000000000000000E-002  -3.4559256619994647E-003 -0.34559256619994644     
   1.0000000000000000E-003  -3.4403232091239646E-004 -0.34403232091239644     
   1.0000000000000000E-004  -3.4387745602905434E-005 -0.34387745602905434     
   1.0000000000000001E-005  -3.4386198104058809E-006 -0.34386198104058807     
   1.0000000000000002E-006  -3.4386043365664444E-007 -0.34386043365664437     
   1.0000000000000002E-007  -3.4386027891939907E-008 -0.34386027891939902     
   1.0000000000000002E-008  -3.4386026344568599E-009 -0.34386026344568593     
   1.0000000000000003E-009  -3.4386026189831479E-010 -0.34386026189831470     
   1.0000000000000003E-010  -3.4386026174357773E-011 -0.34386026174357764     
 comp:           2
   9.9999999999999992E-002   2.4828157878478901E-002  0.24828157878478901     
   1.0000000000000002E-002   2.3672719697012848E-003  0.23672719697012845     
   1.0000000000000000E-003   2.3565844570163657E-004  0.23565844570163655     
   1.0000000000000000E-004   2.3555236491944328E-005  0.23555236491944326     
   1.0000000000000001E-005   2.3554176471851001E-006  0.23554176471850999     
   1.0000000000000002E-006   2.3554070477712397E-007  0.23554070477712394     
   1.0000000000000002E-007   2.3554059878377242E-008  0.23554059878377237     
   1.0000000000000002E-008   2.3554058818444511E-009  0.23554058818444507     
   1.0000000000000003E-009   2.3554058712451245E-010  0.23554058712451240     
   1.0000000000000002E-010   2.3554058701851921E-011  0.23554058701851915     
 comp:           3
  0.10000000000000001        30.694409411382697        306.94409411382696     
   1.0000000000000002E-002   2.7904008643222555        279.04008643222551     
   1.0000000000000000E-003  0.27652621178755216        276.52621178755214     
   1.0000000000000000E-004   2.7627731330717321E-002   276.27731330717319     
   1.0000000000000001E-005   2.7625244810032426E-003   276.25244810032422     
   1.0000000000000002E-006   2.7624996182580509E-004   276.24996182580503     
   1.0000000000000002E-007   2.7624971320081470E-005   276.24971320081465     
   1.0000000000000002E-008   2.7624968833834019E-006   276.24968833834015     
   1.0000000000000001E-009   2.7624968585209299E-007   276.24968585209297     
   1.0000000000000004E-010   2.7624968560346832E-008   276.24968560346821     
