   0.0000000000000000        0.0000000000000000        0.0000000000000000        0.0000000000000000        0.0000000000000000        0.0000000000000000        0.0000000000000000        0.0000000000000000        0.0000000000000000        0.0000000000000000        0.0000000000000000        0.0000000000000000        0.0000000000000000     
  0.13888023476151171       0.27724024343144305        2.1662727134861459E-003   3.8777541197796396E-002   1.9962909866894033E-002   6.1906431372477817E-003   1.7440292203543276E-002   1.5350186702898855E-002  0.44918045793820982       0.17559390383198981        7.7485612966954553E-002   1.7265839186575139E-002   1.4356900657197432E-002
  0.65008562046531881       0.65094498090739206       0.87677072583981530       0.66025773391032427       0.76431832206524219       0.78808733384563578       0.65928674657875663       0.70382473474324914       0.56651922477604699       0.59286584736650583       0.67474207742114978       0.81320280831411274       0.67318658517161845     
  0.24858509957864774       0.38303130401258728        4.1447380966987473E-003   7.7325595072968129E-002   3.9095430731871238E-002   1.2244795257379256E-002   3.2590818018698654E-002   3.0766676470758869E-002  0.62251101897213490       0.28855275174275152       0.12914203243726452        3.3580351213517157E-002   2.8595946358616613E-002
  0.77907805507127414       0.70630902750243751       0.84086345139616703       0.97893679998819272       0.89012841281467003       0.75598427035314586       0.66522527673604315       0.69181616025704951       0.82129597152272349       0.79780058725639436       0.63327367414110591       0.81829244938079482       0.78060262218403265     
  0.31705144640958688       0.44437841414706930        6.1921886749774909E-003  0.10207302398362127        5.6898520250884994E-002   1.9245080351205274E-002   4.8402018874730203E-002   4.7400923080716376E-002  0.69032462661677385       0.32229090568852964       0.16398817684852457        4.8952798135460149E-002   4.2124753609405798E-002
  0.76813770566092465       0.62670340986036999       0.64302653990009861       0.62696376987371594       0.79652302540026498       0.64103616980350853       0.73913431255909445       0.69892314132251765       0.78976702827601741       0.73923052032674708       0.72431254628431307        1.1111564496825115       0.74150745265780116     
  0.36320634895827580       0.49506694448120681        8.3063427140427897E-003  0.12812191886425844        7.4979324282776455E-002   2.6475047993122509E-002   6.3024569914851336E-002   6.3468957836482084E-002  0.73169713011306292       0.35239594734103269       0.19335356157476905        6.5404014201059540E-002   5.6085600410946457E-002
  0.75950351246917269       0.65537999767727995       0.76433825904829666       0.62668055455604310       0.76762447862946104       0.75933627849755703       0.61758948751506471       0.67951678373671298       0.75651281664606718       0.78743784802704164       0.82570569224684331        1.1016018121842952       0.65141244062257575     
  0.39718572001025848       0.53521693684756699        1.1470268137961018E-002  0.15487395163531104        9.2530781385467581E-002   3.4067386372717501E-002   7.8209047097922382E-002   7.9472038598941253E-002  0.76324610340364862       0.37455892365834303       0.21689420810076956        7.7939635549996014E-002   7.0183265408352402E-002
  0.66151852875518680       0.56371772432674983       0.76113521331061529       0.81370714898860030       0.77942150750960493       0.96794491570303154       0.81328916818164587       0.81632382772498535       0.84181417162703132       0.69361585992894204       0.80285861486516197       0.77306409682407773       0.69568658714509446     
  0.41885519266114191       0.56093708020553934        1.5028728527534181E-002  0.18228428545852576       0.10833024256251621        4.2120139223976547E-002   9.4084045604144850E-002   9.5318254408063852E-002  0.78357904317899119       0.39567544573323915       0.23611648959557649        9.0234290947212525E-002   8.3736744901971402E-002
  0.64818239304164960       0.67120798239798440       0.82266422356702751       0.75215654440803248       0.91971865747797854       0.93759395987961691       0.69439716323746359       0.79672775496843828       0.68708774416680785       0.78684573299944671       0.85255713166887293       0.63797387372633851       0.73036014949836581     
  0.44456959348654213       0.58308975741951341        1.8901809481404418E-002  0.21066574034322072       0.12313384186608477        5.0576644724731487E-002  0.11016816511038172       0.11117733506720363       0.79933708032505146       0.41450248906970755       0.25338362482661514       0.10230203094865963        9.6758503785616623E-002
  0.65046530937804559       0.69031605004737540       0.85559563269128502       0.69282366220343827       0.78852666148473005       0.78147595113254442       0.84829823216742883       0.65141244062257575       0.62522500403230852       0.67617050297903603       0.83035761080914117       0.64815333464213676       0.80874992352905506     
  0.46737014317901637       0.60206311373783483        2.2844724123188345E-002  0.23587681033866431       0.13699460915033557        5.7852081261663128E-002  0.12635254894826048       0.12797056144154026       0.81387161408062525       0.42988917901233842       0.26912925213149469       0.11466863210089896       0.11115173072041393     
  0.73367234127270442       0.55512091188825186       0.73937510852024368       0.80120635072244351       0.71949424075252977       0.77521012719845273       0.71009210696586755       0.71539163943302442       0.76739198311624501       0.78139518686036924       0.87473277942746541       0.75995542706417829       0.73458760039329207     
  0.48798850915250275       0.62008789379195428        2.7145899426885792E-002  0.25698545899370639       0.15031989330939580        6.4201095282097331E-002  0.14236643578134495       0.14537188116104077       0.82722079485928790       0.44485027415859107       0.28197565108070760       0.12665119355751572       0.12704300605821048     
  0.56819216086907331       0.64751103667059617       0.80971750629764749       0.81317724469231623       0.72471684411344928       0.75070803155759824       0.62072062673651529       0.79382143807576611       0.67957709414810830       0.80881223350021192       0.81755617734768060       0.70063669241774840       0.82827197426023380     
  0.50967028651756874       0.64129761955364739        3.1561036618652706E-002  0.27783120549817314       0.16300943224057410        7.1111610025552857E-002  0.15715252594417128       0.16463061195279330       0.83915677331781580       0.45580317138437887       0.29329060083487896       0.13873108387681551       0.14300982501952836     
  0.81082830361806391       0.69767466854063853       0.69089282497264592       0.60197568411132585       0.74117007718880823       0.81778341560555856       0.80161860594343115       0.75954772014368233       0.79068104117111759       0.71066526323105683       0.75639985222240325       0.64359013389768049       0.64408146145324474     
  0.52809561057775267       0.66092065178154491        3.6537383793202316E-002  0.29778539637931500       0.17667340424838349        7.7872056523354896E-002  0.17063752683439043       0.18245648479171450       0.85026841948574505       0.46627240339756615       0.30285534975304862       0.15148919034743574       0.15926984812235373     
  0.76104410018852930       0.67161659224165593       0.84486647643530888       0.82033229047288725       0.68028032386750958       0.70013740604261132       0.67747885964685839       0.89326168426638408       0.65790316054706277       0.69278470705534345       0.61199253629997663       0.70096966940696226       0.76598494098851688     
  0.54311817131212725       0.67892203122218875        4.2038874233444337E-002  0.31700585632547545       0.19118833204668731        8.4930469430620312E-002  0.18420435073675323       0.20048752612281612       0.85933266067344083       0.47685882194818363       0.31251305185549771       0.16466864650986007       0.17568260936583613     
  0.68923949124968231       0.69893918117482756       0.81031033974967115       0.65176102171094552       0.59778583782220629       0.64305297974704279       0.72471684411344928       0.76332985049697888       0.74151046676500987       0.60998077395824690       0.63059091800653722       0.82210157184922072       0.70494700972041180     
  0.55661402504068092       0.69629224989327443        4.8089880170141937E-002  0.33541290268227142       0.20627562099816277        9.2379209255384009E-002  0.19813236706099213       0.21775137450781082       0.86682927011332711       0.48796948182931549       0.32454931577019791       0.17793063614146845       0.19146242181398751     
  0.62910616347043657       0.89123762166967890       0.82591403468781743       0.69801431554648985       0.70841205861058409       0.78286853103257237       0.82437193594149316       0.80885028632143596       0.64718346059164955       0.73995559340121198       0.77576497637326702       0.73319407240414280       0.76852013762772142     
  0.57188615119586661       0.71171535195060620        5.4603315038420364E-002  0.35380949977426751       0.22227417132144420       0.10003268344337876       0.21225784605172135       0.23302776992489840       0.87439053053194649       0.49975274408003578       0.33684660220693624       0.19085261751666494       0.20841801043765595     
  0.62397104960276106       0.67040617533560598       0.81131700216492098       0.75241023991702438       0.75364006732451139       0.75908616635803994       0.72937640735696274       0.87544054588780928       0.70216179650576893       0.73770986589815191       0.99436507094782711       0.70198204554895860       0.96513653704644475     
  0.59027611068135766       0.72584604629903049        6.1055260759545905E-002  0.37214295223751598       0.23655624653936985       0.10780223589119527       0.22860126848463344       0.24623304639374674       0.88212636853747772       0.51129791135769020       0.34886677753040235       0.20679425496275730       0.22588862742270496     
  0.69315586959837550       0.68652645928314671       0.66339252540073479       0.86296286951983259       0.71263817490217241       0.76448823802012722       0.73211279864441281       0.73396003619341144       0.69013293307797041       0.72885507543801020       0.68464755431164470       0.77059244347259026       0.68652476335362433     
  0.60742025605468908       0.73867733858580675        6.7295365866175336E-002  0.39105925655411611       0.25172754644039297       0.11505122636109739       0.24514227214257167       0.25729617600829940       0.88959722055497026       0.52233289462086574       0.36026662291624728       0.22266632794387997       0.24187686072397319     
  0.67375754021412215       0.71395478217316388       0.84516156207652415       0.68856700570189444       0.75082418927208472       0.68932107729404379       0.71868022361458928       0.64009877742007004       0.62128196001120128       0.70206325280302329       0.62581606920096133       0.70294222923723382       0.70369447454198220     
  0.62339012040147257       0.74993007833446834        7.3636013047037263E-002  0.41054915576162876       0.26655691594968756       0.12251437359733154       0.26093388889334751       0.27085644596198888       0.89630818172191273       0.53251572387892165       0.37142252955680466       0.24052124930219373       0.25561595247008595     
  0.73693099718540578       0.62092484855017471       0.68561102531368734       0.69950397867062986       0.65070540523976816       0.80750745738748919       0.75068133404112047       0.71237438501477690       0.81157704800246966       0.78840317454218667       0.76973201862835505       0.77119671780674759       0.57691939351934285     
  0.63773608068157273       0.76099219753319369        7.9972162499080776E-002  0.43086802556304027       0.28100510305978904       0.12998710935854271       0.27610326127488333       0.28696445653955455       0.90214613145696465       0.54246270605558344       0.38250769823328307       0.25769166554405182       0.26938850429804312     
  0.75426747272618389       0.70285859318314592       0.71309138622229951       0.80259281476155431       0.77801843149320049       0.79599057636609738       0.69772046225300954       0.69316493384362032       0.71277465014837404       0.72509646591382115       0.69384631005524444       0.79859497876455410       0.69094744932252850     
  0.65169281902276510       0.77153127000121957        8.6964946634322082E-002  0.45158025258143697       0.29625106024557896       0.13755201641273970       0.29058335019830289       0.30305801303441515       0.90705645906747367       0.55179553921577640       0.39378742045995091       0.27463757912583608       0.28253631066616031     
  0.70997278176021261       0.71051330342633090       0.77710869041012165       0.68053899355343406       0.70700476113270405       0.76287552497841415       0.65610990347842213       0.73473776872855823       0.64264346593881250       0.64939967496582474       0.68555899129106979       0.71326462922841793       0.64894625398847749     
  0.66544431811461402       0.78243536460716012        9.4403734414101784E-002  0.47351244297573714       0.31056779977905791       0.14540022373716749       0.30297579236732497       0.32042426923969908       0.91118306802950833       0.56058273006116799       0.40585239906816684       0.29135270275542668       0.29917586962506931     
  0.71329350855450513       0.73236598375823259       0.68192282698774564       0.77315959414495961       0.73054452835353401       0.81946481503102886       0.73759106197496405       0.81294452612799539       0.68051964655620523       0.75326907734933013       0.84357620989412141       0.72595738984771174       0.78271803610169710     
  0.67931656231989668       0.79313807080518806       0.10311704364101050       0.49558860124096532       0.32317858236460256       0.15372714982948310       0.31528648411088978       0.33739596461463089       0.91607608304878452       0.56871554831621285       0.41811434829310962       0.30858882390784664       0.31770449900161807     
  0.89326326317347493       0.68560734132688306       0.76026452178458293       0.83492588220088626       0.63008450327604559       0.87980603101797938       0.69403372042129885       0.69412428053952757       0.73621730435691923       0.70651199507106810       0.77056617544924955       0.74467014367107009       0.74118452419018321     
  0.69359137307159224       0.80284313405258867       0.11222602272948598       0.51557472014373007       0.33535006360588737       0.16237903484531233       0.32748789604058870       0.35247876765328928       0.92050729549508514       0.57650249821724475       0.43210927302644242       0.32628996635409890       0.33462977112007125     
  0.69874145241464380       0.60654238779067771       0.68918391440071636       0.71222882303004942       0.73364664436817784       0.70195118488761099       0.63476420309075432       0.66640774198240582       0.78020571415066653       0.82154296891333112       0.65814427598026604       0.80011953633843924       0.73063571602293154     
  0.70672830372143880       0.81196098892624835       0.12125203808183974       0.53361206039581666       0.34732223816414631       0.17144829122180519       0.33871545448561896       0.36773909707750913       0.92420523823695411       0.58525517477386790       0.44751805399536532       0.34264288729761128       0.35027080514919084     
  0.81508830246393227       0.82132377817996161       0.66698976406023491       0.71017107968532311       0.69866481652873791       0.67961367109687587       0.64894927786666923       0.68417254872878752       0.62939545197641700       0.66604540147828573       0.75357722758350920       0.64896971137462944       0.80829279590511449     
  0.71850141800037381       0.82119821131992676       0.13007105050119591       0.55023695776923587       0.35889324222203572       0.18101265871431740       0.35135740501703727       0.38282267498384853       0.92813662098520144       0.59516751209229823       0.46182752656233028       0.35783103862151044       0.36586297070490292     
  0.86004836188930489       0.71968765594250494       0.69975875374269370       0.72104909394019856       0.68755237847943163       0.74520260750369693       0.65771453415047187       0.80083331157135362       0.68331060514027042       0.68437240255505694       0.72209865539189144       0.67722270927837558       0.67131271528443526     
  0.72971009498903883       0.83029901136984730       0.13983420648195730       0.56430818949380135       0.37262763641936969       0.19074975595531540       0.36748462745165078       0.39826956090719584       0.93176348343998616       0.60453657735680466       0.47585172124021985       0.37313224455068639       0.38145753912969405     
  0.83976961350398716       0.66173566847374921       0.72519918699973573       0.59412882936602318       0.70710889985424885       0.75772269650681967       0.78566222088816706       0.65572151149833136       0.65397509356347883       0.69664360651017709       0.72783364848888377       0.68534965943609505       0.68068243421099728     
  0.74143767848547826       0.83829984321561701       0.15076538141388363       0.57471888569266849       0.38920848185385776       0.19915507555605422       0.38331779521444126       0.41247703241981659       0.93534025193426451       0.61192237396305904       0.48669732661586107       0.38926844536329930       0.39744797520715391     
  0.77460401159873460       0.73085335169301913       0.68176466310802042       0.65869247923290331       0.75467366226017096       0.73259380201274427       0.68098734913086023       0.71611596330069938       0.81842944862711031       0.70639086066984569       0.69468592195595158       0.72819720943112520       0.76131148862287623     
  0.75248422747786026       0.84547967632721255       0.16178910296227222       0.58576064098317049       0.40449760383041405       0.20729988029336135       0.40001244302776334       0.42640665465089933       0.93928252989788252       0.62016941119371838       0.49715745614110279       0.40549077048263649       0.41357923558319498     
  0.69921048204997671       0.73437381067815366       0.61372677019166066       0.61171419395891580       0.78065528911424997       0.66301046786673079       0.70328191272809182       0.69466058247448770       0.79114980399412993       0.84995389758666928       0.65296151844967698       0.81324409936320219       0.75798030220762658     
  0.76185313727589021       0.85224189698071706       0.17138972931520399       0.59901505786111142       0.41956095767150942       0.21424744514150870       0.41646755948253689       0.43937622191601367       0.94269955320115995       0.62783547619858759       0.50857071680485122       0.42007903195076485       0.42984820496948245     
  0.73985984966172436       0.76843309103344160       0.67167533974705984       0.82061599240163219       0.65924799203964102       0.72006380850213514       0.62199105509557295       0.64475071856629507       0.81295519032895269       0.69566227495204003       0.67510966121109384       0.93650798791401091       0.76960818510432705     
  0.77050374812611511       0.85833429962246455       0.18099913686771504       0.61598935268918731       0.43304300437707538       0.22062064786274152       0.43378501560078409       0.45335808804164790       0.94555665111244369       0.63542342591236312       0.52027898336175316       0.43503893696067836       0.44646465329077339     
  0.65754010754342107       0.73904725516502823       0.72558732352299249       0.82909154739285940       0.62623918901135545       0.63765661822574837       0.68904111399832146       0.69041334139135468       0.74010685844285717       0.76025389894308615       0.68068749519017335       0.65283175768496748       0.73112238661875550     
  0.77917202687187981       0.86470114495042005       0.19225994513128183       0.63367164630039041       0.44765930673948950       0.22673714847148241       0.45074386068101957       0.46848628737910641       0.94815833248183001       0.64306271076620358       0.53255090606060074       0.44972534442820761       0.46184932218976116     
  0.71492809853982786       0.67660868000489438       0.66101962127499247       0.73152088016524175       0.76670278831268723       0.60437432049792883       0.88302352084923441       0.73786897016003994       0.65126867833490609       0.72258932762661698       0.72886057097680113       0.72485236849063295       0.69062649402890042     
  0.78767965854704980       0.87148786362372255       0.20480814262913041       0.64987342079964983       0.46274602612736077       0.23243544099948318       0.46515585727543224       0.48485391496305730       0.95127146873472990       0.65046673327259996       0.54609550720888000       0.46633369342075870       0.47557848188836865     
  0.79239946532258254       0.74954543998663892       0.83895275585636842       0.92348925331932374       0.78986039078179615       0.62891443753398457       0.67345732307850226       0.75052233576960947       0.89502446749099751       0.77862559447719526       0.80532555828393071       0.85143884886854371       0.77654977017006599     
  0.79601581635720464       0.87809239659308591       0.21874848321004431       0.66567860801721346       0.47867966280363067       0.23737917373841871       0.47909130922948928       0.50203700113518457       0.95439425743053352       0.65723129964305971       0.56010345467974210       0.48349747430401901       0.48939766495581205     
  0.72914507924102978       0.65465692544843834       0.74973353296949141       0.78850931158043669       0.76955654119736050       0.55512091188825186       0.68064904540346782       0.72719184906217826       0.76822689503766395       0.79757476817247719       0.80578638080108411       0.73772740085363120       0.65272020943979647     
  0.80423042580606274       0.88463521018869040       0.23273451620073687       0.67973177496566117       0.49440511338099119       0.24931098453113598       0.49221663272018196       0.51905129715623377       0.95683000705399979       0.66406697103081547       0.57458622925384517       0.49915657190015328       0.50229227918725794     
  0.70659666901897100       0.76075117391343006       0.71343366207178871       0.74516027238410876       0.80955116650237258       0.71467573130527839       0.67653717076765996       0.66180266878271754       0.65970179035761078       0.79752234307920711       0.74345832685137647       0.59758229109317673       0.72549627497605318     
  0.81246605568188590       0.89081828048251299       0.24659304946843658       0.69240853732336383       0.51286445676668302       0.26039776892487004       0.50705106797454014       0.53589001743035114       0.95901930542158709       0.67099547279235516       0.58976823400900547       0.51486201379928875       0.51423789388099850     
  0.83288537640563487       0.77010423983322507       0.77305960372274507       0.68853080282521539       0.75919365108019621       0.74977473824605456       0.67517626693057509       0.71898428582396778       0.75997597367038683       0.78141360792204406       0.74633560199587923       0.81632818554896003       0.69094955200445596     
  0.82081974325119100       0.89601916420962713       0.26012101838325358       0.70513940237177586       0.53258530408564864       0.27155049554305249       0.52100555530027626       0.55228007267398893       0.96115710982925762       0.67825668218351398       0.60581012018856639       0.52986678447950064       0.52513425491013788     
  0.84228205344317586       0.67374691740071280       0.73821149963095134       0.73682266016742437       0.83451488753024872       0.65644780426665661       0.63144534162984289       0.87417008147729924       0.68584713792787011       0.79185657553357192       0.79426999878481197       0.68121673053018150       0.68995372996192195     
  0.82860000200785255       0.90073457752121266       0.27382445506256858       0.71774609865239891       0.55319761175054272       0.28397795360276040       0.53514208178626266       0.56793795222549848       0.96305568956601073       0.68571739970590162       0.62268600784985850       0.54558296735494693       0.53758172649898339     
  0.63227607152656073       0.81359156438296409       0.70997492622367930       0.83086041336000449       0.77473767682180605       0.77556085879996539       0.78366955538418670       0.76787577890348468       0.59087694268280355       0.92680259968967260       0.79161179202735166       0.70154629337196306       0.73278423094836498     
  0.83612210392411035       0.90530116423274598       0.28898960680175362       0.73053059541484089       0.57293183147535254       0.29677009968043028       0.54929569743728357       0.58421006788086882       0.96497783214563138       0.69318238647647690       0.63927399528683904       0.56175265500624505       0.55072644445404662     
  0.64974452449490949       0.78273293946436662       0.77683531887183521       0.67900107175821767       0.80493569185835967       0.82411267363279661       0.74736513040748553       0.75326109004787278       0.70702694046967918       0.75080544735239241        1.0537833107972028       0.70342975059984836       0.78786648308376794     
  0.84337308328718907       0.90952868807357401       0.30489709545673432       0.74389876792431742       0.58943696569912341       0.30955238148088698       0.56512131428812273       0.60016054131024033       0.96684115560181561       0.70079628847045394       0.65541248168531163       0.57731164079528963       0.56516337966014718     
  0.74089547040308235       0.64763954609676200       0.67124372271050514       0.67180063058846617       0.82190834756567321       0.92714075169564902       0.80699582533049485       0.83988747413759013       0.63554242579819908       0.75702496327087043       0.88778542461693832       0.77025617705782712       0.72901154501368248     
  0.85034951936043113       0.91404286160029935       0.32042146143128214       0.75759606460569417       0.60521258664972599       0.32190925013277855       0.58225019093669961       0.61579368105419918       0.96866556364717227       0.70792415706995604       0.67082379473962195       0.59217106429306410       0.58070813728601800     
  0.62732990655957721       0.69942961107724666       0.70048629471587220       0.83495975703055370       0.77842722661458308       0.79951658106513779       0.73754657616628805       0.72709367027539018       0.69355782559345946       0.71860324727568503       0.67196940652969694       0.77119835345286869       0.72781922930633269     
  0.85736080414698634       0.91836628638063089       0.34190024089746918       0.76966893183590024       0.62079135161464905       0.33315711203789827       0.59948969963578991       0.63189312607231984       0.97040131158109066       0.71426930331638705       0.68550519848480351       0.60667144636353720       0.59621837451196158     
  0.87303942492217934       0.75685584362163649       0.71740137008749150       0.71186385045176448       0.74044821153067442       0.67839051785277660       0.80139411778283398       0.80756697358218255       0.74280429944238979       0.73186060622610893       0.67033645210093418       0.72318939231767299       0.68813787807314986     
  0.86438515435427887       0.92261447061807789       0.36988195337469060       0.78118984994573071       0.63729836836972187       0.34589383857462547       0.61708739912650590       0.64714637600303204       0.97189574024548320       0.72032157475487524       0.69783712799747444       0.62141069955485273       0.61108485221548958     
  0.73255135617409417       0.75440058471447413       0.84037981934565176       0.80832645173135820       0.76537962167912177       0.90000392003616336       0.92807146871060042       0.72166243805564667       0.70425259366072257       0.61080255822081453       0.70301507271919572       0.79436881487503930       0.71135532444476257     
  0.87124219059484642       0.92610581600790032       0.39749533471646170       0.79559999697212425       0.65148599698203646       0.35956570073191335       0.63470983051160246       0.66167758342374550       0.97323123889801144       0.72642029930949514       0.70791260675268930       0.63676369335055627       0.62555118176937985     
  0.66391073535082479       0.67850837199295777       0.88182826341342824       0.80949164266084062       0.71978920797288448       0.75456415471423965       0.63023345071186343       0.60763407626796639       0.75739841342369263       0.70991747988938481       0.64889864764653071       0.71557368396625398       0.73298258802576621     
  0.87824153549060768       0.92939491789672568       0.42430336014649367       0.81045601757565966       0.66654521739407502       0.37455606159416854       0.65266569293575494       0.67670685730722391       0.97459931849986503       0.73301879322211216       0.71903386349307785       0.65288722695183621       0.64085551026682464     
  0.74973502746749854       0.67219770594783512       0.73902742320552872       0.70416103240935535       0.67949672450343412       0.88335330234502363       0.73343051970851691       0.68915936434860647       0.65361389456270036       0.67188515670352800       0.75235222433991711       0.94390411637491645       0.69759774887699877     
  0.88490639649562897       0.93293358861360232       0.45054778427068476       0.82486797574243675       0.68029900632485163       0.39120150604795073       0.67087976514311787       0.69054041084400741       0.97601212838313578       0.74052107812436729       0.73031135603067354       0.67005996398100331       0.65715501300167589     
  0.63490334517415381       0.68540800030548277       0.71990387305443371       0.73980664393285422       0.61890601967274184       0.82533723223796907       0.78573988174158049       0.84323665500394918       0.70912529467002738       0.84013305561420870       0.69723009633498423       0.83023065162543386       0.80002567262397062     
  0.89152700265050333       0.93656152881749299       0.47560609232400253       0.83902897186870684       0.69464128063298480       0.40787806610598293       0.68909951001457215       0.70493505870243467       0.97737210703842170       0.74823012580961645       0.74258124854389074       0.68645901744733251       0.67791953314487885     
  0.74794738189198562       0.80562091950909276       0.69420276273814829       0.71613011391910597       0.70341002209371317       0.71887341207013833       0.93984176786968432       0.81807764915380043       0.64756547100342920       0.92255985144136565       0.68577214591575197       0.68526854331230869       0.72447269583472129     
  0.89815905716611510       0.94030538652367801       0.50270690871202794       0.85163166985624628       0.70962140863242984       0.42490169766065311       0.70694370841354914       0.71956454789161428       0.97873189956163442       0.75547587154912088       0.75495919406152656       0.70364798495253500       0.69915190763204405     
  0.67466652459485099       0.68420586269160855       0.74383583181544288       0.82265153393376522       0.72251469153697567       0.61899489194607749       0.70038644074889489       0.66761044518903589       0.76957943552255326       0.80425209647371443       0.69017246370493091       0.86174731502026503       0.82638225483049144     
  0.90469702499672211       0.94403996791708134       0.53370401582333327       0.86292858598630362       0.72328476718322854       0.44259427828536629       0.72383751692190401       0.73419823177258481       0.97994428315380611       0.76253270011699659       0.76846581195684960       0.72240641910658632       0.71988146012098309     
  0.74999632527588378       0.76370228913496319       0.63213676982518707       0.68643074966951412       0.76725737471827615       0.71157327601221521       0.69146065019616076       0.66254172774244968       0.76387438561373011       0.69373947974941885       0.70490811041028745       0.78813428598708990       0.72149123291231398     
  0.91106026653192929       0.94770660007529417       0.56601210870177021       0.87355914217840014       0.73673502490439158       0.45738346598978025       0.74044875264337495       0.74878204724603836       0.98121546386959457       0.76998005223245181       0.78291796147381376       0.74182432329358139       0.74095741337650922     
  0.73238957448042574       0.80189647862264901       0.66070924287821819       0.86248330568226272       0.75735653831399830       0.68453126520175900       0.88298928077720795       0.65001291135590455       0.78503226883566590       0.68879313016791333       0.80118554001767983       0.63673441657843521       0.96731687367082209     
  0.91791706093345471       0.95093986310780698       0.59664734306346257       0.88267984188275661       0.75160936094567066       0.47301958389503501       0.76008407365118902       0.76397759344797289       0.98247577565276623       0.77809432160666769       0.79467224971540174       0.76153739250879782       0.76278117498573872     
  0.75831849887901270       0.77104295170934112       0.85219432643561810       0.72345078508207195       0.74517116078965728       0.72164190634192027       0.78876375213868244       0.68175668269577172       0.70706014885412916       0.69562819938021769       0.74008027955274536       0.72701692346275038       0.78267661062508631     
  0.92510204211495928       0.95432939166647135       0.62911459600406683       0.89125166994164928       0.76893809967429694       0.48947049173042045       0.77753679357613037       0.77897902727081647       0.98373034491018563       0.78572324555801343       0.80743707389671493       0.78079555856891569       0.78316799536921589     
  0.81029377304979466       0.74743232360258938       0.75320886801715148       0.60060048632666152       0.62960987277399261       0.65537782839811787       0.93444610074845758       0.68322075886289069       0.83619450335331813       0.79832244667193564       0.69684925295081435       0.67387098167819437       0.88625734358946207     
  0.93039322111510547       0.95776457583134500       0.66247001457244681       0.89974518220489619       0.78686443952842156       0.51112379192884261       0.79460569252944713       0.79364854143884733       0.98500872990209110       0.79301702580947953       0.81890208720786128       0.80025665867888029       0.80228386120887640     
  0.67726149288036042       0.76722170387451982       0.83478127804887081       0.67047734198095943       0.76372440125751395       0.79068254901440449       0.77865655462659944       0.71113373164214233       0.95797812914058611       0.74272044359752032       0.83541966023427994       0.72894488445068795       0.79389868216885306     
  0.93461284231919395       0.96113260323193728       0.69736008542691941       0.90855077682989327       0.80359897082275999       0.53591717728498312       0.81164675373876816       0.80805173981442047       0.98627460292628411       0.80040503222074399       0.83184469334864741       0.81968773300348696       0.82073561205930623     
  0.75156449160239480       0.90159216928484898       0.67598307983694550       0.63323787062911729       0.79974608077050935       0.65968651659316402       0.74484342881496779       0.76692136367602892       0.79223943131925523       0.76085188286070127       0.78912980406651523       0.72024931097144440       0.66226459625119249     
  0.93905634439361507       0.96472366231484696       0.73374371984900633       0.91721343134526245       0.81958671107524206       0.56079516471557245       0.82931655824365225       0.82334424481216606       0.98744307532600850       0.80712497072880052       0.84591446023944261       0.83882891539987092       0.83872047786831760     
  0.72690429412390090       0.76939864416717729       0.73853479672623823       0.77152419414114948       0.65792924163918798       0.65885921042137441       0.69384977983435236       0.83333492840381684       0.73464886594383205       0.82711193093331070       0.65336509110924712       0.67153500299875346       0.82255280116871798     
  0.94364874043292968       0.96829139383017715       0.77044965861665149       0.92630753246579522       0.83572606395069604       0.58673600800460635       0.84618779030146896       0.83744939721062439       0.98849219715245351       0.81344194195306863       0.85979173622564042       0.85817038155574621       0.85658959999083262     
  0.70410984618312211       0.86270008992511671       0.59104315251826234       0.78768924227076753       0.65271817384541686       0.67759365237086888       0.67577465042376184       0.73518531505338180       0.73141203032906954       0.72953826589871740       0.64812937191865250       0.64034001647234418       0.76877421029878001     
  0.94889336983977224       0.97176377231786271       0.80369061904538830       0.93351653871141960       0.85247430828795845       0.61482020620900102       0.86015176049883046       0.85297340647314135       0.98949463280705319       0.82101896111879857       0.87395049326167495       0.87733072709837734       0.87332923434060272     
  0.67399702800851768       0.89540865954890903       0.71104893312130635       0.75712139608167384       0.77504350153898227       0.81071848135001412       0.75667533279088284       0.86238765937048290       0.74637805206349306       0.72763708206099775       0.66030164509632217       0.74397744048914261       0.94609864306462332     
  0.95552177063702337       0.97516516084497873       0.83205369168685783       0.94062851014100890       0.86872735283507851       0.64200472354554583       0.87502431680450843       0.86882362611299602       0.99053031743354258       0.82883342375633662       0.88763778566431040       0.89414447004971331       0.89129017306657587     
  0.86717455115629249       0.80944176310832172       0.61146805618105782       0.65038536731256735       0.74863969356941995       0.68822387490787740       0.74022856222112432       0.74469200586568640       0.75096352005565159       0.71355783623483526       0.69705932814159000       0.70376992224887158       0.79330180014449259     
  0.96115767847133360       0.97842814580146298       0.85860871876157163       0.94721906931141953       0.88358205261878109       0.67196928150807533       0.88960535828798692       0.88406449976524148       0.99156085319109066       0.83747731891662303       0.90151763656929862       0.91048904418431942       0.90578628016364493     
  0.74336987925921705       0.82928849624374479       0.63398403523627955       0.71734282185448583       0.62535543609031241       0.63047802840938172       0.72797410491954839       0.69227956366322285       0.79709499388682570       0.79277952012943309       0.86715021045291385       0.67236305196869173       0.78837948773832744     
  0.96616350023063591       0.98155892670476985       0.88380334636805047       0.95437612335128397       0.89940547934435044       0.70381237728300972       0.90553674091873781       0.89907366939102518       0.99257900114551356       0.84686178009541724       0.91511786713658239       0.92389427616485509       0.92107590544262630     
  0.75879778375867457       0.82651205164887476       0.60669657522976694       0.75204135741391931       0.75767862495723015       0.70808952861913488       0.77345091081303208       0.72892812482004388       0.72999696295646099       0.67254938047988533       0.70382709686846401       0.59212291289186691       0.76747179917408404     
  0.97096146201433398       0.98425875337598079       0.91707924004589569       0.96213490803885193       0.91559178422586951       0.74039109954226900       0.92160131047560412       0.91272423657710666       0.99367421406117706       0.85704137673768022       0.92679621680096902       0.93846073007022557       0.93368772912673037     
   1.0039849519634112       0.92721671672893369       0.85939422293970935       0.73646669716178459       0.65092277962339606       0.73056608436658499       0.77501151713281968       0.68201304969054977       0.76262253915785694       0.68372328344337452       0.58710270271762921       0.74266002947403298       0.69602828031020469     
  0.97569221453820165       0.98716365633909686       0.94255144225897303       0.96958280021998211       0.93264796509753001       0.77454672540157132       0.93708266004687646       0.92690356394024431       0.99483668458955465       0.86797921528085231       0.93877734921347100       0.95400015939519389       0.94706405255825388     
  0.80290325060304679       0.81177362350158699       0.85591844122306071       0.68333837462308122       0.72485595889889987       0.85224266111943092       0.87290269312002922       0.64406374834409141        1.0590760434808266       0.64407356889845946       0.73078034638607658       0.66229392090514083       0.78152795121707219     
  0.98041789468808616       0.99016976187150396       0.96184250497007451       0.97684002376103363       0.95011455011688706       0.81800999803240593       0.95169648270042939       0.94588245127945347       0.99598387307343317       0.88142497179369361       0.95336779596458465       0.96661455809158359       0.95977524632636757     
  0.74208314489937843       0.81124872798729997       0.67308125986373135       0.71962221122761849       0.83479076799981944       0.69937713230103693       0.71251248776545573       0.88220356842041348       0.86616180141059873       0.62061508611149718       0.67042857438795944       0.61892025843006826       0.62105524273790591     
  0.98558433466667072       0.99331603762623855       0.97802475665345956       0.98437246797108813       0.96689256339542529       0.87038065872604597       0.96519115481585571       0.96696418954105079       0.99719650392488690       0.90123561077669123       0.97093787993763947       0.97809635348549562       0.97243148218471487     
  0.93329348974789739       0.85496622029837643       0.70423763516563453       0.72687414724698207       0.77714164573589961       0.67114219484287019       0.73955551034024880       0.78726597562825940       0.91079547155224549       0.80182756889040030       0.82434082746678339       0.67764485863293955       0.63769998795859184     
  0.99174233590726646       0.99672783460842840       0.98898563862339994       0.99239250447331151       0.98363951672209360       0.93418824203227924       0.98328253743101113       0.98354891665603439       0.99860213307690582       0.93607142176848357       0.98542496911842248       0.98964217831974755       0.98601560232807139     
  0.81261540129815923        1.0158952252435798       0.67903029303061913       0.68130375397510257       0.71932291810193449       0.74190580071125889       0.84014321694236782       0.69426364742259394       0.90848989812911551       0.85838328752544046       0.67424236347231381       0.71439671268778671       0.64552470567145281     
   1.0000000000000000        1.0000000000000000        1.0000000000000000        1.0000000000000000        1.0000000000000000        1.0000000000000000        1.0000000000000000        1.0000000000000000        1.0000000000000000        1.0000000000000000        1.0000000000000000        1.0000000000000000        1.0000000000000000     
  0.72561492872295053       0.91365002780758198       0.85631482479516963       0.93399213184745200       0.73209879827385960       0.62237154910776293       0.82080490136365003       0.87258012546042962       0.62506665941737249       0.60017045305630201       0.74527153707234572       0.64995645689607551       0.59095726419206795     
   9.8962608308968232        13.778454011909307        11.779669468245910        10.851205306393631        15.432719657932310        18.974868460272752        11.014752071023405        7.3662056451717035        0.0000000000000000        14.249840809832808        11.273373428180550       0.56966593214237948        4.0079784808288936     
   11.304861677318071        12.223648594307406        2.4448191153728782        11.009961186764498       0.97175925276559927        5.5812970865904461        14.313435976959171        11.322184341453651        7.5137457298141719       0.44338025862219543        9.6875370295322263        11.890886544963017        13.515231497110570     
   18.397037625212576        11.643120480699555        11.049158607060743        5.7430669950516071        6.4429362026619073        8.8721924607685310        2.3645035646167685        5.0052820236609090        6.2789924061490980        13.033713232759366        12.300621700827062       -11.159852246490297        8.7012696792286039     
   11.827078101573582        12.665319863618389        9.9533126618233982       -6.3822072329261665        9.6180839165549301        6.0863135773786912       0.36551117876196221        14.389256584920153        7.9944947462539782        18.103255180985666        12.062149112132724        10.515435282733852        5.2233548161627823     
   12.907737063207492        16.722468048571020        9.7704938564436556        10.657220422412859        14.004965543210083        10.806643930404917        5.1331321165067001       -2.1339338647301060        7.8730965062798690        16.583087936237000        10.783376751602100        9.4020420093322077        12.209330873637519     
   8.1457291475099112        17.672166724318522        14.706210988483527        3.4568487674103627        10.808942579369303        4.1846359085100389        7.0138499069030003        7.8250899422884022        12.171312864599212        7.6589235945340963        11.393019737674113        11.988920470399627       -9.9912341772025908     
   4.7974431131777768        7.7059720730165111        15.009866938686596        3.0169558010247761       -6.5295095980919893        3.7369029762746098        10.127747916112213        13.363095752756431        4.2264060246027100        4.3655790347717831        2.1859464388471546        8.9884851077364747        13.238022604621269     
  -1.0436264116683531       -8.2456936435137074       -5.4767749584550947        19.018217118638518        8.4638873778075983        10.447349859781406        8.9842884190336925        16.095887734791638        5.8008925184383431       -11.711592657078201        6.7213290828910388        8.4074156126073731        10.230361190256909     
   5.2242098560746750E-004
           1           1           1           1           1           1           1           1           1           1           1           1           1
   5.0702097852210585E-004   2.1951663632579073E-004  -2.1251252812363644E-006   7.1833918466295765        1.5535666439186530E-005   1.2183626276142606E-008
   9.4202324795947804E-006   6.4474560562105592E-006   2.6611336154880480E-006  0.52908080886292519        2.6605839466983541E-006   1.8014916306684707E-009
   5.3690542444644034E-003   4.9500306286402482     
