   0.0000000000000000        0.0000000000000000        0.0000000000000000        0.0000000000000000        0.0000000000000000        0.0000000000000000        0.0000000000000000        0.0000000000000000        0.0000000000000000        0.0000000000000000     
  0.19640327363223534        3.9639162642814987E-002   1.8828950193839844E-002   3.0948080862618410E-002   1.6538547551677767E-002  0.35314776463158565       0.16157708455845582        9.0994564824037602E-002   6.4733094908818775E-002   1.5769256036491375E-002
  0.70965915487167086       0.65087347682284513       0.69537445855224289       0.65112990315226382       0.64338936632771182       0.59907735231129067       0.50991694628032092       0.60055406549420987       0.55318056669918259       0.60412036782008116     
  0.27616956897567596        7.9614946449793694E-002   3.5469701363598040E-002   6.0285955497722601E-002   3.4130877933800999E-002  0.61076205690882990       0.23084337539854000       0.14919113090591740       0.11493904949719988        3.1948429793728347E-002
  0.66918422165377833       0.69976785879293346       0.69037209953181955       0.51159698577165835       0.65823110306644450       0.56852962234787763       0.80467695959818930       0.65065453147439145       0.78015789177985440       0.75350393499623824     
  0.32343518575696245       0.11456965201657278        5.2060484758247212E-002   9.0105669692735826E-002   5.1847601695970649E-002  0.80704716844381197       0.26093260093211235       0.19131962042417558       0.15686925530079399        4.7296914069348640E-002
  0.66222354071270784       0.63573504886569088       0.72399333073258609       0.54746115868654488       0.65407126249278735       0.59114430111616423       0.62311801065157757       0.62456485044043675       0.69121558609133749       0.59536948316524396     
  0.36133926839375424       0.14720052547512463        6.8240243110726975E-002  0.11778231756528662        6.9844263409410412E-002  0.90777378550604548       0.28798778018277482       0.22490622327735382       0.19415098697034364        6.3406449942459794E-002
  0.66187911126945975       0.58927207650847857       0.64841649690715908       0.62620137820738697       0.78330513328846008       0.59514807458317676       0.74492030204414217       0.63090636033652003       0.69754796795640850       0.75250177721259104     
  0.39248860628273402       0.17705437335356711        8.4538949046460143E-002  0.14299320521915065        8.7602679724610874E-002  0.95061675860942429       0.30846690574951768       0.25383189047178517       0.23059084362338431        7.9905652951858225E-002
  0.56565745336319395       0.61236187728543068       0.65816220314308904       0.60538191402899699       0.56163989730616959       0.54968059376631440       0.68404265761741267       0.67533375784183791       0.60032077872057299       0.61003950761946035     
  0.42001873395799394       0.20728035806686099       0.10140149598071335       0.16905402213086237       0.10479911485995808       0.96836766942898000       0.32641381504238098       0.27834548051993324       0.26247363796420009        9.7550985412860391E-002
  0.68194071496069386       0.52929520042723188       0.70402732015179015       0.64671288913749136       0.63506978777396683       0.63108117869024571       0.62159646127181933       0.66851919225559131       0.59761991998831732       0.67390397611350727     
  0.44437991873786392       0.23710903577220985       0.11832033362710968       0.19294826725402547       0.12216711312479771       0.97760251808317999       0.34452687983573421       0.30149944062592926       0.28836466935205785       0.11544646854875032     
  0.57620388946510015       0.54653933615774342       0.63803360556750577       0.65530803791960845       0.76716674333961465       0.60926140303461895       0.64908730893419597       0.64898412530756000       0.67846743995249914       0.63867697651467037     
  0.46745464251370572       0.26445361374874332       0.13443511285609669       0.21409886762596417       0.14010794245218214       0.98303433202881518       0.35905430578228531       0.32748186755813607       0.31326531964062837       0.13242183067308280     
  0.55082694085274575       0.61452704516906120       0.66006315291297724       0.61302815881034989       0.63780044579558348       0.65917380029750083       0.85990843343138912       0.76213205094311731       0.68157338252081701       0.60675117423839042     
  0.48892137234724170       0.29155675991722102       0.14989281176858557       0.23469485021166878       0.15693813969750989       0.98610071205345529       0.37056371064374583       0.35353086041719189       0.33577172984764503       0.14952353849355787     
  0.59450380600051600       0.67875254400607188       0.61216611489296491       0.59672929581467704       0.69955509865506904       0.65800489763834291       0.66590612963434026       0.70076749395154958       0.72680006639574424       0.79551238220525522     
  0.50885221126445113       0.31367571953142459       0.16596003283915481       0.25538833566166119       0.17195800863822708       0.98812160962301887       0.38178689003520588       0.37780478707713622       0.35667877353503064       0.16695225415954576     
  0.65705317757743753       0.59273594347807479       0.71399714771854639       0.68532801774008789       0.64523859053504284       0.64235448919471483       0.59117488820686470       0.69899484271426859       0.63289786419955196       0.63856342154380363     
  0.52683527539393560       0.33487906285784924       0.18329461703226066       0.27561483350091326       0.18659878280878742       0.98953013547181978       0.39306328424681719       0.39762777223278861       0.37711672000903201       0.18157196220333827     
  0.59979640208167673       0.55379661664952784       0.79319810112312195       0.60710775526337069       0.71810617722417969       0.58506317418651765       0.70616114294304555       0.70976459652856105       0.72077857803846612       0.58941341905592326     
  0.54439101222632014       0.35523099067512026       0.20100543861487191       0.29508752186071252       0.20122980486617603       0.99061492345816771       0.40436583118117542       0.41690826700355688       0.39852776659114020       0.19540478217168067     
  0.59135454122276843       0.72263409479069485       0.75064526876150728       0.60233336053425335       0.68180781128129708       0.55343588408199729       0.56590839724579856       0.57932019670691648       0.62685723049807818       0.60568930469756865     
  0.56185406136147298       0.37741641929198616       0.21861155376641267       0.31453600950860117       0.21453613827757109       0.99147307167786847       0.41550595632492915       0.43491794713333498       0.42049027465894329       0.20686567276731427     
  0.72008174129024038       0.55168298192597165       0.63800680743992333       0.70085353621652624       0.65664356929589940       0.56500347691739983       0.59921245560659986       0.72867821736129335       0.67402846471716626       0.67790978128495227     
  0.57834983039638643       0.39996079777397631       0.23738082499915980       0.33364140158674410       0.22755177069943164       0.99218309784371661       0.42632871794779620       0.45326076610508192       0.44172158114015969       0.21920443669348902     
  0.60319856186937015       0.62195769778876009       0.84080183587931434       0.67150649213734204       0.61888298974763822       0.59677879050549565       0.64905835088883146       0.64224615596098555       0.76907642789373765       0.67991547458520263     
  0.59409052614632429       0.42225706127884394       0.25707839441327440       0.35179710349931637       0.24274826200237481       0.99284091451350576       0.43766594370538553       0.47231509073094313       0.46160628484090882       0.23422391582557198     
  0.58198857999165277       0.63035580971570548       0.69448849479582508       0.62534064492134489       0.69392372793859602       0.61102252701503401       0.79143941218073210       0.73871601099756878       0.71343630909751010       0.67208137455494632     
  0.60853798818182669       0.44558917771561102       0.27357595608185398       0.36877847467311065       0.25964442447731573       0.99345044113618630       0.44846804215173147       0.48990483377737515       0.48061774400243573       0.25015103541525835     
  0.53759668050009024       0.56729418148196553       0.65420116467211875       0.63526019136548262       0.68558117169505717       0.72269274028375496       0.72717807442044324       0.63126394570381072       0.76465912517041279       0.65453021523001165     
  0.62200255960341844       0.46781382445960440       0.28987467045917997       0.38543383602450343       0.27599040567091992       0.99396390241315880       0.45881839935299629       0.50700506102765430       0.49866660840368709       0.26724995668473206     
  0.58769175156904552       0.61933106933107684       0.77974497494435380       0.67348017333376797       0.76286700955912767       0.57981768156192037       0.72399715938011078       0.68197245204924439       0.54813920736549204       0.66820189923944473     
  0.63433690624049399       0.48992613852465616       0.30802241998314794       0.40276365715750112       0.29144284011162841       0.99441208447520879       0.46920962832578311       0.52343807137465503       0.51540407399190902       0.28428711956749286     
  0.57301929767996629       0.53438912845709674       0.70409591364840485       0.67643342310143173       0.63506931689633894       0.59309915047826312       0.51623806123050908       0.65646867629798356       0.63685110483297391       0.73905881081649194     
  0.64574732908831201       0.51007566936804261       0.32542092384087434       0.42046382363742696       0.30699309489957483       0.99482074515435626       0.47985386133470198       0.53898312051088149       0.53134839127230549       0.30152352994479897     
  0.57179016632182333       0.61441987002070142       0.73031506492033671       0.66243490452128095       0.72449034053039363       0.64750378679439413       0.64397880985276268       0.79025515624477205       0.76157559161819510       0.69064282555783585     
  0.65673089671872942       0.52989788285072370       0.34164578706563903       0.43829268069289645       0.32258429973221797       0.99519528265459811       0.49029953875758325       0.55379563160934542       0.54715010944475051       0.31848288281882953     
  0.60638306436758238       0.55129498574551306       0.71562308631134863       0.64180391124799419       0.59692755654980478       0.60560059803589772       0.67046052787456289       0.60826551306117937       0.63155350227861295       0.61040339189795034     
  0.66639818921547200       0.54876328024968879       0.35800175457412498       0.45589996519616377       0.33857194623595194       0.99554049453831217       0.50024302667411691       0.56862230164862881       0.56258623411996289       0.33465739553741641     
  0.57369376605189826       0.58921494326471469       0.60822151598044627       0.63180590212251164       0.60019651755156456       0.68702121783927650       0.75458049576829367       0.75495198840811673       0.59204144128021297       0.68119359217937270     
  0.67550184895895704       0.56766765640327421       0.37151800325922102       0.47368943574062622       0.35579783144151522       0.99584414260272314       0.50929050536921672       0.58396611637029006       0.57719075769950290       0.35116744525924087     
  0.55940755319949453       0.62397979904032574       0.75784722859706388       0.72627969575030382       0.62942486056215474       0.56002334422534228       0.66964537791764067       0.64431531108269147       0.67549939040538431       0.64147228470843887     
  0.68399659272753521       0.58574129901932503       0.38423947492917138       0.49167333340003999       0.37324141292302071       0.99610148133720522       0.51803598343234614       0.59936955440016193       0.59046866019436350       0.36770167449017005     
  0.57857679473960988       0.62829631376925765       0.57713161609650454       0.73608314639213557       0.67376135165157247       0.60068235455274233       0.65095331429824077       0.69530994888745778       0.58364455503838952       0.58387300289875343     
  0.69273650065824000       0.60319443537975437       0.39747074091990175       0.50991397775764558       0.38965948455423760       0.99633854873001382       0.52677693435853157       0.61441441390488272       0.60354214955197638       0.38417366474830761     
  0.57747024293151772       0.67150307666692122       0.59132384263737126       0.78661601838006190       0.68138571359111089       0.63635687874466329       0.56018920033292396       0.60574323404102293       0.78941058778050688       0.82285989245653235     
  0.70199426731012171       0.62046020590379825       0.41149556451458358       0.52515997881828691       0.40441303729677924       0.99654134857800136       0.53515454145480879       0.62862009421392595       0.61569714890814320       0.39975584019587357     
  0.62858436385315775       0.67834908494049495       0.66840051946731083       0.72665094341394465       0.64615059853164714       0.55661442635115832       0.61610047345597219       0.58592684991726562       0.61504975173441800       0.68975330051994410     
  0.71133888025317560       0.63503776467834605       0.42754159759969257       0.53926038252885211       0.41762233850540742       0.99672235634766226       0.54385144010228847       0.64240149900498156       0.62714050631216733       0.41561895123887760     
  0.54533213130440306       0.65894909716542771       0.62327888592137137       0.65047059434346677       0.60136908451347582       0.54837441084879135       0.70217821725169616       0.71898004320255504       0.67960571475893150       0.57654479730546460     
  0.72038806742251649       0.64857413799923758       0.44248826535001073       0.55232631959419043       0.43079517478752538       0.99689962390120945       0.55291827003688365       0.65571717585709866       0.63901392588211825       0.43105484832215801     
  0.74046603224226826       0.65145681686713675       0.65149975684744499       0.67985549069108420       0.58153284102574854       0.53249002473122253       0.66044833786812318       0.64543953272675869       0.77819689930578273       0.59557463527658872     
  0.72913042766539926       0.66164462926160050       0.45728255327365158       0.56444392407389954       0.44414680977943771       0.99706826190899001       0.56237463560363665       0.66920826949395429       0.65152144335879991       0.44652092328114884     
  0.60933220499444418       0.53525578526658601       0.65327275952023001       0.53668167636653563       0.59116006048110947       0.62053321586121390       0.55200065318382829       0.62692724882543727       0.67825364987757442       0.67489255299848283     
  0.73703147912484990       0.67461131768118798       0.47271071596158459       0.57662724854020775       0.45788726948949032       0.99723140284157408       0.57258743200689421       0.68285519075944812       0.66376001265770523       0.46192153531283808     
  0.55061177670497419       0.69520090717465832       0.70236270641708931       0.63755017627915744       0.60890078648450574       0.63449100788550228       0.68765668753907128       0.72475724360794602       0.62195642200350554       0.59460662460188662     
  0.74581999830637613       0.68757276482929541       0.48722916292684243       0.58923013325936791       0.46996427742917035       0.99738915448248111       0.58356362832597397       0.69582377923386540       0.67463540650540188       0.47663663926689659     
  0.58104132345396731       0.55690639035498302       0.57923724607606686       0.59511763520898664       0.54601706209833312       0.65609787415817400       0.71705317507241773       0.59944286135958258       0.68171421684861111       0.67208262228303617     
  0.75449999433223414       0.70167852622488303       0.50242414902428867       0.60197308056519183       0.48131299612752881       0.99753642593996339       0.59473389572136870       0.70775793675189602       0.68438004359101490       0.49007730357960005     
  0.67478783850890733       0.62785315751434623       0.68978501606708198       0.61599621018485007       0.58648987131703023       0.58800513054241932       0.72710797507719871       0.71792581185204585       0.61310443590646879       0.62385426183155668     
  0.76311424893496904       0.71637730698600799       0.51754081648781092       0.61537004767603520       0.49357356953174214       0.99767250118874551       0.60419080504171296       0.71844462267962839       0.69409728870273657       0.50333351972062268     
  0.61083117455244196       0.71950106997991359       0.56778790844530713       0.81527057543192538       0.60852959210580071       0.55606490379011586       0.87606772139164502       0.62726378496144330       0.59019580288503593       0.63950121194546705     
  0.77155218039952278       0.73017097121963270       0.53141583648967838       0.62926531897721294       0.50824814415572128       0.99780775189906246       0.61187741425818587       0.72835111661664165       0.70471692312516188       0.51653576927802636     
  0.63294538729535588       0.71234061891503198       0.63591813195759483       0.61181326618377285       0.61117318528413700       0.55968463253479728       0.53875200228710529       0.60264395178513763       0.70154480331338120       0.61456313359714099     
  0.77970720427971096       0.74304884544945093       0.54408538880255941       0.64213642903043699       0.52369981401847876       0.99794357161751357       0.61978515489113939       0.73849128716074064       0.71756587976814368       0.52913482850206461     
  0.57605260900753730       0.61234959108092246       0.52999662601418762       0.71687316933399847       0.67986557679017867       0.61793257118387435       0.70060891706244166       0.69662480911667402       0.62126596918651988       0.57679396382528458     
  0.78790267276038783       0.75441749885170317       0.55685395807659199       0.65380712244848738       0.53965666994747419       0.99807193107340397       0.62679298187374899       0.74958785920072113       0.73159647939457739       0.54191618897582206     
  0.61511049224524283       0.56431869081181218       0.59381162306913560       0.57734786797598991       0.70318104836826867       0.60734510691610988       0.64813211593205944       0.59049616075384614       0.63867832613846154       0.67384033866816018     
  0.79631282669127235       0.76504899870386378       0.56904880547929593       0.66528169236480372       0.55516811507345143       0.99819673994172797       0.63302201688272564       0.76157275445544315       0.74400461741395052       0.55620260363784180     
  0.58659621262310035       0.61603468758387203       0.55053254377678595       0.59522334450163239       0.61414900212906010       0.76081135643296649       0.52295296686281190       0.75600196890128046       0.60545308098926798       0.56045465968691299     
  0.80569440604868481       0.77530495639715402       0.58173986031630376       0.67748469999156502       0.57132636894581301       0.99831060513993020       0.63971025786814117       0.77258612521483039       0.75445750461476879       0.57127249204083763     
  0.59173473744289207       0.68417350554070733       0.62544540217453370       0.70753516644649572       0.74161365903179643       0.68161181211748523       0.61769531104640174       0.74791192824509711       0.70706999113788793       0.63567774406525723     
  0.81454670977362165       0.78407733603924734       0.59620194315848540       0.68929656586144328       0.58773090745467371       0.99841952923735522       0.64721196826346539       0.78211267900826353       0.76398483204608580       0.58406894669258214     
  0.57032153371709693       0.52313431811723132       0.57368958604217690       0.65953471001833341       0.52313517384184682       0.66962808753343706       0.62583904150764802       0.66990780645136494       0.56207286574009396       0.67362717990279253     
  0.82302715763291834       0.79311762531644614       0.61075947884404302       0.70171142107794582       0.60473966822558456       0.99851699160743335       0.65496150590137525       0.79074622874120215       0.77273215168863796       0.59676337837413906     
  0.64351805789049266       0.58212614979497912       0.56340701098806778       0.67572194673210817       0.77546224401744446       0.69474685388561175       0.67770484993496927       0.58211482946080717       0.58360902181437269       0.60517869275207903     
  0.83143930807137656       0.80313847837892660       0.62407018680644732       0.71315018688177589       0.62186071677425581       0.99860506032119711       0.66297983460988263       0.79888338467504028       0.78168342841143379       0.61077373949276981     
  0.72333456634705917       0.75603481765080560       0.67862940545653816       0.56865100305211769       0.74810676919700536       0.60656932336453739       0.58919891449353856       0.57360917868449302       0.55933850830769982       0.61856654905382291     
  0.83980470443500088       0.81277551391590042       0.63842237205798469       0.72495640326595712       0.63876541296028944       0.99868966355760358       0.67142966959425332       0.80595079046373397       0.79077264662419278       0.62672624344410033     
  0.59350004066433437       0.69256902215742178       0.64759910332001236       0.56263374927443310       0.67679431482617147       0.60332013175426680       0.64442285779284436       0.59105816399455213       0.60449432979136908       0.66750046010985087     
  0.84809971604264900       0.82228834276342333       0.65326458905035911       0.73407142368288092       0.65545879909024574       0.99877240882882190       0.68049451056301791       0.81291498382684646       0.79955761401437397       0.64454017316977030     
  0.79171041750603233       0.65176528871825901       0.59802212619338313       0.62097787624295686       0.71472625436727233       0.79048007193840164       0.68946402855244893       0.57022113084968795       0.63158491797454441       0.69767085129176742     
  0.85581320415776729       0.83225393343027732       0.66801533108580258       0.74248576322155069       0.67085221427622621       0.99885423164085518       0.68858216922570292       0.82069958284064048       0.80719342325223054       0.66302559815736795     
  0.59531599231320698       0.65602786759933251       0.67761296091885825       0.56231411900328088       0.60093840294080669       0.65864537262585798       0.72154184304884805       0.58605128561526065       0.52338433190126432       0.72202758380909227     
  0.86298047320071825       0.84252821043205128       0.68318656110098464       0.75175997085127133       0.68572732431670325       0.99893392405511916       0.69651150713136811       0.82984810710266910       0.81490811843582145       0.68167773605652182     
  0.63761127752957425       0.77631825514744490       0.62975572317198691       0.60490708599702914       0.58812341511189203       0.70483739664920775       0.58595897083011939       0.65888860925068238       0.63315092824169439       0.58293404454542375     
  0.87030385045502390       0.85274039935249379       0.69984172206191020       0.76415351513423768       0.70103325347228529       0.99900115504837783       0.70389412425325382       0.83878585726697519       0.82089805586549169       0.70016721567048246     
  0.71677412457602008       0.70418594088215014       0.63983988137416259       0.61523131924799812       0.65375088217266952       0.68890231009946967       0.59657511887220305       0.63547635173991046       0.58008306390329589       0.85858250276443127     
  0.87779697853631689       0.86268676416451773       0.71647105274665679       0.77872978139739790       0.71711512516699460       0.99906281922000961       0.71105428424234030       0.84678216957819541       0.82814049223162056       0.71733702303226210     
  0.65036608781622562       0.71137099898720413       0.72511077525576828       0.84894407889515755       0.61814380431128002       0.62941941202627871       0.64059133668041246       0.81125011484707843       0.60397725324360430       0.61549220202171151     
  0.88516805800058729       0.87248502279531803       0.73344874508814251       0.79304638936394756       0.73268314668118584       0.99912018649920142       0.71832815932355720       0.85487822948356595       0.83669886144396777       0.73340147937970235     
  0.75346044971488257       0.66367475694463696       0.64656295821350018       0.74128696796103311       0.63966107194734290       0.59016122385542613       0.67409453524210061       0.60242671520454860       0.62750329820390838       0.62785290219364409     
  0.89242844888474693       0.88213811339514603       0.75088472820886443       0.80560132584570965       0.74816837816781767       0.99917374950190718       0.72595871281092172       0.86378090755408277       0.84605097634526849       0.74955556123318900     
  0.62632570760352613       0.72716486525732427       0.60208659536826281       0.66196203323861014       0.58875373056645242       0.58361036963350377       0.64144561154701885       0.64089629485678590       0.67970612889459647       0.54452647151133404     
  0.89955735834943362       0.89148436618206361       0.76828527560294602       0.81909690461458662       0.76550162429029389       0.99922605446239776       0.73362138280480282       0.87277055224068467       0.85504084205121966       0.76510940693204710     
  0.75413454294900240       0.61115209054024422       0.66506612801015264       0.72199485321615564       0.62031073880642151       0.60708074079223728       0.74085698764590346       0.53320448183013325       0.55874045539002293       0.70173491739248517     
  0.90714183909360013       0.90102202583533098       0.78528667644368777       0.83222406114844538       0.78347799166158449       0.99927819096965786       0.74161903307133736       0.88282854775026509       0.86539643454794435       0.77938434154556790     
  0.77989567769159296       0.67445143892332515       0.54888733678198320       0.80250072038706999       0.61209286877915203       0.59618584500433025       0.63040150220598823       0.65309088927823100       0.66169101305224676       0.59305040087606276     
  0.91440606981442385       0.91030394689753158       0.80183518386162334       0.84542514112895562       0.80079093347520247       0.99933029575136167       0.74969783295547654       0.89319824803990111       0.87590277619243240       0.79330566473769804     
  0.62051765414601379       0.82247532815265290       0.57361466723863452       0.70788817522978653       0.68065566609210659       0.63020488554941989       0.64655353630055856       0.70054848043798945       0.63288009791339750       0.58452960564833079     
  0.92135718180579762       0.91930411031101655       0.81776417948153457       0.85801191341077909       0.81663038347082650       0.99938146435695818       0.75835883092983924       0.90321096691328495       0.88679958180281682       0.80747947604556913     
  0.80847543693497648       0.59949863516177238       0.71705309874531598       0.64571280269302400       0.63431803907471929       0.67604292758222084       0.65837031374559873       0.77903786887324877       0.58797922977079764       0.63640501162764707     
  0.92828569648753623       0.92771122397980876       0.83247486165640672       0.87018071107925632       0.83302344902478376       0.99943193824633114       0.76726738929056659       0.91261259415990459       0.89668204544107666       0.82227998890888176     
  0.70662814060005597       0.74747911188990046       0.63130078103177101       0.63581960490163092       0.66160434916167454       0.75999961031632657       0.56032574641511135       0.70600687300203835       0.58125870937779878       0.73498676249396722     
  0.93545095717419646       0.93540758176979932       0.84582004675132727       0.88199138765294727       0.84982020200981545       0.99948172163639748       0.77635026336645441       0.92172064021920497       0.90553915962601272       0.83778138268699676     
  0.79845806451495815       0.59724789616504803       0.67366209096906848       0.70072553589071107       0.66015432765929571       0.79056429822585006       0.65455943895456836       0.67198679853114973       0.69890406748471057       0.81919122416186485     
  0.94140488559711877       0.94252232895467591       0.85940162987343138       0.89310042016479496       0.86625629500109969       0.99953251496058249       0.78601691588369238       0.93123284458345368       0.91340067273007908       0.85374226475132997     
  0.73808318340349688       0.65609838891628836       0.60169917940352335       0.64252097073802505       0.76351839324485238       0.73325711655151526       0.74348716477590004       0.66743719572841365       0.67434262127666333       0.63598016775104271     
  0.94639773944138805       0.94972790078564673       0.87350377573337157       0.90399062260769458       0.88256750058039479       0.99958380724632723       0.79543623362404747       0.93972907548847873       0.92385004954643302       0.87003448415926710     
  0.69968362012667340       0.78816475846314582       0.66769279253498381       0.60688221772256346       0.70408211855071412       0.70971099129649629       0.61667933602145897       0.62494871422444298       0.68341219957099819       0.56405492807710811     
  0.95172038936013348       0.95696860165852338       0.89117989386167207       0.91485958612836149       0.89832401963253317       0.99963479363376440       0.80645484525624844       0.94563245315281630       0.93401608849840190       0.88675202279268261     
  0.63408218556902962       0.76768313757667428       0.67266575708642129       0.55135642625378778       0.63341202670419561       0.84975482645657241       0.77821053214681191       0.61002850547131571       0.71101848602334461       0.70386459029615378     
  0.95778426488990254       0.96360082997015883       0.90634973824903320       0.92551481404053759       0.91368549642453134       0.99968593858673838       0.81778569267416767       0.95135376398081817       0.94366290116558138       0.90421790166486460     
  0.76628785203975958       0.75573599427155380       0.65717642818903821       0.62104426562868820       0.69795903202762943       0.82977550831182334       0.63060467675606746       0.55011977785977717       0.74676052055443587       0.64941755463843465     
  0.96382483394836072       0.96990597196323269       0.92116290776837850       0.93591288467074629       0.92947166013687921       0.99973738770711196       0.82922878343830064       0.95758676558667366       0.95283630830124322       0.92222012960467570     
  0.94059086852324891       0.78251294989396847       0.69577666863177701       0.63572722743035925       0.67660746873839828       0.76784258659161264       0.69466128294199225       0.60530430264861612       0.58138473941545099       0.74267545452516726     
  0.96975009267544077       0.97590452697117902       0.93611663329694295       0.94682701034879235       0.94517257027135437       0.99979061869674313       0.84189335016527511       0.96567893775807756       0.96182619282204584       0.93982317133765336     
  0.87211399491444896       0.58786237485074511       0.51883094529356988       0.74362591324895910       0.64197565231583664       0.95558288789559853       0.66565887366138887       0.59457912587035466       0.63707120868477907       0.63673629805312770     
  0.97575648901122036       0.98179935041631372       0.95180263333024850       0.95889739007869645       0.96045331331826933       0.99984271225726695       0.85532328985639561       0.97507808940843466       0.97102018507325427       0.95627958783764222     
  0.85280173147624005       0.71389910175444071       0.64705376610571441       0.61517589795989258       0.67362347932619493        1.1392416139517794       0.58234458088662455       0.61284598379891120       0.57117703561389221       0.64219929546371324     
  0.98231698774463205       0.98773705953643187       0.97100983787029804       0.97221872097194817       0.97463474902603975       0.99989458875598047       0.87146217219562239       0.98430592223789348       0.98042727768691429       0.97088675759515009     
  0.82929017494096080       0.73868058596269870       0.59596997314250999       0.76477266593960935       0.64710186773446943        1.0028536941080342       0.57177467206012622       0.69137595237025773       0.77960680091916534       0.52699545127921399     
  0.99054679291689840       0.99375532802595257       0.98577250016862505       0.98611395954833658       0.98724763467605381       0.99994722768456146       0.90860514066504550       0.99238872613243700       0.98984774259474351       0.98523611145432610     
  0.89824120795855122       0.98228367648010373       0.75263355244040064       0.73817425036478967       0.65163870080230302       0.77051626527291195       0.63923721084738561       0.61398608504568342       0.70976487139003386       0.68172848436960676     
   1.0000000000000000        1.0000000000000000        1.0000000000000000        1.0000000000000000        1.0000000000000000        1.0000000000000000        1.0000000000000000        1.0000000000000000        1.0000000000000000        1.0000000000000000     
  0.57412510880447343       0.82896561146291037       0.65114897674058791       0.68671176062993511       0.60392589083276860       0.60071521277613094       0.53503341668169546       0.58218302474065875       0.88303453388522701       0.73630975898528306     
   8.4385757978973484        5.1181568425661625        10.434746464577684        12.317195339735479        7.5463468213706637        5.2227018902238820        8.9080400988255519        7.6140532193123844        8.2546791290731161        7.4412242975314422     
   5.2894282844120601        7.4014486695740676        7.4767175159560288        8.4275520382574935        7.3199784007310695        4.9208524513150929        7.7146011272979020        9.2664064720955803        9.2904632494318644        7.7998453807129469     
   8.1758096372249138        9.2826512188797405        10.396678049843779        8.7515780860021852        7.0740203306063929        4.7918946123106183        6.8363388747359206        8.2260850209781040        5.8669441115813683        6.8602096738865868     
   7.7320876547355706        6.8671354377947340        7.8445473772028009        6.8096209641656378        10.041428850364902        4.8036539065802115        7.5092718898832294        10.081420995344578        9.3966684275249808        11.152438001983592     
   9.5103918577211211        6.5899202101436183        9.9380755390287465        9.5347270759936578        8.1336165337871265        4.9740984945103737        8.0389181853354330        7.1327632738519195        7.4715057800981999        8.5275534468277669     
   11.028686734349876        9.2885818068597743        6.7954291351537046        11.370371363027180        7.2781019491149603        4.8454261791051652        10.127272660062150        6.2217661317633333        7.6947651047302923        8.7613419827985570     
   7.9370742883189882        8.2770744937447454        6.2932898213187372        6.1448716252100812        9.9976176334608589        4.8025134326369523        10.256072014956100        10.572053197487856        9.5480385054509913        8.1624608990984626     
   9.2908333649711814        9.3666456567513894        8.1779057024178723        4.9538507442957567        8.7491920656334035        11.754950497801133        7.3040532313178232        10.119493057006629        9.0845967310244049        8.8353315956158376     
   3.9503925950673871E-004
           1           1           1           1           1           1           1           1           1           1
   1.1484544110568148E-003   1.0504275452694633E-003   3.5694489361594770E-006   8.2958293685456113        1.6044405757902972E-005   6.4832799538174329E-008
   1.6818832307303719E-005   1.6388770377521520E-005   2.0567658503511667E-006  0.27413620876017492        2.0533287875966748E-006   9.5756766894490420E-009
   5.0000000000000001E-003   9.2470703558794956     
