   0.0000000000000000        0.0000000000000000        0.0000000000000000        0.0000000000000000        0.0000000000000000        0.0000000000000000        0.0000000000000000        0.0000000000000000        0.0000000000000000        0.0000000000000000        0.0000000000000000        0.0000000000000000        0.0000000000000000     
  0.25894317221186924       0.14731708539027899        4.1977614585677940E-002   1.5523890390588045E-002   1.0072170236817625E-002   1.1022152009384244E-002   3.3265303914971176E-003   1.3145933125449382E-002  0.77335390329308806       0.20473121456774804        4.0890886740216799E-002   2.7949272839742564E-002   1.6428071932667505E-002
  0.74811332644249318       0.62530690288662327       0.67364968094855204       0.70197715504440483       0.75764760941071785       0.67256075724629127       0.71298134605311558       0.64804667028644114       0.71130602075722549       0.56205771820553152       0.60387126169475958       0.73640665629069169       0.71333690311633013     
  0.39141086678583281       0.25053805658156419        8.4204385199543472E-002   3.0297272971315185E-002   1.9891994937985623E-002   2.1510967885913057E-002   6.8985590221375594E-003   2.6329082329461167E-002  0.83182626238414137       0.30110931540585156        8.1821603842453614E-002   5.2227473894345899E-002   3.3314122057025539E-002
  0.96044124609949322       0.84118343428383691       0.70513565171259074       0.63567454218220576       0.79486211547319585       0.66206661096930985       0.75425874838879459       0.71089031972864680       0.71158325479960116       0.72453354195528319       0.60087339359746983       0.75766175362920851       0.85459767582711643     
  0.45949419665413710       0.29556346797788841       0.12198052896687284        4.6791930525930808E-002   2.9179049719823252E-002   3.2097386196004961E-002   1.0356721759907058E-002   3.8461749070421131E-002  0.86104770988585644       0.34828711004407320       0.12107605521317265        7.3143338034794711E-002   4.8900609518634619E-002
  0.70635311989501226       0.76900020934879132       0.66581493048469942       0.69708200894361627       0.67514608737213266       0.61320466684599473       0.79828085856643760       0.76981702940914487       0.68576383153741904       0.65785676567875762       0.62460458707653077       0.69101967829355437       0.82517073506798810     
  0.48542766378793162       0.33558641588711413       0.15847794382496155        6.4050680661538434E-002   3.8486047670204679E-002   4.3812494348070510E-002   1.4369101233242428E-002   5.0311788209301767E-002  0.87949203940659526       0.39592075006265492       0.15164417085471127        9.2409491401674343E-002   6.3774765795898844E-002
  0.67318137381622989       0.70931861252352613       0.78320738562814918       0.87532973508914813       0.74505412209819122       0.67615843173142554       0.66911491898409137       0.63731931793813035       0.65004387500683847       0.82362107930590112       0.75983690818454497       0.90953863687295178       0.89495619908057078     
  0.51371094107828974       0.37323332672888637       0.19333202877237168        7.5877943963871292E-002   4.7877931128845246E-002   5.6193510626067714E-002   1.8509656794535083E-002   6.1736220280684886E-002  0.89677736381602036       0.41741316697895614       0.17243074400525082       0.11128780081830320        7.8410586312031322E-002
  0.63473877027283976       0.81083740969143725       0.71565390819341734       0.61742155913100993       0.81112526936237017       0.73345933517592721       0.67973916301985027       0.59226456021923934       0.77533029081817162       0.69533305154001823       0.79889297393807646        1.0211665013684981       0.77337810407444740     
  0.54855064915426055       0.40126008382532646       0.22679677307319829        8.9890281780049014E-002   5.7347228153595886E-002   6.8212717982675100E-002   2.2796349931673694E-002   7.2158079294243685E-002  0.90876190559425041       0.43788102726815686       0.18956732117429184       0.12929454258063577        9.3387539399513497E-002
  0.82798109755350280       0.71986452902648612       0.72365462679756432       0.76721674945413765       0.65436371241404268       0.69524562630310072       0.86943464771976153       0.71044192536521200       0.76153941199849517       0.65620424598179128       0.67344733466742124       0.88429222321960999       0.80464410043315282     
  0.58555105139762331       0.42861874905669317       0.25839620769316690       0.10258683272978492        6.6802975193318889E-002   8.0768645011799062E-002   2.7039669929148486E-002   8.3338234670622610E-002  0.91678046664440938       0.45572261819085558       0.20326255565080392       0.14663042998619882       0.10881071934163752     
  0.75841501466486905        1.0049558889460986       0.71654770503977239       0.63452090753050561       0.74578504420718805       0.67123924149078973       0.64746450461824478       0.68079574779632157       0.95687334439954086       0.74810764175472266       0.65232782465358408       0.95036600357413659       0.76603965306976962     
  0.61665791432269268       0.45362355991762165       0.28880091654784040       0.11373674554322039        7.5673328628105579E-002   9.3309270556826390E-002   3.1088834038463218E-002   9.4749954767237882E-002  0.92309252441125966       0.47149312538743526       0.21592756027470064       0.16478846019268092       0.12481150938476165     
  0.80965920388973789       0.75889028096495370       0.70422831722657142       0.61170022544788183       0.66699400141635556       0.67654557844210961       0.64827292657485847       0.70377343286687466       0.90264813835480484       0.70097605587855982       0.65193924380069035       0.76041372303758625       0.81104149155379246     
  0.64373183918462684       0.47493911526557586       0.31759711515552741       0.12278250043606345        8.3798245167519742E-002  0.10562014287022835        3.5231162030551391E-002  0.10728094852993027       0.92873191094891949       0.48592224674238110       0.22770012887894761       0.18362434387500592       0.14198455480728508     
  0.74221238309973081       0.67070461732927811       0.70478459722081033       0.60684478694160537       0.67345569521765836       0.64846345200935163       0.70107629968996388       0.65700545208942629       0.78488352252900351       0.72846313781472050       0.66164564546023497       0.86858606720799270       0.62352073808031483     
  0.66831365555543498       0.49363998777848200       0.34280480982778960       0.13094743587665747        9.2387800013863666E-002  0.11736046122662938        3.9573563988889233E-002  0.11904976783227685       0.93415275518628826       0.49968219232698696       0.23780688754996240       0.20387463047402032       0.15945507225285527     
  0.75131623897823718       0.72614275235903014       0.81750801554114516       0.61981862413815103       0.69049217189429357       0.65196051087080142       0.59007107172617168       0.67054400030564520       0.65725035112747054       0.86565753107335908       0.64409946949281915        1.0225256961980920       0.81373235443045877     
  0.69007233347514618       0.51116860051663326       0.36698240745459126       0.14139795961648555       0.10251475207260109       0.12923551562157168        4.3873429033135784E-002  0.13010533699096732       0.93867467983185038       0.51224166975980601       0.24823473958684245       0.22178582986908787       0.17719834457801184     
  0.92465070252399362       0.65324188396210781       0.81634547637717836       0.60254880142747824       0.83609726179357846       0.67424645224401292       0.69867089618365785       0.69913658154870040       0.71060967567896316       0.70908207096112263       0.71641926154748248       0.80362922774628565       0.79481630432635308     
  0.70832131763388650       0.52847222190799037       0.39190127645870448       0.15203334520922721       0.11333556501244785       0.14350960156885584        4.8332557103325235E-002  0.14443098055327799       0.94235639856929831       0.52369877770080275       0.25993572507126805       0.23928655496232967       0.19733406421747282     
  0.74278178992867527       0.73932487604019026       0.71221341893798340       0.73107305651754328       0.75185650782498537       0.67604108117452855       0.67177514030396501       0.85099977499914337       0.76942801389291426       0.73229916701075215       0.68508865403736119       0.65857779143279926       0.77100344077664029     
  0.72410250383627428       0.54531037443211883       0.41743262046701146       0.16332729154335793       0.12314692397609889       0.16140689854913540        5.2355228467125856E-002  0.16159286457297206       0.94542704943853539       0.53419195283492527       0.27233167268476011       0.25700030182381295       0.21733685521808643     
  0.81390846954610518       0.73470108740412454       0.70769039816722801       0.61101363586395552       0.80417203033206830       0.79125953912698344       0.65455348390861146       0.79279793559057932       0.79620585064517491       0.65880408669275836       0.72874592751627987       0.77069160651696667       0.81898050468999350     
  0.73875241769946731       0.56161088962840156       0.44354085149743933       0.17488284483831032       0.13333272401018367       0.18061361108844121        5.7104662941042557E-002  0.18050707972193922       0.94823356739666831       0.54397569874503193       0.28440031064584154       0.27413117772432266       0.23887006782753517     
  0.77146123862982507       0.80615806831697201       0.67145620196987132       0.64741347043759723       0.62317127016003004       0.68071556869612915       0.63131471404495165       0.73692130359558117       0.66876633160824839       0.65127335843879663       0.86657016938593134       0.68109004011770291       0.81892995130935975     
  0.75150903572653527       0.57708583578425499       0.46717800794258846       0.18620913319060189       0.14455640898781977       0.19901690146498061        6.1688048769244379E-002  0.19861851113247939       0.95123596832380064       0.55295123763273257       0.29690460340638447       0.29017582241580164       0.26216336608873481     
  0.62357472147964677       0.76031663953655537       0.82051772554352298       0.61689914148041225       0.81531923196560996       0.79650147535390925       0.64191034258552404       0.85234773231763861       0.74093064164900579       0.69757629141323640       0.78482348800753776       0.75849588828850456       0.70626121782890872     
  0.76295333526249343       0.59216922172807551       0.48846896276120561       0.19917343134944765       0.15647650454118195       0.21728422399419656        7.0630469534593898E-002  0.21533418068661769       0.95407048532502625       0.56183373840223239       0.30876906293191592       0.30609906337122755       0.28531397733662567     
  0.72543269977307712       0.85496989033142046       0.64180033732320485       0.64228870501381252       0.71193754263497866       0.75325734802691868       0.84262088911429778       0.73164209834581351       0.74452584419943890       0.82026326288720253       0.74964008189682196       0.85586090608428333       0.80128166271880796     
  0.77230299273379777       0.60761067759589893       0.50697168580646523       0.21510915066253514       0.16927512393119265       0.23486062755607742        7.8147600195043784E-002  0.23227374974098081       0.95669930587040941       0.56982704787195770       0.32276316622909584       0.32206642835114579       0.30723339824013357     
  0.64957643609247750       0.87711667157637674       0.65021471703905009       0.67538965028568854       0.69895990762907767       0.90879742387522089       0.79334768819853640       0.77571816544559857       0.71152724036165638       0.65763423683033528       0.67022035857198747       0.72711392333815850       0.87442995864376982     
  0.78145596757649560       0.62324900160748031       0.52237118348616651       0.23169242000040785       0.18241843687047068       0.25156592910618397        8.6136089150314760E-002  0.25096277738238165       0.95908672988402521       0.57617574524728921       0.33818398861558541       0.33771813862967393       0.32842515218917412     
  0.78748676873620849       0.74747109331519990       0.66907747561816733       0.66726057171711151       0.87449227924438155       0.76163636636098775       0.85207904547697777       0.78711575137744316       0.71218501724406991       0.65407094953448242       0.82898543043004014       0.60987253590935409       0.64722102316535957     
  0.78992133603293180       0.63468561586592209       0.53521805333861250       0.24957635615354584       0.19583180699708280       0.26949533271679127        9.4254332722624401E-002  0.27134169116881002       0.96122988639097939       0.57966209576034966       0.35349228588107984       0.35383775960605129       0.34924257996122915     
  0.64254199308964477       0.77372931057108696       0.69928266111599069       0.84452156735108364       0.80261756131027373       0.72809664736121271       0.92932412573328360       0.85147231951041968       0.79766419332640237       0.59100606189555915       0.89460787366104622       0.70254049741705904       0.79071328036760813     
  0.79850169719803021       0.64709125959474068       0.54720255438411736       0.26839153334733645       0.20929940868399663       0.28923322957897124       0.10251922772785452       0.29278777450396121       0.96334049604174354       0.58391581348549482       0.36833901278342523       0.36823861417022841       0.36806710266802217     
  0.64256672553027061       0.82105595113767671       0.64768820928814386       0.82822504353166104       0.75309356779400960       0.79969309620792950       0.74003728669160829       0.83019662019882090       0.66722599163670993       0.66968676014909279       0.70613454073019577       0.66626045006550572       0.85578489463120377     
  0.80753758344330129       0.66005147789258378       0.55797035019211061       0.28666585244623105       0.22083298067431847       0.30992342813750684       0.11122657383167818       0.31272373819913873       0.96526138459270128       0.58853921600662751       0.38245956774914774       0.38097486030627142       0.38317507055761779     
  0.87849333604070656       0.86838103411029133       0.62805905184727207       0.78861162306423227       0.83453800510056553       0.78231280851296570       0.81431412452205454       0.90726186616766713       0.81508748590640034       0.68876847472414793       0.74158409477108944       0.62960006034902793       0.69786361170998745     
  0.81657715307519185       0.67288578465768301       0.57079069251550285       0.30411502606622931       0.23045468642088293       0.33028875397815122       0.12077937480285512       0.33068927781667606       0.96706969264614950       0.59464750668656108       0.39441351595047669       0.39522097533781408       0.39640201406157205     
  0.71419058618410414       0.83131644735599652       0.71417279885843488       0.69571267472360732       0.71091212662937586       0.76285270882813594       0.72929214355995908       0.88357315262556624       0.75208077263727990       0.62257825158605284       0.68006530494206863       0.61945774800645503       0.66041838363911343     
  0.82430087966977728       0.68354360897695954       0.58004864571216708       0.32061298294166024       0.24104033362653920       0.34990606619985798       0.13027692312658598       0.34790526322292448       0.96879220461218440       0.60169994900895230       0.40653078799913089       0.40937436036248659       0.40830697683165584     
  0.72540201948851379       0.64620363025273453       0.59639376430561375       0.91859265796864809       0.83464321375184503       0.79349383771536897       0.85799497223424948       0.77792983813473915       0.78643239349132144       0.68327617119377859       0.72028778909131808       0.80247516302897515       0.58852990305412678     
  0.83147634152010075       0.69368480432883006       0.59220451251849082       0.33569602872717169       0.25268004171770697       0.36744159084974187       0.13929094319754554       0.36448641536247628       0.97035614192882924       0.60870310187874166       0.41938299434837911       0.42202274863694217       0.41893044914255556     
  0.75033534757245590       0.75421237846237554       0.70020419350852681       0.69846641741802196       0.76040833372790617       0.78070404397795190       0.76595937778672007       0.72891449002398423       0.66760079691559182       0.70470976076412706       0.76156048766008333       0.78949808259809029       0.64164447361161059     
  0.83795067894010944       0.70398784570810469       0.60512643600623850       0.35023324039523329       0.26505228836583844       0.38340949505645849       0.14800624542332289       0.38072653638260195       0.97183022786099960       0.61540263404877948       0.43305131197188163       0.43553812787182844       0.42947515952241710     
  0.78899603493220904       0.71113337090809703       0.73938777765046715       0.69679531392449967       0.79348880370698249       0.72805808003817984       0.68906955945976145       0.77331947738808948       0.76298908883857786       0.72934189444169428       0.84076861562913030       0.75086828507779302       0.62820398861563231     
  0.84435705397193161       0.71431765427556393       0.61790067831336626       0.36462709822086870       0.27817906201626241       0.39893629797985208       0.15668744006410926       0.39779567904878155       0.97321492151561562       0.62281457880319624       0.44641390584022822       0.45037364472342922       0.43980410233483602     
  0.69923623204545182       0.68147289865732352       0.73812599630119891       0.72005687781642103       0.90763265912370117       0.70527311140147098       0.69043539409702070       0.67284401760280454       0.71738431923765722       0.76278519285124990       0.71924128370290474       0.67719719583583371       0.60386930273438744     
  0.85124593166938878       0.72488043798091173       0.63444533098981104       0.37876473289498741       0.29116019114438524       0.41457853963259644       0.16638561748940434       0.41577722008460100       0.97452248253734763       0.62986123876786448       0.45938504371102046       0.46640310399330870       0.45046532507424042     
  0.73249864549187094       0.69191543254612997       0.65966545688473699       0.68086915082559563       0.70471303137808794       0.71139621195390856       0.69940686997417556       0.83371702589795327       0.74013387080130855       0.66200725228854762       0.71406100100434633       0.75040890545548566       0.60177036639221682     
  0.85756819039123433       0.73524132495419448       0.65231885676561308       0.39056478924863619       0.30352056706455410       0.43053888841424359       0.17711140149867285       0.43388550689353228       0.97575199232184584       0.63703767643452713       0.47225911566820489       0.48376948924096547       0.46174197414904755     
  0.69443915727641781       0.79688890663719014       0.71990566915491117       0.69689673445174993       0.68791175719667375       0.71717048078956291       0.70721508973588143       0.67996757763931481       0.71998542846237124       0.86295807463741014       0.79997668158982738       0.75234850805649567       0.67628265821701983     
  0.86314044159366643       0.74525115143091647       0.67065142032115843       0.40105089516353493       0.31302187859800290       0.44882487978532754       0.18835831120236926       0.45148485460569082       0.97688536865890785       0.64487921301774198       0.48542931341541029       0.50167928164004727       0.47381738926350014     
  0.61640788574215621       0.69103522439643150       0.83583032586197137       0.62482382834755279       0.77316966132359810       0.78088996106222597       0.69206864954855074       0.81820445328875679       0.72633351905322385       0.77329119415366987       0.83989310540421735       0.81078544769702576       0.69147296723090790     
  0.86830489282220402       0.75498782570226097       0.68846391408078400       0.41197377708436922       0.31857224154987551       0.46696737837711461       0.20003296490575934       0.46809590848619748       0.97800875309394153       0.65338430549606696       0.49937704783278042       0.51820699332399811       0.48811416143538733     
  0.66758264197131534       0.73461819881349955       0.68651947366475030       0.69756974155379203       0.62530690288662327       0.79043853797457675       0.70997622908209501       0.78011396445841219       0.65449759065348001       0.77895375479144568       0.66556895745424527       0.74181505105148460       0.73973571677475070     
  0.87341490914056286       0.76450250366386552       0.70525734446215704       0.42264081090417455       0.32408156415205019       0.48383559628951428       0.21110648885677052       0.48434228239260241       0.97909168972536498       0.66201070249153471       0.51434125853666657       0.53171670176865327       0.50339690030727002     
  0.67921740245654683       0.67017703399685025        1.0481658928654796       0.68407124418531340       0.57331531103468869       0.84212760948359000       0.71041085783550095       0.67901649717391510       0.72742824538516004       0.82678791657573703       0.79190953824937416       0.72761385450386329       0.71313043512490426     
  0.87901275048905836       0.77373051110396807       0.72166212329166002       0.43592088466625595       0.33084596600380828       0.49897301210692657       0.22150222139936454       0.50104082642667236       0.98006360010763227       0.66983520993821000       0.52931161641052038       0.54223984603901665       0.52099642529406609     
  0.74591699120936183       0.74765775511833354       0.86188302678868278       0.63810890621353500       0.65451998879133366       0.80442308142670482       0.63586151392284940       0.68987561899742000       0.62271345614407947       0.80251532269024428       0.92191523311298340       0.73399175528041583       0.79143626266063860     
  0.88469011342468817       0.78323734890252039       0.73767393001882020       0.44793012040508207       0.34058807344166264       0.51278876791022043       0.23106229584150526       0.51794402573807363       0.98101791958849283       0.67716017808544537       0.54567939901983198       0.55108395003735655       0.53902314938156382     
  0.68065708213785181       0.73917409750276664       0.85180150090870532       0.66862334518203936       0.69504439407330054       0.63398776255699674       0.75649702889748327       0.78776825082758339       0.78219293573384774       0.87916025558098543       0.69775394718077688       0.62046710107536451       0.74766568371373832     
  0.89006717033841209       0.79215090870911953       0.75217186532536129       0.46229057064573065       0.35320431303393113       0.52628851172896962       0.24479605524771442       0.53520878968723784       0.98195829834197590       0.68428356743348040       0.56134758530695472       0.56022063462194327       0.55585485528604983     
  0.68470393893078429       0.68237391258660274       0.76716550559805119       0.75678347275481028       0.83465378314254068       0.72259063525429745       0.82233179138738821       0.77201100751428031       0.67131709680667473       0.80122125630839991       0.79069259133239733       0.61202919879470807       0.72968115776499021     
  0.89513533838814519       0.80085387355161075       0.76482883107646915       0.47714058848833435       0.36696601785737765       0.53880536752613695       0.25860532171511114       0.55218448853779567       0.98285532792524177       0.69062289343034877       0.57661246418174739       0.57032798496941517       0.57207877888157810     
  0.68776289916733346       0.75384497780005988       0.81018903836759903       0.84638367118268643       0.88826660902014010       0.74932838527321255       0.83258956227813152       0.95186463543051070       0.75339652223191833       0.74216401873829996       0.74052512316371522       0.70898208275270180       0.81634547637717836     
  0.89991815602304759       0.80980701800008226       0.77782601450432132       0.49268643991747785       0.38148518093216238       0.54948441195962916       0.27446378215604422       0.56873499432225416       0.98372124717347920       0.69668794432008430       0.59174694921303994       0.58157590507317025       0.58945201660180124     
  0.65955250855461367       0.66218557918469811       0.71815997759822048       0.75437231219499012       0.72930939793757232       0.69871793937070803       0.80653498638145749       0.73666966863707573       0.76814565552807412       0.73076677616627761       0.81097980910050194       0.66961689198549079       0.75444205711977574     
  0.90438912221778756       0.81807773403245754       0.79178401202792503       0.50924851296129081       0.39602009924050957       0.56033171969865836       0.28903385115749319       0.58476988656065632       0.98454696742571368       0.70255435663235155       0.60728617844809485       0.59257056606279002       0.60782394182087174     
  0.71345980714616797       0.82935522257756511       0.82601800656048496       0.76464216218506176       0.76065939457715470       0.62897424431918614       0.66069131404350201       0.74662163796547687       0.79041015857665309       0.89200103074117354       0.69251490969511265       0.68882212690685751       0.76760321206039439     
  0.90883902482426837       0.82609897255221665       0.80317922155848209       0.52405671345579774       0.41073428999678685       0.57277674093092934       0.30439107447827135       0.60050656377431011       0.98525780801578977       0.70857878840826027       0.62349669050746381       0.60365880712783360       0.62683040481475705     
  0.66523701858861239       0.69026127963559292       0.73463669838689383       0.70731998644559302       0.75508495766344652       0.60377972714858319       0.71074347411359284       0.63749976345955994       0.70985782533163821       0.74576684284829542       0.74852946868442360       0.59680835333424120       0.77496167574268360     
  0.91329692233741488       0.83437385492555671       0.81309831015897571       0.53870566398171482       0.42495842165731917       0.58536175867450591       0.31937634475366705       0.61627207053102218       0.98597556475681536       0.71462806635341436       0.63899852623977305       0.61582934016084312       0.64572963138928408     
  0.66542158807259133       0.87621305567009966       0.77397005905639571       0.78752451160132020       0.76593457053502423       0.61834557713795979       0.65657399951869144       0.69117256508401614       0.72416498872500124       0.84107147779755853       0.73967745856052014       0.66415512630059426       0.70337004970828143     
  0.91774366403786412       0.84220431828840969       0.82344500263081033       0.55070388790757419       0.43840743544747246       0.59790895271959854       0.33453522876700226       0.62952084743652614       0.98666509302897343       0.72065799667185815       0.65220456478462241       0.62809714904647540       0.66573058247999761     
  0.81859102881500734       0.71788299375398401       0.82668521026745678       0.58909111148425020       0.74404497618540255       0.69952190951847948       0.66996889121853243       0.68992430786826708       0.71036057215237924       0.73387537068916686       0.67249155334779243       0.69243275706526053       0.74470123854066606     
  0.92275241058034285       0.84902237995740071       0.83351924756263107       0.56771577400413775       0.44994967511749606       0.60977817392423772       0.35065364554345940       0.63978946304249362       0.98730879265420612       0.72680781023722885       0.66501092682276330       0.64096375970633945       0.68488024639222000     
  0.73368363396896241       0.64423648428199209       0.86711148864650833       0.85942391393979611       0.74083176574085308       0.72156050120057158       0.69079460670091775       0.74286563807462103       0.70417423305274585       0.63124650141451699       0.77954986958865480       0.72420225951013362       0.78682252962763022     
  0.92782414192328933       0.85514023586845289       0.84345825015649134       0.58386270891504211       0.46339516126145802       0.62339651013712527       0.36825725804003440       0.64946965539986024       0.98791729341343915       0.73267257095450034       0.67774495661941703       0.65388664741574354       0.70341779310378527     
  0.87279878106455278       0.65230518504800106       0.73254516900825017       0.72351763038279582       0.70913668766132953       0.73980902770700585       0.74098986397875355       0.61107896420615426       0.69315790420538215       0.72228133029056740       0.72984780275434336       0.62535668247329579       0.82869955379551585     
  0.93280300955110984       0.86046364433491751       0.85282392525984341       0.60140661224966363       0.47947901976875668       0.63958559580813767       0.38736797549566793       0.65998786016500699       0.98850046379617718       0.73811458908868555       0.68873892804481851       0.66697389745239666       0.71936290855679808     
  0.78663140455463310       0.73539187349696056       0.71717625665079032       0.86215486218464332       0.65650621199383741       0.81706653745923019       0.77169192634358696       0.64478625642920606       0.63114853464216103       0.83517765454857096       0.65862207847044185       0.77694757555928184       0.65223884908941199     
  0.93733295266150518       0.86519823460249490       0.86201776865224589       0.61730430288074201       0.49733519822761513       0.65678952405403423       0.40728502345882733       0.67338983170192424       0.98906719375053886       0.74392408031405977       0.69962177275559290       0.68012230035002996       0.73113758437476273     
  0.74320099763081671       0.58862371462755825       0.67832056779046379       0.72772474669137321       0.93368493954080178       0.74626720095408772       0.76659937124364808       0.64398124081395747       0.68758358774710060       0.73521888176119765       0.70652055649634582       0.74015445160048843       0.71691248622434722     
  0.94120159888528698       0.87002935538001258       0.87190388746079317       0.63760483079851227       0.51554572305899049       0.67046369223246793       0.42605591788964181       0.68884840057344277       0.98963020530358359       0.75128384403853832       0.71214218374307270       0.69340560797846773       0.74260152747866648     
  0.64890825991028156       0.72119403477823740       0.65694761229514598       0.81960847822406202       0.69928647103962660       0.71964049209872183       0.79334931118633445       0.69260201160967994       0.69955496687890251       0.81566039059702433       0.72445897166906270       0.67138038006066125       0.58917889415266944     
  0.94500097513818404       0.87541471525259007       0.88277789482059676       0.65858424681494376       0.53367617986710336       0.68179745204379039       0.43959870990739253       0.70424890397001261       0.99018329435820140       0.75845428273403748       0.72606358385945080       0.70783936954570748       0.75398020291657564     
  0.81775208879794836       0.63922247818984856       0.68598197386208026       0.80916703598941253       0.76030474890918642       0.56205771820553152       0.64137135669836010       0.64517497081163211       0.80366439968305337       0.77320429945113933       0.72947847149203648       0.73843253778019757       0.70109019776679771     
  0.94869471305169606       0.88067481393486990       0.89024820559045093       0.67627477882891252       0.55170223707882338       0.69182782773166640       0.45533159802241818       0.71849443103023714       0.99069146145474374       0.76554887492938450       0.73963965925102126       0.72323975495427650       0.76841266250510776     
  0.76716743229739393       0.71141884987591120       0.76259206647083089       0.84655995912582915       0.71023926096499412       0.63921485819353807       0.70222029461616109       0.72674006624142073       0.80371516945417121       0.69349317776314845       0.65793090479423688       0.68961768887963359       0.80961730936582754     
  0.95239648557193712       0.88500630573802064       0.89711622100840238       0.69218238415032751       0.56907330554504698       0.70293198553087244       0.47170354311735047       0.73227221567936607       0.99113255023333080       0.77282574616919020       0.75292103254068066       0.73946550875894057       0.78190203832850602     
  0.70083453067353607       0.62436456819009167       0.68235923582826652       0.79029219146950458       0.70753044565677659       0.63120443293707995       0.75668215501852243       0.67845148888912132       0.67515209807792109       0.91091078870121711       0.61198263653886853       0.82939221413963216       0.74954615884885045     
  0.95565448755225546       0.88872185449094443       0.90424033518083391       0.70788793192937127       0.58435962370550654       0.71811265882675701       0.48945425798420039       0.74701235209934080       0.99157185796188274       0.78026038922445606       0.76730118325234786       0.75504881742753627       0.79376195500650137     
  0.70367513308680341       0.62844009664328837       0.70652596847950799       0.75649636221070216       0.70225038488458458       0.71610856711299431       0.71506235228878023       0.72495372281660120       0.70423193527450512       0.83976562521223286       0.72914825520250826       0.67009935569584800       0.72436274259466149     
  0.95905218464694442       0.89361086467126405       0.91103715634942639       0.72411809100468483       0.59865275135577689       0.73639620209563772       0.51075701575987831       0.76250368828638460       0.99200445721871544       0.78762797965177034       0.78385480178069378       0.76880262274290834       0.80561578904759246     
  0.72796287220065381       0.63162199776801997       0.76839056198936984       0.68319980363341759       0.62530690288662327       0.86995488797206977       0.83952827859070256       0.65792494894749143       0.62835927818157022       0.70719336871576000       0.67148382627736602       0.65436228063527901       0.67933248150019965     
  0.96199775866421333       0.89786229581203925       0.91790093390525818       0.74117787730296902       0.61391212731796807       0.75354775282523245       0.53314502985216583       0.77859989971372001       0.99243381845092149       0.79473905052737470       0.80022326934926635       0.78369151863709918       0.81953631760165391     
  0.71816927005425835       0.64821859849213459       0.67669654331771256       0.76938878181748627       0.60213622206884976       0.71959947616062780       0.66093997500514512       0.71146858007980751       0.64719001441751256       0.68049431951918260       0.71223556460414517       0.61295189454180221       0.70878302711417229     
  0.96458828617763281       0.90433904813903032       0.92484829058241724       0.75910568865724404       0.62961877169457381       0.77003561493170880       0.55576915818865080       0.79487801165570660       0.99285230229067567       0.80218124514510458       0.81572477585201875       0.79912480305918165       0.83303696746747136     
  0.72644004498854176       0.70193413933770588       0.66782749184339552       0.82262320528066790       0.67434681952804887       0.78379345619722307       0.80734626305311841       0.73751316478399531       0.72422715022683359       0.68963403961004455       0.63759234840062928       0.64882163164665985       0.57678858908172503     
  0.96677470115196074       0.91064007716007878       0.93312501695072525       0.77691563514020179       0.65046658577100469       0.78661819399038069       0.57943530758028505       0.81082303299200542       0.99322174332777791       0.80987315897242118       0.83287493489415076       0.81440655279563112       0.84668355011474461     
  0.63640466487764336       0.63681168638958907       0.76621698076100597       0.69222168378148241       0.83230848907884891       0.74006100763899474       0.71007901088151282       0.75087196236868237       0.74218782780805659       0.94398451371634151       0.91682677309215621       0.63179086546548646       0.61137221612010106     
  0.96878283688313682       0.91717900792841611       0.94082552917208861       0.79377282282094952       0.67372370289253181       0.80338329917192086       0.60474208369842830       0.82710251483890951       0.99357508183273391       0.81736577551040346       0.85121078571442643       0.82956275685634440       0.85994128214724208     
  0.70422041541810965       0.84006294504914203       0.68840061654592966       0.72474011485039258       0.74874257843025060       0.75931101429905323       0.72476805564492863       0.68939244250759468       0.70016122491879618       0.71208860789009132       0.66354991205696101       0.67484330167006645       0.62330941284435937     
  0.97076936618469534       0.92394266700366245       0.94805382048998177       0.81165959686318290       0.69707719920260625       0.82084444449046723       0.63226370610475302       0.84364437335852327       0.99399104839460573       0.82487134495017678       0.86885918543726437       0.84493020765233684       0.87316797901385468     
  0.65955250855461367       0.68524219940438247       0.67510611925721620       0.90033123190555786       0.62252313496184331       0.71612331295860410       0.67297248926333353       0.61807224852216269       0.72458523722658419       0.64537545712179589       0.73838222698067180       0.63244751192816528       0.72280570402820921     
  0.97290996557725906       0.93084478753015254       0.95566312561888511       0.83361482416741650       0.72160660315422176       0.83931603904115981       0.65992796170691181       0.86062678930786440       0.99443932229793552       0.83243540978751374       0.88571477714306912       0.86094616772609356       0.88645559067205371     
  0.63900251663683838       0.70365860593794427       0.78299866446365463       0.87594589682622503       0.62689502533501684       0.68183617405277375       0.70973649122469884       0.74435107149535673       0.60467938090799223       0.73701626168777967       0.76898987792083817       0.70934681723131909       0.69781894648911880     
  0.97514602577560339       0.93765236219225589       0.96245211424854338       0.85410178500843970       0.74680147058422675       0.86061608732300965       0.68782184805544300       0.87779813698202069       0.99489941374724022       0.84037500180345093       0.90256576113520370       0.87851902395302428       0.89950198739509801     
  0.75068953633290092       0.70404797833254185       0.80450101838394772       0.94070372149378134       0.68100722435278060       0.84223010536686738       0.75459940448352147       0.62204521995466866       0.93070625822659769       0.84897678847897529       0.83655287497104103       0.69467661994451013       0.72112412308861029     
  0.97723895922151016       0.94436483497143398       0.96872357587582114       0.87500356932722101       0.77249778720125406       0.88171319805157911       0.71577130786202903       0.89455936148065140       0.99539929754232737       0.84908053213629908       0.91906708009923777       0.89633151258032984       0.91169504430553205     
  0.64635199625324824       0.79132666247108663       0.66474002403219401       0.74025429842791457       0.63146082554310468       0.80663673485644938       0.70333691180246138       0.78609980146898262       0.81468345157037814       0.71838257568666075       0.79156193283600707       0.96141634433999890       0.76089546469321878     
  0.97907700838902922       0.95157382327547957       0.97483282212644440       0.89604082965980980       0.80001913315859519       0.89941560011364707       0.74851135703828120       0.91190339448107205       0.99595538225924651       0.85902054468539768       0.93467956798656404       0.91449765843879960       0.92391286280142038     
  0.59241627304384226       0.70383091632895134       0.72610879290140817       0.84523797936204825       0.64934429894534551       0.81113810078422754       0.81401349191995653       0.68109363585252503       0.66822148797020242       0.67798395586803772       0.88770547127849608       0.72285660738802116       0.74185046244792252     
  0.98192333605304416       0.95914852715494514       0.98075132503769313       0.91696397405503849       0.83270652608261830       0.91602011799306171       0.79145817406071117       0.93023582325722398       0.99653655001262553       0.87004379409271793       0.95001145410715160       0.93208757904414841       0.93758675570700201     
  0.76140453941425235       0.71639760824687404       0.79035839263238505       0.83984271343729533       0.87627736659779509       0.69884080516636515       0.81031800887388372       0.75215389603963323       0.69568555986312208       0.75123598807618186       0.79637050473886628       0.77528852344848720       0.70437626658776875     
  0.98475992924635236       0.96777137192877050       0.98608934896008571       0.93787042232794093       0.87183375356669224       0.93444672631611858       0.84153732431284789       0.94875302547218809       0.99713053842359467       0.88368697125267104       0.96328394567584530       0.94874925520001396       0.95203601788132841     
  0.67708755005779642       0.72124300714064205       0.81346921168281072       0.85420248879700134       0.76916288641149855       0.80730418816251215       0.72493441503193456       0.77202918359449502       0.80312190784809745       0.73982669801485945       0.78967060804793121       0.72676313941897464       0.76109280836814264     
  0.98857277249702835       0.97603071349681991       0.99094962825710975       0.95877174883624339       0.91025756742249719       0.95553073426943336       0.89421328287569735       0.96628361953137321       0.99779627635741253       0.90425346613337509       0.97703091749988613       0.96555617478413025       0.96796198501776076     
  0.99513725066267589       0.75048742292295467       0.68496804699802971       0.75665630673584583       0.66688194625068331       0.85725209658915436       0.85170684918436546       0.83128199652788626       0.95649638580163043       0.70242682075670848       0.74728945944056346       0.76333935080069559       0.71799023538976858     
  0.99408778835268308       0.98744821194716359       0.99555604040659118       0.97948884318035889       0.95596033017826076       0.97816625203429841       0.94493716604536526       0.98320220759080801       0.99869049591657844       0.93937891431308007       0.98843173183335464       0.98283404408184682       0.98390760876112304     
  0.97932918008360104       0.78928803868908515       0.78018556291056429       0.67544753072471420       0.72785837917111940       0.84415721701292645       0.72824876287713514       0.72686817709777940       0.78288387614083843       0.68618467083890089       0.64534055672328638       0.80865739633917433       0.80874990944721514     
   1.0000000000000000        1.0000000000000000        1.0000000000000000        1.0000000000000000        1.0000000000000000        1.0000000000000000        1.0000000000000000        1.0000000000000000        1.0000000000000000        1.0000000000000000        1.0000000000000000        1.0000000000000000        1.0000000000000000     
  0.90078342331513239       0.89192477531961434       0.73858459114566744       0.75767486479483659       0.77222640512439233       0.98355241735029375       0.75610645472250582       0.92042140729337929       0.65795718626411615       0.59283941418787545       0.70245654038178740       0.79393628595691024       0.81106453719624449     
   2.3593024759767389        7.4634340936865167        7.7441946150853163        2.1948580112602309        11.830662943948299        9.4242073023897621        12.816974674992862        5.7632497041814181        0.0000000000000000        10.997354271709154        2.8853537024163338       0.74475421991154822        10.313977503494558     
   22.401847732740698        1.0783418097706490       -3.1111838169503132        10.058751500312464        12.852579584165705        7.0859306806426687        13.040649266799136        5.2565668298816481        5.5525566900450603        14.501941030553850        15.342427001631798        10.566203768832066        9.6717518019262254     
   6.7467518786263510        5.1422890828488814       -6.0224646056476345        2.9048931057364178        10.740727924229986        1.8110728672847238        1.1344378837303226        4.1174501878722198        8.9037302256889426        7.3824432563376305        8.9698314863045550        3.9726920395768772        4.1283671559775117     
   4.2123019429345430        4.0240211018204795        3.1193575564102320        12.584727110287258        9.5895705914634171        13.375816466932186        5.5826919100406664        11.646442591402113        7.2247398951544248        9.7290488640589974        10.869334271611958        14.986828189439152        11.360701986021576     
   6.1286669480348248        3.2279903896207651        6.6061139645741394        11.448371959931388       -1.8800493047249700        9.8716410488152331        6.0677295913958442       0.14067801168171154        5.8032067145540731        11.428174852444762        3.9932151568655629        1.7259540088732197        3.5746996883105355     
  -1.3120284425869380        9.7939960128743326        1.5789082865465454        10.354112189081443        3.8530408847858251        8.3954896398254419        7.2945346754681069        13.407282201003124        19.097267628685827        10.567033466962771        9.8055796770842711        11.765039000412857        2.6007604793080787     
   6.1202031652976521        3.8938452008293170        7.8351763997550021        9.0527505346989905        6.3115836780235703        6.3976484651862116        3.3411312280036145        5.0866533348202330        2.7443239961717221        10.483954750306877        6.4386238551577879        10.605930489566154        13.356470028599459     
   11.510934935385080        8.1277941878677762        13.170687928530988        2.8614510912965869        1.6070815613850433        6.6427548066272086        2.8622608229314501        13.904934906683646        10.052062170253503        1.7116396615371523        2.8042381850370117        9.5853913417446465E-002   6.8674883430462081     
   3.2373260248094471E-004
           1           1           1           1           1           1           1           1           1           1           1           1           1
   5.9769659257751960E-004   3.1173538160139761E-004  -4.2776605200784518E-008   6.7289235615506939        9.6688588866684276E-006   1.1825061057647801E-008
   8.9860384998000074E-006   6.8088940781777567E-006   1.3685199141181644E-006  0.47187612631387543        1.3677809409736859E-006   1.4889286794961832E-009
   5.0000000000000001E-003   10.501812039633652     
