     
 Collinear #          94
 ME*wgt:
   0.0000000000000000        0.0000000000000000        8.7106349748474880E-024
   0.0000000000000000        0.0000000000000000        8.7106349748474880E-024
   0.0000000000000000        0.0000000000000000        8.7106349748474880E-024
   0.0000000000000000        0.0000000000000000        8.7106349748474880E-024
   0.0000000000000000        0.0000000000000000        8.7106349748474880E-024
   0.0000000000000000        0.0000000000000000        8.7106349748474880E-024
   0.0000000000000000        0.0000000000000000        8.7106349748474880E-024
   0.0000000000000000        0.0000000000000000        8.7106349748474880E-024
   0.0000000000000000        0.0000000000000000        8.7106349748474880E-024
   0.0000000000000000        0.0000000000000000        8.7106349748474880E-024
 wgt:
   1.0000000074947031        9.5469501730272709E-006   9.5469501014757144E-006
   1.0000000007183669        9.5469501083339284E-006   9.5469501014757144E-006
   1.0000000000715397        9.5469501021587008E-006   9.5469501014757144E-006
   1.0000000000071512        9.5469501015439870E-006   9.5469501014757144E-006
   1.0000000000007152        9.5469501014825432E-006   9.5469501014757144E-006
   1.0000000000000715        9.5469501014763971E-006   9.5469501014757144E-006
   1.0000000000000073        9.5469501014757839E-006   9.5469501014757144E-006
   1.0000000000000011        9.5469501014757246E-006   9.5469501014757144E-006
   1.0000000000000000        9.5469501014757144E-006   9.5469501014757144E-006
   1.0000000000000000        9.5469501014757144E-006   9.5469501014757144E-006
