   0.0000000000000000        0.0000000000000000        0.0000000000000000        0.0000000000000000        0.0000000000000000        0.0000000000000000        0.0000000000000000        0.0000000000000000        0.0000000000000000        0.0000000000000000        0.0000000000000000        0.0000000000000000        0.0000000000000000     
   1.7747610431127256E-002   1.4137872055303544E-003   1.6481912345062118E-003   6.5623510815130154E-002   1.5200108518733702E-002   1.6161544482323258E-002   1.5883194630178562E-002   1.8699949091985385E-002  0.20467663724470656        8.3916983460533917E-002   6.9111410750055863E-002   1.5479503850066372E-002   1.3743884056868326E-002
   1.4067558371772029        2.2439827131440326        1.7294895711910014        1.1845055079870874        1.1964656226845316        1.2935482486439247        1.4586705345238467        1.2540002560458008       0.99429077494680851        1.1540182653172832        1.1657959640518067        1.6517427815952093        1.1067515008841553     
   3.5935085798179896E-002   2.8227825298736279E-003   3.3575638152500741E-003  0.12659339508994960        3.0150996596698648E-002   3.2442917174296509E-002   3.2569969726294334E-002   3.7247664773896669E-002  0.38656439671387205       0.14834535609727345       0.12939480389578625        3.0797085926989289E-002   2.7947626362135439E-002
   1.3509228880538473        2.6487913239522665        1.2799874581980362        1.4142652431142899        1.4030468667637541        1.3343028294212473        1.6795640060471217        1.2585193280616411        2.1399445740675280        1.0328601884299498        1.3473097991829368        1.9755339901272935        1.3216569971769869     
   5.3809688164916568E-002   4.0622809343476510E-003   4.9791049656430280E-003  0.16671804871460078        4.6346168471906535E-002   5.0018487579249205E-002   4.3755669310730050E-002   5.3861499011403698E-002  0.42970106108941591       0.18722676235876654       0.16369456092990300        4.3361835915400680E-002   4.3121433219600769E-002
   1.2102650461104048        2.2623267284618676        1.4189551364656208        1.3520600253511186        1.2895442534258050        1.4521971890342102        1.1662298557551432        1.3175689815920337        1.3878703035289814        1.2718263578264732        1.2844245312650555        2.2001373953750036        1.1927489987494504     
   7.3003570223787659E-002   5.2131290151262045E-003   6.7014144494426378E-003  0.20543110783394103        6.1454549486440260E-002   6.7056966766072021E-002   5.4315358607802094E-002   7.0404179156727295E-002  0.47277121686883467       0.21035446037572236       0.19139005190929820        5.5561801473285405E-002   5.6186324230011471E-002
   1.5021626687188789        1.5907907812723538        1.2408236144970981        1.3615573844125994        1.1319474334211328        1.4852506729156985        1.3044382899525448        1.2445465392456312        1.7325821642685966        1.3879244465612877        1.6237264997773788        2.0241704644712759        1.1565205907254201     
   8.9090502234111940E-002   6.3586672971460327E-003   8.7316891772995578E-003  0.23522403076005888        7.6718342711621243E-002   8.6146813756853791E-002   6.5070300201380715E-002   8.7730408419444697E-002  0.49297909453609162       0.22839947585769846       0.20900665778353769        6.6853501003537708E-002   6.5842053025174901E-002
   1.3158805543382426        1.4441306471563693        1.4367854015324180        1.1332985400093436        1.2778092622925408        1.3695246506926420        1.4398604215440221        1.2016470126226813        1.2025939992207055        1.2170855377807350        1.3206709167790993        1.3608443952608023        1.0949679125024727     
  0.10334318547176777        7.4644812523699151E-003   1.0929566271786496E-002  0.26397838587700900        9.1671495064681183E-002  0.10460277461633322        7.5644061140031110E-002  0.10661448997260603       0.51333696301585841       0.24303559241756933       0.22568325801495154        7.8415810385540741E-002   7.6865925076428171E-002
   1.2037880169770965        1.2741104854408409        1.3663483577155127        1.3458338758078587        1.4086821147778286        1.3142410163578861        1.3368745924666285        1.1667609101474383        1.4014736854346934        1.2069661794390736        1.3835565918043105        1.5299413794104955        1.1739012607269461     
  0.11691353528665524        8.7324999622396173E-003   1.3141261594638982E-002  0.29070752762974839       0.10766898176190483       0.12434972176061131        8.6140111202948524E-002  0.12913924458809883       0.53129019004551026       0.25719146049393710       0.24039362671355485        8.7406740356791759E-002   8.8780011283350210E-002
   1.1939972397751244        1.5317614155613875        1.4097525643129323        1.3540617368453169        1.4489109221153165        1.4245731363083136        1.3685023337723694        1.3811360639494268        1.0973545777380527        1.3238065427477554        1.5818321341194603        1.3586095051612987        1.2573100970723265     
  0.13035843547363768        1.0506744006293161E-002   1.5274957668998942E-002  0.31523691668410397       0.12359946181925537       0.14453319627602085        9.6415176454032137E-002  0.15105646674241652       0.54969489590995990       0.26836468239939287       0.25438156453677868        9.5808792534954140E-002  0.10212520327882905     
   1.2063192802798075        1.3298370497549517        1.2981454940673283        1.4268100479840191        1.2799065406881829        1.2609239329792468        1.3645855102810496        1.4954507513610900        1.4680586872730050        1.3410982603422601        1.6366632127536864        1.2284700398496162        1.1350753697771745     
  0.14422344002096912        1.2292292659174489E-002   1.7589205145763238E-002  0.33788002870170825       0.14074634259601787       0.16256599474226646       0.10619414538708859       0.17323877551469313       0.56619076548248970       0.27841961530909548       0.26705862617067616       0.10547205431319531       0.11543094933311471     
   1.2559603533751371        1.5937492220765703        1.3082069441706281        1.4139070011097257        1.2583165583468128        1.5188376965985866        1.4366217538981090        1.4370929176349985        1.5020383207707666        1.4475095822400692        1.6436645289482301        1.3260291484240441        1.1617560409089507     
  0.15837519777471157        1.4292434222114816E-002   1.9946748320467250E-002  0.35804147283819432       0.15820652741243002       0.18003908023515314       0.11597665944744148       0.19516764986982271       0.58220270604467117       0.28780795902757106       0.27732106659407402       0.11553996013372586       0.13246508100206603     
   1.2054177602016827        1.4427034551767304        1.3452913461008031        1.2565112501559752        1.2022483884598323        1.4688189132645662        1.2878534655636089        1.2866679233834963        1.4731183033507180        1.2725172628428734        1.2636695619746443        1.2791354566048732        1.5312945111930327     
  0.17484990056244765        1.6255639571976423E-002   2.2341487138630541E-002  0.37868511788010484       0.17275484348728326       0.19671778412803748       0.12650887249057624       0.21336263085801885       0.59568500707662786       0.29704201205936687       0.28781904952057741       0.12533302447042255       0.14940223785860315     
   1.2016446804548433        1.2495336072104919        1.1354045863517395        1.3667308288632751        1.2195619555467103        1.2043657434239636        1.1652980582478418        1.2910522946135479        1.3439766165490143        1.2320259282577710        1.2838790064724717        1.2858975273060003        1.3548420445778488     
  0.19156079065399337        1.8214977769208700E-002   2.4966107239937994E-002  0.39828857852217758       0.18785317570242782       0.21292818795883148       0.13736861798314071       0.23116604759546719       0.60902180426069019       0.30647542699724301       0.29833101176507831       0.13510366354379241       0.16527281000703720     
   1.5579498440255479        1.4143770798070221        1.4638353979852496        1.1794976452387118        1.2506835136672765        1.2644316555878361        1.2442916781903519        1.3554863997392914        1.1380207202570807        1.3688977030992973        1.1702560935005692        1.2924123903308020        1.2645145169270651     
  0.20808782230417841        2.0189941970508048E-002   2.8925735256295802E-002  0.41722169750933469       0.20221758263292341       0.23013990452388325       0.14832351752305556       0.24831443136964312       0.62153942940649609       0.31590472218686583       0.30924079729580534       0.14469966079986726       0.18109308041719671     
   1.1636656362736268        1.3573781758360628        1.5589957053251975        1.4842472644308256        1.1439486926040248        1.4245557859601687        1.2904103869649577        1.4414424989281742        1.2208895547858085        1.3901161726121256        1.3591359289222167        1.3351808940664522        1.3575997589922446     
  0.22421409838492712        2.2341249798350941E-002   3.3014964753753283E-002  0.43574843037178795       0.21624344273827661       0.24770209064805532       0.15925392209035477       0.26535980617436777       0.63348524874294820       0.32576966221796688       0.32014425120292817       0.15342845903342206       0.19894037056888822     
   1.4215468880989723        1.1575434087563936        1.4929195732378078        1.1113415451153539        1.1118868804695441        1.2448506353487689        1.3861434730988309        1.1505027566911143        1.1937089325037298        1.4341881472589642        1.2912978206640928        1.3130732028446019        1.3951152993018781     
  0.24038571842530715        2.4512900825558154E-002   3.7758087605435815E-002  0.45292734899872489       0.23471991280743829       0.26502507917020057       0.17008087732801738       0.28148008126517632       0.64381761298423779       0.33561206006611322       0.33054547217546504       0.16151298960362495       0.21664448841191430     
   1.2935562122119102        1.1515513098938845        1.4115845566684333        1.3545456847040249        1.6115278670860937        1.4315524561106958        1.4346319922977226        1.2883147229608167        1.3867997929062552        1.4010546838384559        1.1793966748060314        1.2518784959498432        1.3387187023413800     
  0.25739669049537500        2.6954269613869201E-002   4.2367126322108928E-002  0.46785759537448551       0.25250082615559227       0.28236745308412575       0.18056314192820330       0.29565055269306534       0.65402595291900700       0.34471725288861010       0.33874236048727718       0.17241441297247423       0.23433291983092905     
   1.3583275360336819        1.2880698499698255        1.3613641142467079        1.0831986666876166        1.5198312572766932        1.4002859961964536        1.3831630709823655        1.2665716715171729        1.1035349277835131        1.2355585288560096        1.3231427998903476        1.3011128341651732        1.1702665412055384     
  0.27539947181364721        2.9394562102549083E-002   4.7883089495005859E-002  0.48260436522265326       0.27067335394500797       0.30053651259944036       0.19077014318158389       0.31023729532068739       0.66416269096585068       0.35332341054217170       0.34693509663425381       0.18310366709039008       0.25244417311676037     
   1.2392512535618312        1.3803423331760465        1.5450106126878316        1.3040696326327517        1.5048541529139909        1.5333475609369429        1.3039305697684400        1.1897615657200893        1.1382654084547441        1.6928993475871199        1.2063713128410967        1.1893607215404078        1.2942287846015044     
  0.29316681630477087        3.2148805537467261E-002   5.3530503864834086E-002  0.49677584822410120       0.28918224238685636       0.32056854744221608       0.20101443462233939       0.32491934923949634       0.67382739378043388       0.36163692250820650       0.35418745573772487       0.19414403389203408       0.26542700320634433     
   1.5703078104125348        1.1865018977982129        1.3334658381242963        1.2401565068708238        1.4171692356295458        1.3429128026292534        1.2941970064008625        1.3835093389021931        1.3297111683553291        1.3126646380881275        1.1828564280642961        1.2818638254561689        1.1884990074222190     
  0.31028590161558306        3.4984613893999789E-002   5.8714158097388801E-002  0.51200090739840509       0.30644569104012515       0.34050146854768165       0.21135579396782433       0.33879716727705217       0.68254745203804013       0.36911010417891305       0.36094385007824936       0.20529254203321459       0.27917500074970852     
   1.3293294921246377        1.3922898678469215        1.2586669790193432        1.3577579056249951        1.4579684915625302        1.3841312310159675        1.3938812965271152        1.2652818262491818        1.1748549113636411        1.2517275559137557        1.1303695081193474        1.1361583923435508        1.2973350459336004     
  0.32716750181105203        3.8491862027907442E-002   6.3802997167619085E-002  0.52802633636169294       0.32365306519339221       0.35558353745568638       0.22224265624915007       0.35071627357677704       0.69133846792317843       0.37631968745059047       0.36783582172004764       0.21742782036841549       0.29131409014878801     
   1.4291950892434089        1.2327998380459206        1.4661832990629484        1.2078625202947504        1.5438086115823972        1.2536629743822059        1.2497350435406553        1.2605020876257911        1.2589752215089829        1.3160278319860965        1.0774912809359691        1.1875059067671119        1.2538803696211511     
  0.34425508254368331        4.1945072205802139E-002   6.9644534043650383E-002  0.54329572068956045       0.34036129279426919       0.37080004835887953       0.23337414060040448       0.36366211192324865       0.70002165256333837       0.38329551968237491       0.37732494748701667       0.22997564705442958       0.30336179510001682     
   1.5701225624707584        1.1231949224271831        1.2058952252252486        1.1774375259252881        1.0984176478567862        1.1767200624745200        1.1618882304281029        1.1085878582670576        1.2406288161947381        1.4693680633208397        1.2174737846477917        1.3323802895171895        1.1087779488742344     
  0.36246979843339017        4.5799534508335453E-002   7.5772419605333166E-002  0.55782720580725054       0.35728331170033722       0.38617547349955472       0.24448582271924604       0.37916170592818871       0.70845121414757017       0.38916802450938415       0.38720372053135566       0.24380884322062718       0.31567093639811794     
   1.4296435874748992        1.0960588339503956        1.5091552957688592        1.4869850952004533        1.2580103310081068        1.3688964740093608        1.1395440193471142        1.2259253715821212        1.2786687139928044        1.1762247851110612        1.1877185421049816        1.2566734531186461        1.2342810319827577     
  0.38051732112163611        4.9711100963516081E-002   8.3222130800226266E-002  0.57152158782957874       0.37281318802976610       0.40268010171476543       0.25606014396681381       0.39417237821827622       0.71663489346629794       0.39313420010092343       0.39816781696157350       0.25778110725129277       0.32816868577389435     
   1.4481269734313178        1.3094202178257124        1.3924302496762420        1.5342264409225788        1.1723441199216587        1.3789845057367311        1.3286633672024988        1.4303292470842677        1.2519195116249504        1.0890195834933774        1.2130853776259891        1.2854915048433628        1.1947661331244883     
  0.39918694545232103        5.4585200754061709E-002   9.1036546793860820E-002  0.58370701380385392       0.38721968255199712       0.42004655649970435       0.26792776573448601       0.40995680830576864       0.72505616831784003       0.39723872448899517       0.40962596841722732       0.27255116538291130       0.34349471323616504     
   1.4330918206957628        1.4073602213834413        1.4019686244952996        1.1979502522223913        1.1981357119520823        1.3938706658257212        1.2886804006746462        1.3609186037923722        1.2346014410573594        1.1061797835206928        1.1555160955665535        1.2295364675158420        1.3366607144177010     
  0.41789469492216630        5.9601557623378279E-002   9.8884352263913428E-002  0.59574138709169955       0.40277247031459495       0.43755567330321843       0.27953234960695017       0.42548336322520114       0.73352715610870300       0.40185359059510817       0.42172509538734848       0.28695214914718220       0.35854903040985064     
   1.3520262160011021        1.3096776734785889        1.4433778522452199        1.4496729296222881        1.3893518855134834        1.5556180695606212        1.4907138608555173        1.0951667569551449        1.3082226285200500        1.2194655139198853        1.4088895644815940        1.2658788713438216        1.5513959184321797     
  0.43569997660935444        6.4738891797303147E-002  0.10636276061145034       0.60752653564790005       0.41916376154390222       0.45444909462304989       0.29174299064581555       0.43990658522904091       0.74149193771168254       0.40697607607267894       0.43455679016456211       0.30020270201329891       0.37529852733778074     
   1.4504543385255699        1.2109861409448723        1.2797860547913265        1.2499413730511466        1.2476270565546197        1.3164475055621701        1.4426851585899600        1.1676243570031335        1.2488512131545655        1.2003256181041084        1.2074133753989380        1.1529179539943746        1.3443922602941305     
  0.45299262619047287        6.9946052225871427E-002  0.11402044817395682       0.62007199879679076       0.43610530370909756       0.47074374841550320       0.30315596597375816       0.45400959583557260       0.74919279183388365       0.41163084653096410       0.44800747533621449       0.31343265279692850       0.39075146870807975     
   1.4950163379109771        1.2698099946812444        1.3097684863150880        1.4475504040194811        1.4390107524579110        1.2554308463500088        1.4018991466463826        1.3664875908126417        1.4550289077445036        1.1103906242086827        1.1754545006743198        1.2808639136548898        1.4726354899934879     
  0.47023412184093039        7.5719465510632369E-002  0.12160795329563236       0.63322551397175675       0.45318137760086358       0.48593064799751051       0.31442700821805009       0.47221660607337723       0.75629050738767167       0.41651053558189710       0.46137984088842665       0.32551123571102814       0.40674901373491662     
   1.4044096392049674        1.2126366171482761        1.3020076195192793        1.3401222246478002        1.2905528419642649        1.4061767759435222        1.1111652512443428        1.5294485935204791        1.1259054820724397        1.1269983424461087        1.1899455947957429        1.2447594276323806        1.1456562169347828     
  0.48702894521014295        8.1616956529330278E-002  0.12989935504679309       0.64556475301197680       0.47005408365056645       0.49974667766278835       0.32550848322392512       0.49054462633239926       0.76303462393988086       0.42166142768488762       0.47492777693345767       0.33933425735321893       0.42236265071336310     
   1.2917704946499358        1.3222278974232868        1.0732545430542293        1.1492685554972573        1.3852056322485358        1.4024260361076104        1.0330663660517101        1.5586951958110637        1.2705600303083340        1.0947204480023489        1.3115477865089380        1.0975113232899645        1.4455722679431746     
  0.50360172658119062        8.8084913311219842E-002  0.13771218885306155       0.65744023354726810       0.48697769011497238       0.51191397798992244       0.33694827944048517       0.50728398667373298       0.77017750737112556       0.42734929919225356       0.48804830981770214       0.35501536287212293       0.43800143386430240     
   1.5113958575618041        1.1707742057775767        1.3195307057624410        1.0852917523354775        1.3923138832744659        1.2445099929189924        1.0659463395103821        1.6308583076107257        1.1892953493291125        1.2151346887868377        1.3048457279203101        1.2434477223750739        1.3535408833910878     
  0.52044994095862052        9.4649616621125962E-002  0.14591834909341436       0.66978204622542026       0.50419640892520046       0.52278674344406895       0.34774423605287436       0.52361774523991922       0.77746940261725472       0.43291318514736193       0.50056850330345071       0.37015553787732075       0.45359769484283263     
   1.1602640206430690        1.2562137144722036        1.1719661527562810        1.2562479885022639        1.3952138829136496        1.2730305567373461        1.2294269979674741        1.1633952185611587        1.4118019280223186        1.2053740799078594        1.3466901783753662        1.2693341900076816        1.3278574887705681     
  0.53675509196909166       0.10225705566008875       0.15416104329431468       0.68191798463028075       0.52274530880018766       0.53620131802625659       0.35977135257026949       0.53972522043441362       0.78420893545253290       0.43968906238594047       0.51352603400163277       0.38459174188259926       0.47045228668361644     
   1.3077227301393448        1.2171914132318611        1.2089483050106997        1.4149412191228568        1.2048553208228305        1.2291653734444419        1.1305767473946962        1.3324410709720553        1.2823403645034614        1.1409828649362672        1.2304679440305306        1.2592319269466610        1.5813898428762607     
  0.55197178521788848       0.11018220290464131       0.16440462455013582       0.69418131169828601       0.54152333847849909       0.55123295915770043       0.37259519847059314       0.55481496231920269       0.79085512483681486       0.44643020823251017       0.52619991405163447       0.39914243611617028       0.48689239101841447     
   1.2782546845369529        1.3974515448511322        1.3199168784800273        1.4420682992969931        1.4866612936500836        1.1937966030350451        1.2783553537628880        1.6784228823855938        1.3429387161718158        1.3827668069098473        1.2621407388655468        1.1255498164119209        1.7214774834491806     
  0.56712430122806512       0.11839702370429638       0.17603289274759643       0.70658699352692123       0.56055829971095938       0.56549483016634416       0.38675784770930410       0.57081712897780101       0.79617202883031357       0.45433861069034842       0.54459382529669276       0.41583407056755251       0.50039546804119206     
   1.4623180724157998        1.1962895720502840        1.2843544161474232        1.3254782214579062        1.2172723622303958        1.2680572930210756        1.4360317540660399        1.3277402726465291        1.4147427532396013        1.2655593027168470        1.2468210103232751        1.2435338972444949        1.5521046975134567     
  0.58132044412227235       0.12744287021565923       0.18886384119367125       0.71848329203041561       0.57641393912313965       0.57944629466963093       0.40209529905870889       0.58611790821455190       0.80103666512081662       0.46196059082036789       0.56415961000971637       0.43304465647237489       0.51242411094521700     
   1.4198420486216650        1.1009574248683516        1.3720339703783890        1.3370227755264061        1.3228136498184597        1.2158217608042967        1.3181008785437482        1.3481616734894473        1.0439379169461511        1.5217249400772894        1.2449413589678051        1.3314607236627749        1.3984121866469434     
  0.59631608612551956       0.13834654608169647       0.20088677481296893       0.73002772918345449       0.59246372276490344       0.59292567900400073       0.41714353550194810       0.60168283641482034       0.80660062721791315       0.46943804639209052       0.58199758713753280       0.45104714441161836       0.52577324491861743     
   1.1184798122818693        1.1557355075450300        1.2847183545452487        1.3988165874795284        1.1534788560236868        1.1574431270053940        1.5230391413678119        1.2433743401602013        1.1364999963356703        1.3410351046648470        1.3259385075919110        1.3167951901238719        1.2737965902753114     
  0.61211690233240412       0.14970118412500871       0.21254675544193549       0.74144966534793499       0.60872292238663039       0.60544793476841618       0.43214077143434398       0.61784457364141132       0.81184819612522197       0.47707124451676824       0.59911732775419313       0.46858092595569084       0.53968862007537277     
   1.1752464604967778        1.2683700618875242        1.3061705369070717        1.3171948518469314        1.2166390529079019        1.4127655796011662        1.3322533072353901        1.6752397320617780        1.1879301363668078        1.6080573466468486        1.3640343070874135        1.3360370541062616        1.4181317513813787     
  0.62861494750181890       0.16254256232985101       0.22444042601916819       0.75293941569079070       0.62523078647777863       0.62116288817583776       0.44706503382976676       0.63420288833725824       0.81614147130519199       0.48503737395758018       0.61773658984899782       0.48597134451111051       0.55366134579627457     
   1.4439312490228491        1.4137497441443347        1.0978220435629735        1.4072697697200378        1.3006225025348463        1.4602298951919068        1.3390076822735273        1.3783826418859759        1.1243031634009086        1.2421662610742004        1.4018273985598870        1.3710699447245915        1.3910146594189434     
  0.64590725947223682       0.17622912681223271       0.23668111013079721       0.76432928170270187       0.64225050586853250       0.63695397922738328       0.46181635125344567       0.65008555303466153       0.82079785797760896       0.49270018924681708       0.63709025361036709       0.50344556100157867       0.56818440916156010     
   1.2035722109683018        1.1623644431514535        1.3585516454315865        1.2994516604217738        1.4071955977444022        1.3419381673216217        1.2128222168676628        1.4512940853222092        1.1332052564193213        1.3585334579442609        1.4463304625793982        1.2560670320608600        1.3126620560029203     
  0.66074640407989427       0.19153714706778072       0.25073533409450799       0.77621743806483678       0.66000965440029180       0.64935572962969357       0.47622227528677608       0.66561336586503173       0.82600679295251933       0.49965706463417320       0.65705650649284375       0.52127507784024152       0.58223077295423309     
   1.2632434523409013        1.1861880576063843        1.2490826248775602        1.3824173583890462        1.5026825923367750        1.0932771467124094        1.1661052395787470        1.3489386242866022        1.1935577740171497        1.3423131453868600        1.3831422815458885        1.2715645582904596        1.5633624990997947     
  0.67464750592739631       0.20677552392573986       0.26535762208928992       0.78537782682104551       0.67622130717869844       0.66219410850149640       0.48919842149829523       0.67955661521741861       0.83144464338106283       0.50666391480753681       0.67762170173421510       0.53908749880300066       0.59579320236525479     
   1.1295505291368337        1.1482827295206770        1.3410556633487771        1.1680870314882970        1.4607419476796761        1.1210747166491155        1.1121299702270186        1.3598927541605428        1.3368914465253716        1.2454662227361104        1.3295099411506968        1.2004101828577010        1.3843037664576736     
  0.68525162990430788       0.22192485425588845       0.28308080583011308       0.79386246334929789       0.69217193633424912       0.67574452758289971       0.50273804431340385       0.69382437254810336       0.83717515961084588       0.51521827005490495       0.69712042050016065       0.55642295311431078       0.60985494023404663     
   1.2210831270633142        1.0487441795725412        1.3509829663966979        1.2704976344949317        1.2736649667503774        1.1326548307814504        1.0969927270787219        1.3698124682831350        1.2869064803816905        1.3426262319975490        1.3563001659524276        1.3278809341845172        1.3524205838341126     
  0.69532674481122936       0.23788527685200447       0.30081132585528292       0.80139906649463122       0.70853618968914767       0.68877749268900501       0.51653472952381296       0.70629409731232617       0.84276770235720944       0.52386097567313905       0.71579321976976296       0.57353319826829552       0.62389248475825121     
   1.1187947646272123        1.1961258554683545        1.3084159834000380        1.2020888590126992        1.3820271162376436        1.2692668033478656        1.1976222183939931        1.2407330655767326        1.2332798192150984        1.3962486680736463        1.2729986032160363        1.3347616308422829        1.3711943196925325     
  0.70523638649691633       0.25540543236564411       0.32187298703920064       0.80889658289619992       0.72524319456049735       0.70075502391810651       0.53095636910574928       0.71910708529653178       0.84829456206393028       0.53241855411601380       0.73512590680691836       0.59073633849683860       0.63890876296373778     
   1.0685165264197545        1.2299774981985463        1.4594485493450735        1.2419249077237000        1.2910862226407824        1.1780600520131714        1.2795253067684818        1.0998386042437565        1.2149761094581959        1.2460236856651274        1.3435262433083561        1.2189253019244066        1.3727709925199416     
  0.71678304136340976       0.27334934596989774       0.34353646008478889       0.81731173273799884       0.74392335250485209       0.71482925567776423       0.54647500728412890       0.73128905086123086       0.85370470037365365       0.54115320479124063       0.75377235322590186       0.60798825210243379       0.65448141464388898     
   1.0487441795725412        1.2603785997254002        1.2467502788926728        1.1558589759467430        1.6036289971313913        1.1741441320066655        1.2970164519836214        1.1414064552959182        1.0796058552542254        1.5286177623557788        1.4359931004679449        1.2871699734219011        1.2598230752747985     
  0.72876151231454356       0.29145167236058328       0.36682385378455545       0.82571330857188074       0.76178096547456609       0.73040707692364193       0.55917288826522138       0.74323930866527688       0.85895545907762971       0.55010819454753557       0.77120413801634802       0.62541547001890418       0.66988942720617395     
   1.2597309675115789        1.1853552929831181        1.4471059506683743        1.3158318224967360        1.3190516201844469        1.3569460966148714        1.2747282780315170        1.2148784713875356        1.3575257009677946        1.3774362138102292        1.2836943606147668        1.4153967545879262        1.1688917367434550     
  0.74611693136084889       0.31061952557355577       0.39013150876773778       0.83486922556793153       0.77613137549497246       0.74755096611028560       0.56774666806028051       0.75519924524256909       0.86421995784866457       0.55901975853387753       0.78620661590411145       0.64264199531079724       0.68541433127564055     
   1.2775041277814756        1.1051828006402311        1.3905886992133467        1.2295150696604482        1.1870510154320923        1.3882599733372318        1.1470655368929090        1.2417620373344347        1.1345874751317160        1.5114901567753780        1.4463760256863907        1.3865584985211252        1.0770369725992048     
  0.76226659770677352       0.33428758600221603       0.41511349942130255       0.84423317095994732       0.79072362752812908       0.76659479745500769       0.57653582396327241       0.76719968213864620       0.86872442737784983       0.56810841717569249       0.80109915578064472       0.66029260981866289       0.70134265134849005     
   1.5188019719124757        1.1867656370983428        1.5320165489704680        1.3334789170966161        1.3180051349462800        1.4708320467949831        1.0721601757708996        1.1558208148934772        1.3185286219212515        1.3103901731029617        1.3158004645590942        1.3722275704907696        1.1999352434612522     
  0.77559954253752039       0.36016496048607788       0.44049110569217603       0.85284277782613549       0.80536380068023239       0.78326281725418900       0.58497886540790511       0.77945884988790315       0.87385938123086926       0.57736440754180118       0.81319942907988940       0.67716213474383002       0.71613025579476064     
   1.1852132624674019        1.3863838829208421        1.3835309460820426        1.2969175215711752        1.2378295535883872        1.3308799454731555        1.2436179449979461        1.3725121500108530        1.4278852941438471        1.4044000512886201        1.1971700381079211        1.2344799409246037        1.4350691954986370     
  0.78929763521388563       0.38941390319462421       0.46377120081886747       0.86148016383153070       0.81713067133062955       0.79813444266730671       0.59861341046136585       0.79470450287678318       0.87986536358794820       0.58709349881149619       0.82530500206308277       0.69534961343064416       0.73178308943314008     
   1.1093138859171716        1.4684254922212758        1.1631728897962315        1.0982095419872535        1.2232367499605132        1.3968013320779915        1.2147699830114036        1.2713740180517574        1.3616060012696898        1.5319773605724794        1.2042819174293522        1.2448641912906244        1.2865107822309378     
  0.80289295359695223       0.42005852895309898       0.48701130981122981       0.87009078290720565       0.82772685229084941       0.81147179477622355       0.61195271606133539       0.80791616257158883       0.88582870487525556       0.59724680343617387       0.83666274926576978       0.71490873306807834       0.74950701287190824     
   1.3430569612826524        1.4193835027991504        1.3123146285657272        1.4517918126724689        1.5438428398781574        1.1769331844297746        1.2161726081136883        1.3319615719680551        1.4072087407561436        1.3892777161522285        1.2138598527894180        1.2799650482199256        1.3576937076805200     
  0.81567758864228301       0.45379831015675032       0.50942932013203990       0.87918348650431910       0.83693728746938612       0.82431842525994548       0.63004089555713250       0.81812517508285809       0.89206039871259135       0.60769806196976039       0.84896079273315372       0.73513373438349550       0.76735490143233964     
   1.3072312993349917        1.4634695917070011        1.1090478234983259        1.1844469721152777        1.1402819605380403        1.2574224906669198        1.3884902078127563        1.1234643847954873        1.2750065950800280        1.2932227155055567        1.1430098231674231        1.1723596152472446        1.3424456749733344     
  0.82789345057924268       0.48820485540138353       0.53609583058660237       0.88892967488697217       0.84606425220988857       0.83788613782540555       0.64808130892751581       0.82772511106710100       0.89820917750860607       0.61926603249171008       0.86092909300753906       0.75986597552301982       0.78584516890653555     
   1.2175235596408138        1.3803067491328698        1.2518138322496963        1.4296269944100386        1.2127209587718430        1.0487441795725412        1.1675855674914775        1.1322191980938667        1.2132902147427447        1.3968130925027069        1.2649715658214302        1.2506067213111001        1.4905380111855402     
  0.83956280706183861       0.52384811338812409       0.56698819449696036       0.89800882874484489       0.85526624584990807       0.85115143571295127       0.66678427464177181       0.83677958002312081       0.90459471215276199       0.63093421006714667       0.87228493053913780       0.78439468973465643       0.80491713686399136     
   1.1654613434376382        1.2464903414234492        1.3637648250656642        1.3026909197660190        1.0763504013922163        1.2631813474890592        1.5483562103722068        1.0743790018935893        1.4353254313985164        1.5097215446294638        1.2086518905341550        1.2529700478886368        1.2530073204273029     
  0.85085785515716839       0.56126608963975144       0.59972087618760261       0.90883798936890392       0.86640097077214850       0.86343036993342515       0.68587969137212201       0.84669726027294412       0.91112498040313206       0.64269778179132031       0.88387054297021206       0.80717152237785983       0.82572087125029714     
   1.1021500210253838        1.1061797835206928        1.2975522299336553        1.3765024891475530        1.3228871958023685        1.3024071359021285        1.4070635508668174        1.2852464929045553        1.5150933201074419        1.4324848063001039        1.1782327108149535        1.4275750623210492        1.3595533560366517     
  0.86416743306549160       0.60151475464547088       0.63542821655075898       0.91972292097976061       0.87846906312762418       0.87479176594556296       0.70779093571915896       0.85731375393797848       0.91761276433062589       0.65413471357535469       0.89592518996726711       0.82945407401034288       0.84632254983210953     
   1.3501468243330126        1.2921406722446072        1.3289178687610701        1.5384690175016635        1.1475422166083111        1.2412984290298124        1.4392767649292992        1.2135894243011187        1.2664182168783154        1.3386915726758504        1.3817002383259132        1.3408326894030262        1.4766079944738175     
  0.87862947084086784       0.64181395261325058       0.67178020472434641       0.92981412080216841       0.89191431165537383       0.88595645740209605       0.72959453820577014       0.87649786820438724       0.92369345079605780       0.66879171583276953       0.90939140171634214       0.85002463983836063       0.86533089138983965     
   1.4388949249898446        1.2183012518212957        1.0363461721541389        1.2624578456294424        1.4894519811456299        1.1824698331816599        1.4758266302940015        1.5601511639155454        1.1540219861031926        1.3994543421129870        1.3832106155134403        1.1755800942820300        1.2056740313073739     
  0.89460602229726505       0.68185939912796545       0.70824840466645611       0.93984177583230222       0.90583550713735728       0.89727612556471681       0.75143496123237030       0.89472642094711186       0.93053638561041618       0.68482557179313941       0.92255167407750116       0.87102622828117604       0.88418282880260890     
   1.0972630681656954        1.1554931415196397        1.1587535942129614        1.3670612124164594        1.2474590951617901        1.1130239667702235        1.4736387274095959        1.3323549361529963        1.4750930537417362        1.3833749193335647        1.4754948030733841        1.1870433672362599        1.2573998076652066     
  0.91093413449297178       0.73023420442871956       0.74869947257339164       0.95030241931870130       0.91900853417732298       0.91103429617891740       0.77342613062568610       0.91299544991037529       0.93633512699098442       0.70420069819600195       0.93521843211575839       0.89262881867968935       0.90141232347645528     
   1.4035955795809818        1.1688285623729402        1.2880685736236908        1.4085427815846769        1.4113730398902808        1.2000799205468626        1.4189578386082358        1.5474921021111778        1.3766824807755029        1.3943888627778258        1.4524135682651131        1.2743344291837269        1.2718474692273205     
  0.92763543301864126       0.78189781108588197       0.79043914180023001       0.96059199276069052       0.93238324577904153       0.92546086561127494       0.79358343839267598       0.93146915894113247       0.94444734205804082       0.72486387423893428       0.94768427241587416       0.91393297966507514       0.91897723170803169     
   1.2658408462017234        1.4102092348327906        1.0879840213794059        1.3832576538439989        1.2059829975330834        1.1438436316511338        1.5092672895213266        1.5763515037731926        1.6130522746121674        1.2820661792338692        1.3707773758129529        1.4291842016984153        1.4136293589741686     
  0.94454120380419504       0.83574874764284690       0.84170178782750671       0.97064795330735387       0.94912678248721594       0.94473450137664883       0.81882047555228954       0.94883434036622050       0.95378409750081905       0.75424386352280115       0.95995685901952188       0.93687725312897641       0.93838118728208675     
   1.4643901822670107        1.3046632502195179        1.2321971490727253        1.5080328065034283        1.3213001825481114        1.3090611435463482        1.5108110561750350        1.3036557943356051        1.6356940271677554        1.4095681676334637        1.4022448982580029        1.1972965252246979        1.4944845145100170     
  0.96196919360382138       0.88851853713112972       0.88981030668392180       0.98069032346900975       0.96516749471577168       0.96367609003012111       0.85117418580015336       0.96567460402259964       0.96308106191881537       0.79376462279822557       0.97249589534479430       0.95962312871691913       0.95780193524232060     
   1.3545603865365035        1.2114602722893386        1.1776365714470263        1.3626246312034014        1.3839808056312661        1.6732608510985811        1.4738830707684889        1.3991285939837350        1.6756899369390568        1.5592539940760282        1.6668076610557394        1.3740848596759518        1.1213877093856222     
  0.98105975666571243       0.94421091522636302       0.94562645436217818       0.99046001550255158       0.98288222174267115       0.98137707089303994       0.91240920633983169       0.98279066473113452       0.98092424146889556       0.87189302521611889       0.98610144193234717       0.97978110848877975       0.97917099019935383     
   1.5615731944675602        1.1694956858870456        1.1422312234113756        1.1752778432547655        1.3324915975962219        1.5050125800549714        2.0198000111479848        1.2807913184249076        2.2927638266225268        1.1527644485773252        1.3607464440835650        1.2514324525742797        1.2376300249909886     
   1.0000000000000000        1.0000000000000000        1.0000000000000000        1.0000000000000000        1.0000000000000000        1.0000000000000000        1.0000000000000000        1.0000000000000000        1.0000000000000000        1.0000000000000000        1.0000000000000000        1.0000000000000000        1.0000000000000000     
   1.7428779689434808        1.4298730904639103        1.1207543752749398        1.5081885428191153        1.3799005901555899        1.4690448462643801        1.0813193054915711        1.3545718733607524        1.2137102472576549        1.0028117444046580        1.4967955637391384        1.2424374020752083        1.3362631155273810     
   5.6398203148676602        11.486650889098593        18.352144689660197        2.9558640118459869        6.6285308102795018        11.898249557780133        7.0085801734539110        5.8282148208875526        11.244361140974101        11.256301992571444        12.759721784989821        9.3829826979486555        10.726954187453169     
   3.6781889283363762        8.2111875801365475        10.087338044334397        5.0257482931440531        9.1968706471905453        13.079853047238515        10.942468145376226        6.0735069887754927       -1.2768524870653917        7.5385528916951428        7.4613493600435463        14.981953123899057        8.5580712308623710     
   9.8016253382495968        8.7344151240715071        2.2691799656419818        5.2933850516862524        7.8060258951835051        6.2731719933204895        9.9353551605209827        14.012599306677657        12.786684234952258        5.3194738563037207        13.415807118998503        12.022976387741672        8.7036567199802111     
   9.7836127346458213        6.1119262097679306       -1.3045338285673052        13.732161996066647        15.298470327527529        4.3130834908969691        5.2224524933093264        13.119866450150431        9.4398679880655454        12.874402767594665        12.090536688946839        9.6969093201498637        4.4888599931985063     
   9.1065063968421942        9.1746428757241709        8.6371002661282077        5.9052992578566599        6.4735307526149732        10.409083999396323        14.590039530647319        10.939135323489786        8.1241839134683786        8.9029229388784579        5.9569613666104351        11.162479520653521        8.7565194721681401     
   10.354506797270544        5.3066950166548121        1.6729023572644879        9.3620654061638167        10.738709228869380        12.359265124971726        6.6526447099322983        10.541756850176789        10.453819161335462        9.4575537179910452        9.2486344907115452        8.8402192405560598        11.711710846315539     
   12.778886958470702        3.5661620936489813       -4.1261205189696835        13.161604174785536        12.035301375067384        7.0071011244039108        4.8349751303965736        8.2095351078813632        12.862020602427771        7.2809534741405839        6.9934786731505829        5.7329139774232516        9.0046588532975971     
   8.2841954178174539        16.045127944927117       -4.4618380238047806        10.484509633238785        6.8524541297176906        6.4334696813084724       -12.713908731572896        5.8872078737009179        2.0339322983442401        7.3657836923797753        10.114443774034182        9.1448987486035325        9.5247632941570792     
   1.1888601980083324     
           1           1           1           1           1           1           1           1           1           1           1           1           1
  0.90528321914444376       0.29352875398564776        5.6176097964876610E-004   8.5711919387527811        6.7919851805053055E-003   2.1003071359973979E-005
   1.0926176400012174E-002   1.1556556594857173E-002   4.8643887243759375E-004  0.38116980941086720        4.8642195890956391E-004   1.9600503493230091E-006
   5.0000000000000001E-003   12.391978548107248     
