   0.0000000000000000        0.0000000000000000        0.0000000000000000        0.0000000000000000        0.0000000000000000        0.0000000000000000        0.0000000000000000        0.0000000000000000        0.0000000000000000        0.0000000000000000        0.0000000000000000        0.0000000000000000        0.0000000000000000     
   1.7603154543176312E-002  0.22002425721978108        1.6020386404767435E-003   9.6710191798929732E-003   1.6302371068599237E-002   1.1106141190973164E-002   1.3397469293310413E-002   1.8003388223768839E-002  0.33374067120632417       0.14208421417392136        6.3923207506104973E-002   2.7692215206464192E-002   1.1182518081947444E-002
   1.3093073660376990        1.0522921745392038        1.8228271329671668        1.1365835053666202        1.1774817976224539        1.5696766671481461        1.0246617822841624        1.5189656835285541       0.89473447998973588       0.89473447998973588       0.93149616109397937        1.0347546317207963        1.2668598511123410     
   3.5094634489036346E-002  0.36657805589075304        3.2601123572549859E-003   1.9318035888279499E-002   3.3088695063028167E-002   2.1795385362938090E-002   2.6200638918757860E-002   3.5350937479248001E-002  0.51348855747276601       0.23761667045693019       0.11678158321108367        5.5262126288936869E-002   2.2416503934285834E-002
   1.2883593386438228        1.2347516333493551        1.2992329886877334        1.0595804998161309        1.3192306534720348        1.3534948004853036       0.90898271987932100        1.0938369617688484        1.5674104100892829       0.96345424629888310        1.1607736117975818        1.5933084244088320        1.0063868160914393     
   5.2602117328826553E-002  0.43542144292526574        4.9908883408807374E-003   2.9215321790143928E-002   5.0636730624666886E-002   3.1155548795163867E-002   3.7869164391482177E-002   5.2494994246273075E-002  0.54714320497732705       0.28226428729399033       0.15188490679262598        7.7538589589962487E-002   3.5352082280302427E-002
   1.2622280508653776        1.2732707169661912        1.5254645066533543        1.0268079583976690        1.1071465037329189        1.2587274612335266       0.98382742465938233        1.1496747030727250        1.1899411903966919        1.2069582212072463        1.1101427475531627        1.5674043292018127        1.0729661187937189     
   7.0383662951663276E-002  0.48307968428433001        6.7993212889018283E-003   3.9184894969783848E-002   6.7975781062935267E-002   4.0776135133434345E-002   4.8835677994980176E-002   6.9325643464425615E-002  0.57617209845601680       0.31352540339986673       0.17834683645651137        9.9238194667274918E-002   4.9011081201308551E-002
   1.0592670048131638        1.1058233465783693        1.0982814779204442        1.0642750956501721        1.3391263236074678        1.0925705619662174        1.0444941070586986       0.97029549639487644        1.0450031542463691        1.2086074962318314        1.0502049518228305        1.5557803333405629        1.1901335666946204     
   8.6791266199881811E-002  0.51905257014418682        8.6423477375352966E-003   5.0215802770633935E-002   8.1823014553247711E-002   5.1858926357450014E-002   5.9102922867445083E-002   8.5735702600366046E-002  0.60380510721040104       0.33485784710566502       0.19818574879975454       0.11777680912264005        6.1441464243003348E-002
   1.1688525806430874        1.1066493223082072        1.1911209619067675        1.1786579555106549       0.90247483235405968        1.1241592548742745       0.98911348495927065        1.2244857406647980        1.1657635058647358        1.1507055929029109        1.1340240508646735        1.2316770273440638        1.2127852921950388     
  0.10336699226701525       0.54840375175593814        1.0601575923900264E-002   6.1461397638241780E-002   9.5692618652875802E-002   6.3163259430648822E-002   7.1478896725147317E-002  0.10226512972397683       0.62069836527946098       0.35459967219493732       0.21653980418190352       0.13502699329013645        7.3397451321504617E-002
   1.1747671298142104        1.1271522635794089        1.1686063665439448        1.2977152680905679        1.0047773699591460        1.3911401263286367        1.1061122902727896        1.1794285223964003        1.0872172676769309       0.99578668708620643        1.0746027216757599        1.2578570238941413        1.1819539373791574     
  0.11876902101018752       0.57454615911588880        1.2692327114842403E-002   7.2262768718480225E-002  0.11062677564814416        7.3997308695504652E-002   8.6642626572267928E-002  0.11960896830609745       0.63738310638973894       0.37307842281042974       0.23402013273314501       0.15256170211760520        8.5934066552623797E-002
   1.2115292807948954        1.0229737993778134        1.2776795902044904        1.2872859626035618        1.0313473902231984        1.1754505219642162        1.0412970525235390        1.0839773571639277        1.0952109609464322        1.0134050300973376        1.3994359198428197        1.4337497957394376        1.2331712931435410     
  0.13442148320086666       0.60256479333067570        1.4982824302719600E-002   8.3335466662881663E-002  0.12527317708751126        8.5252919999488641E-002  0.10244169122569338       0.13697122969538233       0.65254452115579842       0.39073724509533136       0.24851817954689612       0.17000450121884716        9.8674919087451213E-002
  0.96547984837556411        1.1853007449081723        1.1125811794321780        1.1530858823858738        1.2015534969950421        1.2443142030668359        1.1413503566129755        1.2722208492821276        1.0834934622359489        1.0502759701329405        1.3322342730992007        1.4863188108919942        1.1016711060906961     
  0.14662480954899731       0.63027213727560472        1.7461083511532589E-002   9.2938988310851053E-002  0.14081160020016495        9.8858418727165720E-002  0.11882412201350495       0.15323507763392613       0.66682641192476799       0.40805754283627715       0.26135538196339114       0.18706281898156421       0.11474036489079310     
  0.98374601820202212        1.1985596790879529        1.1976033941007092        1.0893667362721797        1.2460918442374458        1.1369713378553983        1.1118788263022923        1.2564241470501654        1.0483260467602262        1.1611168390784725        1.2220571524922386        1.0250317066555759        1.1436945514980379     
  0.15883015323393332       0.64888260568006395        2.0021273284813512E-002  0.10222732127375452       0.15629403369737918       0.11212448057178194       0.13493133303422911       0.16871631155422545       0.67889082239157250       0.42403797538204974       0.27312079488643720       0.20388500684921576       0.13119780087368982     
  0.94391213908728810        1.1698098819262841        1.2128360030259067        1.0377145714875695        1.2096802660852393        1.0534321763225789        1.1168793460615785        1.1084319167216841       0.98580884808476887        1.1162085700071247        1.2506299932788270        1.3204144832320017        1.1456532032313784     
  0.16973217251887426       0.66648233873019103        2.2678833673531455E-002  0.11259848145789961       0.16972954413674224       0.12486717236803621       0.15015900171211810       0.18377387331630474       0.69062078757448042       0.43901360253067595       0.28452308414313532       0.22049611064704244       0.14703091780367961     
   1.0164820659113600        1.0755824933910347        1.1341772309511273        1.1146578157818630        1.1469928909913907       0.97922521922988681        1.2666848512046029        1.0807376724886335       0.94823993217825930        1.1087628183206875        1.0975371774927949        1.2959561695535213        1.0757271669752511     
  0.18112254906311145       0.68258418654540876        2.5538216739922865E-002  0.12313894046003465       0.18372450507357746       0.13815529606855068       0.16549087924356945       0.19876561128366324       0.70180252905841056       0.45255835271612860       0.29639161504548839       0.23768719407357367       0.16276997398273976     
   1.0795793896826447        1.1432889832486286        1.2660448285589121        1.2846637857183119        1.2059456537585829        1.0620254298337506        1.1655685942953611        1.2310761644367660        1.0125855616499961        1.1999282773127244       0.99937310237391908        1.3215210404191529        1.1242665997105492     
  0.19269202280234804       0.69860315377373883        2.8752705779741757E-002  0.13344447527690179       0.20112348451498624       0.15328497974199048       0.18075526683678866       0.21264099643271475       0.71262385122521876       0.46481564677242004       0.30826918137000031       0.25524331285597446       0.18086861056080136     
  0.99542027173740355        1.1466338815600012        1.1909734492943562        1.0554128899977488        1.1704448956134585        1.4839083321212594        1.0191220692276086        1.2010465411356412        1.0979128818393928        1.3249344841873196        1.2614728137645776        1.1937140000114670        1.2692935304434212     
  0.20724128928272717       0.71290393910740280        3.2022253563332680E-002  0.14414095923287962       0.21784719171683989       0.16815440365008086       0.19643637134710176       0.22649889055275005       0.72282957706948370       0.47695665572441687       0.31968670487609591       0.27070654513975617       0.19950849409139418     
   1.0145854294383663        1.0563175932417952        1.0443888485742516        1.1642956865846854        1.0687317159051859        1.1921085799276083       0.98358476333753242        1.1807448967846128        1.0551609456737057        1.2247180996339897        1.1227210593607859        1.0196902948837034        1.1890112815089184     
  0.22247963047838748       0.72677993805128216        3.5384200419272364E-002  0.15503770445909520       0.23412729376103586       0.18377739072151886       0.21246866309071674       0.23906036083683774       0.73289536724866144       0.48879389457083217       0.33079330566225312       0.28573041284847739       0.21686492685927994     
   1.0759019364728022        1.0549082686350060        1.1138019453273584        1.0083579504949474        1.0745497953363781        1.2950453367997337        1.0805022192508773        1.0265677995526115        1.0566184236360978        1.2261177791235802       0.91955760759801319        1.0903605654853417        1.3074882927310816     
  0.23951134156885651       0.73963211494288661        3.9169094946253147E-002  0.16572945506209330       0.25063446247614807       0.19930900496647086       0.22814945242212134       0.25125936201374904       0.74172875966939622       0.50052890139501860       0.34195264689948685       0.30106717282480044       0.23441867354519194     
   1.2123295491588373        1.0696300096885827        1.2072865151879939        1.1654401583903360        1.1397087697256574        1.0702004616529446        1.1477247498546721       0.99814623692805649        1.0445691144237772        1.2421076891531047        1.0566062782561090        1.1598861660865338        1.0363856417276667     
  0.25772139246376286       0.75197511659805627        4.4447276693585128E-002  0.17669490768359339       0.26665797733757018       0.21478040781719959       0.24413468651926168       0.26544592051617183       0.75049697072312782       0.51206922831816848       0.35307740478141791       0.31695320525505366       0.24930195372294137     
   1.2216910668460683       0.98346908252841758        1.1939518158763562        1.2304688427614874        1.1645488488469227        1.1188355980682472        1.1216165632280766        1.1311620684922619        1.0514204471553994        1.1333361468148693        1.1880028773132378        1.1208543543929625        1.1295177533410585     
  0.27411606241732028       0.76445567537069326        4.9545542729987541E-002  0.18737349879125173       0.28271189380480050       0.23042154221828662       0.25937312105253335       0.27966360426030901       0.75884716666473140       0.52347659950006831       0.36410901656055017       0.33259873604771800       0.26431333580322497     
   1.1195796575587862        1.1796178285035099        1.2398151350827014        1.0130971756160143       0.99531928110865242        1.1128153838626280        1.0864525978595374        1.0620379735725154       0.97146448894999093        1.2339132895892768        1.1034797126343412        1.0114674420650349        1.0241398149923218     
  0.29001248128501883       0.77646100019516240        5.5286648356584353E-002  0.19877489918058008       0.29800384065068986       0.24613901505071425       0.27517296521153295       0.29620547590678281       0.76710426578764135       0.53376101789169583       0.37512003476694478       0.34756693058543447       0.28183702102881825     
   1.1174704231496062        1.0704446220989206        1.2167132933871960        1.1754275063681776        1.1722265345710789        1.1290263541856373        1.5339579647221022        1.1232766215067644        1.1955296437570428        1.1262766796504353        1.2235781103992114        1.0567227184707457        1.0652851337054834     
  0.30506543321196700       0.78623648759436027        6.1052420196064390E-002  0.21060745345574006       0.31356235294199430       0.26179349847351252       0.29016913486363222       0.31264113509101477       0.77495356860648279       0.54419830186072327       0.38707260242967545       0.36374486864303124       0.29829991531503819     
   1.1847946379789367       0.93912627831450435        1.1008423233064493        1.1077242529640099        1.3186866781873925        1.0973334578240241        1.1844232198552431        1.1353235119195608       0.98623942818447796        1.1478254678227007        1.2398155259442420        1.1216294393715618        1.0226580762627508     
  0.32010899918968339       0.79613934773265937        6.7100211274101929E-002  0.22281244160135008       0.32957889351182906       0.27681631909114801       0.30554999220862861       0.32966398339482816       0.78269764319883028       0.55015627140579626       0.40057721964781212       0.37999473252281513       0.31395885918301114     
   1.2383142034165411        1.0600622471557766        1.0142010855723103        1.1441011303572111        1.1350156663252620        1.1138801921179688        1.2193118674635401        1.1545737581671338        1.2129404917110553        1.0396312121803764        1.1008388234238327        1.0856624395034609        1.0094444784804069     
  0.33581863038234877       0.80452403847185538        7.3354250882470273E-002  0.23539943761783239       0.34605774383496180       0.29124320055189040       0.32202896371276629       0.34573663771750990       0.78964253334869661       0.55654721731347168       0.41382906337739028       0.39620995434165279       0.32932690925174346     
   1.2284982415524357        1.1226848120457729        1.3066422271608393       0.99966561443333246        1.0237803143775293        1.0796986849601375        1.1080449374163139        1.1853880666859686        1.0574546629840322        1.1300059667398434        1.3002326158860604        1.1925819380491067        1.2201776573284036     
  0.35127900852096605       0.81307480674669763        7.9691162144920669E-002  0.24733551074607504       0.36163662657988632       0.30621545737412426       0.33822136084557447       0.36198867670712520       0.79646553435222001       0.56306244606962819       0.42831068095272284       0.41226287625485836       0.34491737049997012     
   1.1537443508160008        1.0118489691881625        1.1681189081252987        1.0722062773820775        1.3545900311307906        1.1997878377103237        1.0931590093036241        1.0453959398660670       0.98341747033250837        1.1612116198761855        1.1670985332715498        1.2261057813379999        1.0742607405957143     
  0.36586106513870942       0.82175692309635728        8.5843313868032331E-002  0.25868552099745790       0.37694783763629935       0.32199372947877053       0.35472582799259794       0.37823920809183048       0.80259166291712125       0.56955443655256310       0.44253581063048564       0.42800262037409081       0.36077768888141426     
   1.1670693362561162       0.97439372841135397        1.0806487229388091        1.3445137271678758        1.0707845546741781        1.2018858811074240        1.0303644886485304        1.0979557782780316       0.95456013294455122       0.95048906316654358        1.3041831159690773        1.2202116825089757        1.2374990511862787     
  0.38035989600948317       0.83054720075022515        9.3133319635830145E-002  0.27019027548958791       0.38950266081396062       0.33831071015225228       0.37072015976448719       0.39369032724685504       0.80855564759120080       0.57597723841067705       0.45651130093812309       0.44365184438689792       0.37681227419800389     
   1.2397473487219846        1.0371480488732112        1.1214722784205196        1.1996665122748464        1.0057339127871965        1.1672551269420417        1.1234426733278859        1.2033458146102374        1.3168673129688178        1.0078026192824856        1.2498748479926425        1.1723835624129817        1.2375031596017403     
  0.39678855518205697       0.83891066976303041       0.10141567801900091       0.28183551383617567       0.39968201433650191       0.35484154215714431       0.38614212389419122       0.40957305980031300       0.81426008984136522       0.58334057973797071       0.47046275797036391       0.45912724929070226       0.39206428882746230     
   1.0859192856520301        1.0802531923346872        1.1950103751278964        1.0896356060266357       0.95876413703672714        1.1962692775970771        1.0568905635210291        1.0642578285436346        1.0673481099385962        1.0724739979383924        1.0642692156327660        1.2866074682147031        1.1867705998428835     
  0.41482214978812226       0.84704926532359570       0.11004791984573412       0.29440671193991702       0.40915498442518672       0.37083483185146060       0.40227358695440596       0.42477754588159056       0.82000550914936987       0.59088620512236290       0.48546238737972924       0.47448484223802284       0.40836905406150020     
   1.0749585231279648        1.0499355344707557        1.1257238272520060        1.0994247180613856        1.0045063450442675        1.1897039045300182        1.1744626173445609        1.0914873813356858       0.96162204117116235        1.1033514737656522        1.1558600992856956        1.0661688745391711        1.1768930921473399     
  0.43365624068196018       0.85445553598903656       0.11892098956452335       0.30793125548349815       0.41863276131828858       0.38671725602837437       0.41874255711413244       0.43986051646798707       0.82559088614915743       0.59812310375145106       0.50058155029473239       0.48883372099085848       0.42502682196244840     
   1.2213894334036972       0.99950345257985229        1.2420687606482557        1.2896849576605420        1.0043081705738937        1.0703054105031906        1.1364479102280678        1.2311181916666523        1.1151581737948792        1.1419588053114564        1.1470974637003080        1.2529895188811639        1.2119317984866207     
  0.45261790982133943       0.86201425834728473       0.12784429399241296       0.32134619385915808       0.42721317268157438       0.40248408438219280       0.43565601971731099       0.45619983814201331       0.83100708019000780       0.60511757699746871       0.51510275353875479       0.50257414446074589       0.44172708570302227     
   1.1114875120184129       0.91177693374839053        1.1696762007994110        1.3499047798503301       0.94424288323503369        1.0049359835214262        1.1939130436182697        1.0389127451212521        1.0970638117633966        1.1971380885727139        1.0593530039387442        1.1008959727250971        1.0214809940307474     
  0.47060246276414325       0.86833469742040337       0.13689508500849071       0.33515820143194291       0.43763695698652605       0.41822451565672925       0.45246979132818294       0.47232341488944501       0.83635078701153598       0.61159235216187935       0.52961367760331579       0.51671984149230987       0.45804588220936787     
   1.1836130587724611        1.2088170048143034       0.96644692615779559        1.2009244181333243        1.0950703575913003        1.1806137307744984        1.1690280938529052        1.0296972376098290       0.96235600516404129        1.0607066380022172        1.1126526155176357       0.93866574417260429        1.1612742693890996     
  0.48751043757813084       0.87476327658833930       0.14707333540037729       0.34896611656699028       0.45031047585430845       0.43461251048878391       0.46814205586576535       0.48926270745021644       0.84154134885703513       0.61807172094887974       0.54472264954459404       0.53079212616558957       0.47430477675655769     
   1.0173990377410549        1.0546040247026436        1.2536980115531169        1.1748297733074249        1.0095770410865639        1.2508347099664836        1.1368244228068949        1.0957107178205445        1.0518071406538165        1.1063673864302563        1.2906768502479471       0.96110591891976083        1.2343054440975496     
  0.50405470586286383       0.87984340378820980       0.15855510846082718       0.36091670528740250       0.46365219695807425       0.45076737409905288       0.48344088562318538       0.50658206769478720       0.84666081921358449       0.62523875216828151       0.55979498127055360       0.54484863568558373       0.49048331022515901     
   1.1350893204315473        1.0138182723443989        1.1588522080507386        1.1060231580128137        1.0002403719920889        1.0704447027711896        1.1452666884483043        1.1288504172453497        1.1495810004511273        1.0938975204765806        1.1562278728518567        1.0271937784290790        1.1273730541530544     
  0.52047711395787222       0.88462472875412468       0.17004185185776644       0.37275914479241040       0.47762753240806521       0.46772968649855790       0.49907182661237015       0.52304409946384767       0.85186787230012606       0.63194638009027504       0.57455841994126744       0.55919773469567902       0.50668531704575004     
   1.1103161217965607       0.96659695090421871        1.0405687776052228        1.2088604162557872        1.0566210327964831        1.2856044860751319        1.2040624996480058        1.3317860545802176        1.1729296631459896        1.1114087702654829        1.1923067944100381        1.1358227458597250        1.0936050928563825     
  0.53728696051122260       0.88861013847317816       0.18208468084680030       0.38566136293904268       0.49357681776251627       0.48485281868867819       0.51536138133337661       0.53922395810667745       0.85689556836073832       0.63926657954327215       0.58953098592924136       0.57269600260366860       0.52364871219632303     
   1.1194270211715713       0.96460635254898253        1.0111784883876509        1.1708683240019675        1.2057706699558686        1.1593497001945217        1.0170102329629749        1.0997704148035725        1.1364851263898639        1.3486793174900777        1.1322509694261196        1.1390872801358420        1.1776311869853895     
  0.55420786049838500       0.89303026378604244       0.19468732921496790       0.39886438322027956       0.50996225308632293       0.50200607424645627       0.53165036662868181       0.55543455040027634       0.86188719535814884       0.64598208304442151       0.60476973574720017       0.58594178412632880       0.54018994581508561     
   1.1595532733081215        1.1472588256720453        1.1201849974006768        1.1331213507074167        1.0910745954435082        1.1435988310549401        1.2708043571969161        1.1997681651485765        1.0164935563539874        1.0753420575819754        1.0594685771929206        1.0581911226891283        1.2030831777240161     
  0.57054559080542855       0.89788920558388563       0.20793916511480398       0.41065882986212182       0.52623974422252484       0.51981138009701999       0.54770172163609598       0.57090780213453718       0.86684676024149687       0.65251586199796663       0.61930823880112185       0.59973426622474824       0.55608823661678641     
   1.0164654124901042        1.1773960727972828        1.0672999404648147        1.0169934016402351        1.2078541631944695        1.0486270494781920        1.1065654929827360       0.99910592641564377        1.0643863789167589        1.2193188158007402        1.1425391725337939        1.1439302249840013       0.97671483346773280     
  0.58515705885803393       0.90275441560516756       0.22141044520801148       0.42296094507240711       0.54138742379482085       0.53797871197905067       0.56400901985170893       0.58625156170890391       0.87184299873465032       0.65904602514223687       0.63397583253343759       0.61307732226147338       0.57189643792892875     
   1.0322964985780025        1.1933861131105257        1.0611804867749799        1.1491125641338260        1.0621677774107299        1.0571716825680344        1.2671449362797551        1.1610260014801073        1.0517569712818446        1.1162220281139796        1.0781018171922807        1.0805700938812146        1.0571419306607588     
  0.59984153541344520       0.90753340032608998       0.23515504421505209       0.43460491003403945       0.55544819310757232       0.55625311889121887       0.58030597919902582       0.60183543912262583       0.87699464709847441       0.66568613948662081       0.64861303824523764       0.62717379932431960       0.58744916639223110     
   1.1154334095507792        1.2172487843719815        1.0862280058426348        1.1525900173430836        1.1082834127034535        1.2115383122130716        1.1660064571497912        1.0957323950642954        1.0705999851713270        1.2785160455803948        1.0444175886278397        1.0495589335502777        1.1183506180479905     
  0.61556801782472415       0.91238773144309171       0.24941668443031043       0.44580800423131678       0.56913405098667580       0.57388021671205491       0.59634905568346785       0.61853656410755964       0.88209438196806633       0.67208040913628619       0.66370366328196873       0.64165354310841105       0.60364799131653712     
   1.1624157065743594        1.1245650089793100        1.1615223112035729        1.2151903375683950        1.0809876821881512        1.1020868847001724        1.1351820709071985        1.3703299189272073        1.1533025740853444        1.0015893276220758        1.0658019006555048        1.1337463960796659        1.0076719936410474     
  0.63169866854777912       0.91714181046909449       0.26405920594770022       0.45656943772189185       0.58413021344772964       0.59066091995949677       0.61254948465883363       0.63680749438455297       0.88711416195548209       0.67829072768094889       0.67904858699828452       0.65451684060725235       0.62130183586382526     
   1.0310927744469338        1.2011709393527288        1.0381417001244611        1.0522904863787086        1.1152190899977095        1.0158634364966539        1.2359525154764095        1.1546045311257542        1.3830314068123237        1.1821925820448931        1.0551518690359538        1.1748352963638318        1.0794858248119523     
  0.64774809964936175       0.92178614397459624       0.28025845025949092       0.46888132324698256       0.60156918261552883       0.60767543352074793       0.62898220928590232       0.65456003646527761       0.89234578128814523       0.68428727522621458       0.69480046269677076       0.66678542845354027       0.63754239335130347     
   1.2214644280101667        1.0277101234822847       0.99062948670595030        1.0388711021898962        1.0930706932297489        1.0949462309395581        1.1735271444448290        1.1887158617580589        1.2088519756694240        1.0952361503918799        1.0047900658480073        1.0153818610216525        1.1544711639533847     
  0.66387663438437339       0.92632126440940166       0.29660789436421359       0.48209938193739615       0.61939452534801387       0.62559107311036510       0.64489498868905448       0.67197413232006142       0.89713525632161328       0.69062142679570060       0.71055460270552540       0.67808458574149166       0.65114873378625726     
   1.1094933871986341        1.0715632501030095        1.0265250992393740        1.0726594861155359        1.3091360330986554        1.1211682579343794        1.1152890314556894        1.0951522839380521        1.1480803037423866        1.2425758775061779        1.1409152822589801        1.0517062196012683        1.2315006336145495     
  0.68012778665190277       0.93089510459935487       0.31983762909272695       0.49627064890451833       0.63759265201657889       0.64364171292686778       0.66137224658097538       0.68944382833386231       0.90177865634048626       0.69726357702907293       0.72691414824874734       0.68943105469249188       0.66449423922324158     
  0.97309624786511661        1.1401671636442554        1.1861312300301572        1.0602697510138730        1.2754811992201955        1.0468459035795363        1.3789480372318343        1.1253189252151243        1.1040808203908512        1.1376309369234150       0.95648159042418590        1.1115429654518252        1.0045756689790908     
  0.69674382742358232       0.93544417860033702       0.34271748885414671       0.51074779296534045       0.65579166046957582       0.66158209613555219       0.67571117731180452       0.70667976145293387       0.90630653041560361       0.70423261128207271       0.74396187418956905       0.70026654227019347       0.67797924174777557     
   1.3276083960359717        1.2078803541284220        1.2640572600353357        1.1785506790212126        1.0297944446284311        1.0688380764959233       0.92471960381763973        1.1107495316879610        1.1683718033073509        1.0755464840422633        1.2240339853943465        1.1593111264008826       0.90138752291826008     
  0.71330084295992624       0.93974954264817145       0.36415688184982742       0.52831919295692509       0.67413798206079778       0.67889855878990157       0.68984625414522183       0.72310874220072019       0.91067892330433597       0.71124701436881477       0.75986650892369689       0.71185780896605888       0.69092184072852803     
   1.1144212818693902        1.2869118750716690        1.0428944185268731        1.1743590051096344        1.2320264520678821        1.0715709402131701        1.1529327536254317        1.0540855653172252        1.0478489859211157        1.1225790887237412       0.97024883448649601        1.0825710121671919        1.0348662392843111     
  0.72995256176285084       0.94395397053542740       0.38592189587471720       0.54714711871017729       0.69264278847872407       0.69613400487801413       0.70428617482096190       0.73914495294993665       0.91511043264554026       0.71834919310149503       0.77543867886737272       0.72466180958811544       0.70395717471829633     
   1.2439668214993842        1.1188546783314690        1.0656443317691180        1.4155846619806263        1.1866775486705252        1.0637019670867327        1.1679785905070645        1.1768670586410306        1.0895836640138012        1.2859288500700019        1.1475098966833419        1.0277951217180579        1.0323239623806983     
  0.74604051283396777       0.94792265411354704       0.40697619234197996       0.56574319248478744       0.71098274016603935       0.71351048038741505       0.71846062277247225       0.75452488322745959       0.91963871354828275       0.72547522667009967       0.78856051077218103       0.73986862931942976       0.72164056961680700     
   1.1074363842523798        1.1346932339727382        1.0157962991643072        1.1203019539503165        1.0863304355162893        1.1147921302981960        1.1214817681358606        1.1845208309047315        1.2042439089687949        1.0420296733627463       0.97496633155378454       0.94585384517061621        1.0779859536863516     
  0.76203246943442193       0.95175646699889405       0.42951613560826024       0.58427332878215887       0.72880166189755480       0.72988772598889329       0.73378370766867440       0.76880271744185402       0.92417499831956362       0.73269385466095471       0.80061905008416656       0.75814878099518768       0.73910478847913241     
   1.0869134079046678        1.1245933680494813       0.97996583149634242        1.0683824833102997        1.2032003286497943        1.0283226447392861        1.1522918289894808        1.1897572395527478        1.1699449243125319        1.2038104207669171        1.1446259564109424        1.1808250613196525        1.0818317698242512     
  0.77704945734529718       0.95536534494807157       0.45310940347534001       0.60322076182047846       0.74623072213305564       0.74655793917252866       0.74904093702444829       0.78369147675806783       0.92867334358024223       0.74008133182253821       0.81092315760284417       0.77549761212577506       0.75772081416801629     
   1.2081805935137213        1.1867615617523566       0.95270989463792644        1.1586645395544695        1.0451696507492825        1.0088443036312447        1.1467124280997743        1.1309042274316623        1.2414734432319270        1.3051227789002142       0.98033535486883960        1.1717973909836761        1.4872519658630932     
  0.79174902673293379       0.95858236468511460       0.47809436660161136       0.62228470151013138       0.76327387149865134       0.76382774282448707       0.76441957459336074       0.79947042528139378       0.93320050959246237       0.74741236056686833       0.82212395234620783       0.79216008051588394       0.77583519052909555     
   1.1907203937867528        1.0739316654940099        1.1553247075918509       0.95061304523080792        1.1699786927404388        1.1590627425858628        1.0961080114568833        1.1862531522654194        1.2837247520018000        1.0010918116981147       0.97942279079403083        1.0772596349770855        1.1730737226110790     
  0.80569648737109434       0.96174870248148525       0.50413065327972351       0.64252833625151529       0.78042237992036056       0.78157648355697629       0.77954783487731061       0.81523226782902991       0.93769583879592655       0.75472198869249940       0.83442262832987524       0.80935905188336188       0.79366474343261362     
   1.2019393979642083        1.1073691708361382        1.0231789002502394        1.1233241693663123        1.1160863124147837        1.0389576516203456        1.1660598289691972        1.1507417752393743        1.1666234936402540        1.0967125013983037        1.1039239957168758       0.96738354193524967        1.1418233294480065     
  0.81953256622303639       0.96459910437441754       0.53093270352521138       0.66412190536209914       0.79809594514827364       0.79954298688306458       0.79425091393381775       0.82646455359219173       0.94232093335706435       0.76271002586741288       0.84772304473898596       0.82595516721828066       0.81137942243919270     
   1.1036447792439308       0.98926229809530442        1.0759723829946215        1.0056031430958414        1.1092683126918235       0.97048914412261422       0.96084415533318968       0.99776289961133435        1.1620981547734337        1.3541622377002980        1.0722963873031650        1.0347313932115292        1.1813144540463989     
  0.83379354940169670       0.96740955212480084       0.55890397062500363       0.68758632320529922       0.81556760728323274       0.81695341249368447       0.80853391033832378       0.83842477586385000       0.94696391858901963       0.77152743925648626       0.86179181972241670       0.84283873256856068       0.82961807764845807     
   1.0254102044760751        1.3113493680554769       0.95333647992428194        1.1531575699479051        1.1109665695322799        1.0328778416381830        1.0853899890068828        1.1493291441464002        1.1089426528884312        1.1780269921367754        1.0549157576779782        1.1518389953108432        1.3369829121274166     
  0.84786697164525981       0.97053733619954918       0.59176094640099774       0.71280299133487701       0.83281860168657262       0.83448012340770705       0.82408445591303137       0.85021010967611199       0.95137899852808216       0.78050079167171504       0.87497473946633697       0.86030621342942315       0.84743698212683671     
   1.1601421081108281        1.2223061759908620        1.1327290823322269        1.4555803443088846        1.2249306018686346       0.97525804446701769        1.1673283115293158        1.0328031592323608        1.3949971224526030        1.1592036034156068        1.0946294217140873        1.0506545453430467        1.0575147869461177     
  0.86176750958081416       0.97359154240610390       0.62592430757083584       0.73682830499174046       0.84950839212747553       0.85213049588163847       0.84021126556551440       0.86258318155864355       0.95588151480023742       0.78973256855017571       0.88781618043391686       0.87780882957206641       0.86391038834317480     
   1.0367589291523207        1.1887648959514998        1.0875923799561840        1.0230052726773917        1.2255195399002381        1.1135359343264277        1.0686004330565755        1.1530327620379226        1.1845823672850384        1.1834777099963714        1.0027086485244960        1.2353719162738868        1.3112304636265315     
  0.87575139266451629       0.97642016901742879       0.66236806500974044       0.75867714013333465       0.86550132190985896       0.86986778164741219       0.85684716782295278       0.87468611100688776       0.96044735339137133       0.79858812928540390       0.90086000543898759       0.89521200318547212       0.88018892497305923     
   1.0076600434020810        1.0743702085288904        1.1347586336899553        1.2694229997120485        1.1375648275939978        1.1022547563487661        1.1311219273159845       0.95275720932698438        1.4925028450114159        1.1346026041189383        1.1669891295572565        1.0941974602166442        1.1557085223362979     
  0.89076298042639057       0.97916959483957422       0.69904500793882285       0.78101229335432787       0.88080164141294004       0.88676879876689463       0.87435157236795358       0.88905658289453404       0.96471402445855481       0.80949880538142660       0.91332161153660651       0.91194037834870567       0.89456363483562618     
   1.2253071720446211        1.1864815107792308        1.1155078193358405       0.92736827578131686        1.1949174348998772        1.0645084971940544        1.1944492949524779        1.2935738564830253        1.3525537548573212        1.1133871975192429        1.1161253704117480        1.0159508289864765        1.0959695686417519     
  0.90664714497193333       0.98220099557628993       0.73647696740602064       0.80463299161680724       0.89709922941949694       0.90334566174471709       0.89203740615232840       0.90400551985437172       0.96856478419467951       0.82057719564107467       0.92518144611216746       0.92851072773866905       0.90879937293757607     
   1.2226169155739526        1.3574730567416580        1.0024296824146526        1.0591195200247332        1.1664138092405765        1.0675511308474599        1.3310550584405385        1.1646395877768838        1.2467339189877580        1.1023061114813337        1.2052131780527631        1.1206044324424587        1.1266660927516376     
  0.92234637548408949       0.98539047564745230       0.77744848692992086       0.83127748428481130       0.91486909039338360       0.92045240563762143       0.90971469747582134       0.91945256700767963       0.97259085701190351       0.83382408382173712       0.93679935161361882       0.94269648695963359       0.92281372261326988     
   1.2376558395621946        1.3443240841810169       0.97945657131797148        1.1431019669695022        1.1801334827718757        1.2629228078912123        1.1798516488375601       0.99044948098854779        1.1989626380854228        1.1495099542825955        1.4680745405833229        1.0429474338803679        1.1197937247758587     
  0.93811953564921846       0.98843513836033514       0.82112420747194481       0.86125127330020312       0.93251852764815579       0.93710501420278070       0.92768422963470176       0.93527043989193581       0.97664375158215677       0.84706269548150148       0.94863561449642830       0.95350691162978019       0.93745019270872953     
   1.2701735589395493        1.0405074141675987        1.2168679627676777        1.1103340029898028        1.3064626421924113        1.2436014248721241        1.1902240032844384        1.1093714978471887        1.0969530796167368        1.0883071329747673        1.1626210579224101        1.0555246687217934        1.1864539832327343     
  0.95284033315013650       0.99136816402492745       0.86610609192603139       0.89467596152053708       0.95000547203533048       0.95337104725980026       0.94648220719336584       0.95192947948880846       0.98126827940110173       0.86604243400932868       0.96231885672899165       0.96501634545572690       0.95254200125041899     
   1.0946664268325943        1.3125318825532020        1.0932032219251511        1.0212672383485812        1.1690724870606686        1.2080946933513794        1.2945801177030958       0.97152230419288454        1.1631276171195017        1.2643661467440970        1.2573231084175129       0.99854182918206691        1.0303610980810267     
  0.96707103547104634       0.99424607271482390       0.90990406938734292       0.92909942584695238       0.96693756947823328       0.96931262196677359       0.96525866541611971       0.96795851608325401       0.98659839950811490       0.88695902316832542       0.97558473968268378       0.97671112489646583       0.96778205331754552     
   1.0963616583885019        1.4729117398477589        1.2459070468036459        1.1528717774613888        1.1250107806168559       0.96258796612812081        1.2243454147025390        1.1368810844708046        1.7915711909073275        1.1277024803623577        1.5198802478820141        1.0197414662257995        1.0877543885076653     
  0.98307320011305765       0.99708952167753861       0.95547471503858483       0.96472017615409833       0.98352725649653139       0.98472656464100428       0.98206929380691477       0.98394313354336760       0.99278242563086805       0.93528009603430862       0.98781132529937765       0.98827834665291758       0.98394554381505694     
   1.0131933131766599        1.3502110978979169        1.0551403325629938        1.0492823078592248        1.3751312309396300        1.1395653351484334        1.1052885107355128        1.1369977794654864        1.3023619674521048        1.1694896374156523        1.2464582070880403       0.97629859678635378        1.0851441173235825     
   1.0000000000000000        1.0000000000000000        1.0000000000000000        1.0000000000000000        1.0000000000000000        1.0000000000000000        1.0000000000000000        1.0000000000000000        1.0000000000000000        1.0000000000000000        1.0000000000000000        1.0000000000000000        1.0000000000000000     
   1.3466989121434725        1.8287490492589502        1.0260721868906226        1.1215642572332187        1.0802834820938414        1.0698691426650486        1.0872847085070185        1.1445380434258665        1.0622260970003381       0.89473447998973588        1.0167271180963249       0.99095746517754857        1.1366723860006938     
   3.3183315568718061       -10.416339399976250        21.115306596124519        9.6152674633999755        6.7795715898610345        11.550212129922558        8.9821784826020394        8.0488577660198377        8.3921414762140305        8.7637307609128374        11.391490640501603        4.4238686017732531        11.663420373705515     
   8.0796059708583083        4.8254429050892087        7.3471783238138570        10.893914573052200        12.508271612193354        4.6068952810931272        10.037888216267014        9.6114940992589677       0.80570556669397098        2.5814678466115355        6.1192266361092278        6.7253849635913427        2.7238647076562605     
   9.6862116975639410        4.9238072932092241        7.1771424988936907        11.674770732040725        3.0635226914530462        6.9106636386236175        9.5841838544278311        7.8553743079500498        13.855437397738324        12.023414955326757        7.4846812253549118        6.0014892645943299        11.666528524637600     
   9.7897165469594434        8.6010081650309438       0.12108867026473279        9.6346094996223925        7.0804247189500922        8.1572150919461706        12.044827649189720        10.232716394576485        7.0773595653474901        7.4652669605288438        14.303327261534482        9.8478129394549718        5.0818761849391336     
   7.5069977416109994        9.0253770739545622        2.5548260499036273        5.6394041704047639      -0.14090377894596282        9.7716408782738977        8.5969539088344433        11.157934089234734        8.2963140628375225        12.594468057705557        12.102365617662628        7.7934810539971844        8.4588039002956243     
   13.699291580970652        11.219326840683246      -0.59507470053511680        7.3935268934920364        10.604159925291754        8.3950590849398576        10.285773853341619        5.0680661387125934        8.2587713056105798        9.6152211004223620        3.7062695334265001        11.281034605243468        11.162304792407172     
   13.237450180374790        10.736611510656546       -3.0427068656261724        6.7901887022445386        13.168297046170437        4.5787388153538702        6.4198931470315594        3.5976056434978814        8.0302657135024145        3.4101841313609587        7.6221603789849492        6.4084242821971609        8.4762588358866786     
   7.2324124465915434        9.7542882010582996       -17.229390436403577       -6.1842418886656807        7.8730630920236129        14.760214747912064      -0.30983324791912836        9.9140495980055352        9.0420918113202777        5.5183022131638939        9.1939578337734211        12.211755113000194        6.9106062674397100     
  0.99726389495922441     
           1           1           1           1           1           1           1           1           1           1           1           1           1
  0.23595897890261217       0.11604555561022184       -5.5487250278137262E-004   6.4995189981055184        9.5040796786522042E-003   3.4437761388338515E-005
   2.5256022921972435E-003   2.0719733328365799E-003   7.2548207694846773E-004  0.36169925238065764        7.2395032111982475E-004   1.8868285327812670E-006
   2.2153348211095991E-002   7.5878864146441520     
