   0.0000000000000000        0.0000000000000000        0.0000000000000000        0.0000000000000000        0.0000000000000000        0.0000000000000000        0.0000000000000000        0.0000000000000000        0.0000000000000000        0.0000000000000000     
  0.19389537435929843        1.1468819362719132E-002   1.6339352670859286E-002   6.0106072353601873E-002   1.5831651426132458E-002  0.51084930675744666        5.3644108684493277E-002   7.7704342357369005E-002   4.3301667580576735E-002   1.7726956252739439E-002
  0.97098048285759397        1.0873170755733503        1.1596940869830290        1.0587792797783779        1.2711915669392835        1.0406711141674454       0.97098048285759397        1.0479073887258321        1.3403337332460223        1.2790617728180660     
  0.30905112225218084        2.3012242647068772E-002   3.2568543506972775E-002  0.11814166886257420        3.1663775838239511E-002  0.67240849000280600        9.0053348331626967E-002  0.14113689271141516        8.1846772259035930E-002   3.5570881685541483E-002
   2.3479912757567916        1.2327866672922958        1.0905655308005489        1.0973303889824699        1.1384169562772559        1.9261374809138629        1.4237137860354476        1.0864353467710421        1.7697268639988994        1.1711189273335794     
  0.32435862928376519        3.4563321351727058E-002   4.8643325584943053E-002  0.16964680850491570        4.7568854567292006E-002  0.68955400445184412       0.10881919938393608       0.18601328229881384       0.11392865139578499        5.3233463615473119E-002
   1.7270865839246967        1.1332865019929201        1.1564066430766506        1.1127807944390462        1.1773102443280146        1.2959060897818973        1.3633102839003401        1.2042592925969617        1.3717831053692673        1.3642246893841059     
  0.33880727803306998        4.5801659068658511E-002   6.4798566733055507E-002  0.21774976337664484        6.3753525792624430E-002  0.70101300120333931       0.12451997408407518       0.22169075109019329       0.14255888128144678        7.0728607772530358E-002
   1.6448762340844008        1.1234534658799684        1.1471633048387533        1.1291615210908543        1.1363187363439176        1.2743794290847030        1.3151957276156441        1.2555998143743206        1.2433611449014865        1.1797284945193927     
  0.35251821085836088        5.7753566872415146E-002   8.0596903816960233E-002  0.26279557896508599        7.9225707620297056E-002  0.71169677010479093       0.13569662548866079       0.25183215633691486       0.16837106238287497        8.6835046609747168E-002
   1.1526091361647239        1.0740143480566728        1.2891173405275802        1.0532670663429151        1.0898315208479266        1.2454178172480805        1.2865645526375928        1.4587302759157152        1.3202222248862747        1.2395137936991187     
  0.36624096666326689        6.9965341142744247E-002   9.6463706723853071E-002  0.30375920751695462        9.4734321392902054E-002  0.71946721280019288       0.14656777005008120       0.27848648304782003       0.19372829619581072       0.10301368224534081     
   1.1520016878708423        1.1190185195870881        1.1275509508867079        1.0441716115381072        1.1478688362991170        1.1812127135870636        1.1250869494432616        1.0566455710616791        1.4033569981552407        1.1352752217000712     
  0.37856720692545687        8.2237936511607046E-002  0.11306481553716519       0.34264365637004895       0.10972440446625158       0.72645856639419604       0.15637943925108932       0.30315282382091413       0.21917365849394801       0.11871023019599779     
   1.2071608547600374        1.0670548064669718        1.2966031101987485        1.2261725933494247        1.1571349492203524        1.1285079572235008        1.1680490559248435        1.1434862532278667        1.2050166583905146        1.0884157712913451     
  0.39106502242783975        9.4708796868388082E-002  0.12968175833419635       0.37890791249378719       0.12489695478839798       0.73300964700149762       0.16599824420145090       0.32580732870948276       0.24219843796796234       0.13429655272016405     
   1.2454363419097090        1.1634819889221246        1.1306901615996086        1.1573299690022165        1.1597447662329663        1.0547088236998237        1.2999269042616273        1.2161584855878940        1.2642867794833970       0.99170110434123326     
  0.40233206154225987       0.10732924770965542       0.14672810383169343       0.41457971318789755       0.13980422791989766       0.73933773657535562       0.17389863366202774       0.34760375701572965       0.26522310932267729       0.15048313343648986     
   1.2474100301734454        1.0883999497072208        1.2334944567336770        1.1360488523175618        1.0595666449217978        1.0497762484898983        1.1333423853413105        1.1935561334890250        1.3185001230722744        1.2521095363867569     
  0.41317608464717176       0.11994361987382454       0.16412083983158687       0.44469451019744777       0.15459795552885605       0.74528151055757275       0.18188491675973986       0.36897731141834533       0.28677656968469573       0.16633472941611771     
   1.3019359515674653        1.2169440260213862        1.2178089801362548        1.1788888236034782        1.2418100430139070        1.0456407272627499        1.0894239761323832        1.0971165953407571        1.2051133341106453        1.2042542567258370     
  0.42427042307464946       0.13217502771232631       0.18127111183796801       0.47406069899682257       0.17007058601554353       0.75107985956415968       0.18941538707494707       0.39012423215175890       0.30791693411415305       0.18213100900834489     
   1.1040148641923728        1.1789898125404343        1.1181832127787672        1.0784572877208867        1.1253195097354318        1.2841743539946056        1.0372511554782489        1.1137978246949429        1.2453578711068694        1.4137339152731849     
  0.43560436302527095       0.14447288007748452       0.19821482240588809       0.50062371961809748       0.18559390929720535       0.75672894378460964       0.19701464919506695       0.41055727394498293       0.32880946076321665       0.19796481411953809     
   1.0533566024289926        1.0866724109923540        1.1931274757317705        1.1449048312235042        1.1598899725504146        1.1695807468915711        1.1857008391998385        1.0886602152431113        1.0397901749407918        1.0869243666132724     
  0.44687383506568379       0.15650360908571737       0.21488580493787604       0.52654069658283253       0.20147917355626530       0.76222380405851264       0.20399983622227502       0.43059103908605928       0.34946518392626130       0.21406869378963034     
   1.2477650792867492        1.2030301497976834        1.3412750494358028        1.0822847843782553        1.1604013837493283        1.1494248581522304        1.0934046104347199        1.1867719501878673        1.0896873764391435        1.1289785517203583     
  0.45804151776904639       0.16828259150681862       0.23147026690957342       0.55276631940084986       0.21731820478560712       0.76744592878998941       0.21101577273772457       0.45002145048153874       0.36997856664480172       0.23055527862411473     
   1.0626588782514423        1.1147767835770928        1.1759548029394298        1.2049717873901391        1.0570162079529475        1.0440004384278181        1.2172576044549035        1.0703216818941181        1.0807779109092768        1.1242821350868897     
  0.46891310135745579       0.18072090896438081       0.24832568645744185       0.57861685253483486       0.23258618246605325       0.77232543293699119       0.21806331339571050       0.46922109708357618       0.38988837760344408       0.24649154059405365     
   1.1471407517836889        1.1619806285445637        1.0999741916789774        1.2533608737626885        1.1436287745473910        1.1548880960244223        1.0406697119936890        1.2117109855439672        1.2056347986445626        1.2411831675324896     
  0.47962555307656057       0.19341487703145374       0.26488331448684344       0.60224079476359449       0.24791728138022723       0.77714734769232896       0.22510841923921660       0.48760107902531941       0.40868148318537995       0.26193153153368176     
   1.0390125462612276        1.2289287989255133        1.1509044580998495        1.2924117795654912        1.3737988628902413        1.0898349634253455        1.2182743519327335        1.2169917061722806        1.3320465906363501        1.0832157006428234     
  0.49015449976959158       0.20629966423926668       0.28145127135919235       0.62571197770213216       0.26380482513982861       0.78185675210923422       0.23258358212174335       0.50535800291146127       0.42700247612504788       0.27736560325005077     
   1.0938463185472227        1.2016267037797996        1.4269244186526728        1.0697673137667152        1.2579003058128124        1.1914780845182231        1.3083200214890636        1.3871380724259459        1.0457546663181685        1.1793290178967595     
  0.50052113903751350       0.21924596771415958       0.29792701552526246       0.64423850339378053       0.27950849983858311       0.78659955651117519       0.24006375563605026       0.52234531972582188       0.44423737630736687       0.29291406927519997     
   1.1623428739974111        1.1600610541397525        1.0081290805837235        1.0354254582761695        1.0371090060864911        1.3423285896591157        1.2589128594379195        1.0950521224420249        1.1476868277165579        1.1283440699898621     
  0.51130995322710882       0.23206492493996372       0.31409689355819215       0.66316984021636349       0.29450480054296169       0.79135901766680827       0.24751365109318801       0.53871985215074236       0.46131576991258061       0.30822225927080077     
   1.2257109715527950        1.1341393906866508        1.1638450723947458        1.1884755180311393        1.1484471843463737        1.2261295857891066        1.3359440868956127        1.1330162190991189        1.0658609870070765        1.0885242040162002     
  0.52218860907763076       0.24493993502841574       0.32992245069985154       0.68096917022097947       0.30946841159977062       0.79600032273636134       0.25504171088596472       0.55447811275325309       0.47775872079305642       0.32337885804288058     
   1.2647415633975430        1.1178550494409463        1.1077808631374269        1.1408769525188420        1.0940789491140990        1.0234233660068173        1.3837943030955635        1.2296071906679178        1.0900264865775369        1.2032850172740006     
  0.53297551706025559       0.25717118855595622       0.34534144931251859       0.69814944318148886       0.32492619944072604       0.80038527523023884       0.26241649785025700       0.56972562687759343       0.49374337875259089       0.33837601107806631     
   1.1476336474086293        1.0836696923312312        1.1221325006558662        1.1119552415155567        1.0180959077998979        1.1370263987803608        1.1311219264219832        1.1419477178780331        1.1369840938794320        1.1078200601152401     
  0.54371254313240880       0.26920029684813596       0.35997262844354877       0.71352939617899580       0.34056496511755480       0.80477360311886881       0.26967439113048025       0.58441888040587275       0.50927247334279979       0.35359618339891885     
   1.1233096306269450        1.0473828490656698        1.0823372495969970        1.0738106304174930        1.1276848849605174        1.0563327207235780        1.3159256734875910        1.2979268513655811        1.0641797618668365        1.0953937758322831     
  0.55424638117403113       0.28113582303182327       0.37459771220144289       0.72852990255437566       0.35680963128286503       0.80914443802453195       0.27687478544804961       0.59831613600242861       0.52467161754140301       0.36895850792127149     
   1.0982052905416826        1.0490192781978809        1.1227081547319966        1.1337944716117767        1.2305497760537130        1.1370525753061274        1.1531003641205932        1.0615413470301773        1.3245622884274140        1.1497074713900453     
  0.56477479438203759       0.29296690825693644       0.38915996184663126       0.74283214647057771       0.37255996232133254       0.81348339088973409       0.28402804809005089       0.61190228191136686       0.53974731065766546       0.38429317242633687     
   1.1511575626358117        1.1287743197960591        1.0992934852884846        1.1775203759246915        1.2037803763025423        1.1586890339840292        1.1504057272100963        1.2940418368164361        1.3802821360002118        1.1693483842463359     
  0.57527631500030274       0.30577478416912546       0.40400711534238065       0.75637959851569159       0.38781855464527515       0.81792435282325848       0.29132337620399651       0.62455221335546962       0.55486684351650239       0.39971269254163522     
   1.1570446965436478        1.0609186084242939        1.1869150290608548        1.0749806504723085        1.2246053992182795        1.0339069143353081        1.0918556462012794        1.1716608727734983        1.1798827808720582        1.1424196204393815     
  0.58592327257648780       0.31894019460967160       0.41905369563319689       0.76850227398162707       0.40319779573856046       0.82235388437532175       0.29872309038192291       0.63720680238033900       0.56903426670760571       0.41518511549817882     
   1.1512831214416799        1.1395359793604851        1.2014011625583338        1.1202355871194853        1.0878816914022591        1.1145665913220597        1.2607175946442484        1.0262162119457210        1.2091645610941304        1.1548017810433329     
  0.59631650714475815       0.33200043584938538       0.43410954368788984       0.78057672519100096       0.41852542068417364       0.82670581191850645       0.30621480562476378       0.64955022553796327       0.58322805934196564       0.43095530120037151     
   1.0735752149445499        1.1199135996093244        1.1184649478010629        1.1185307642640596        1.0687017194779433        1.0406711141674454        1.1513179881103521        1.0990200066097637        1.1182139510918472        1.1394874790651821     
  0.60673751944722709       0.34478259068713896       0.44922148593058847       0.79241313130552293       0.43347716312710027       0.83109824801172827       0.31395038918946927       0.66163504572486898       0.59716542837318587       0.44704005302329702     
   1.0319549102529275        1.1013171738457499        1.0947955557231945        1.0604940828034803        1.0677485757380345        1.0521922103264223        1.1675960855443022        1.0707995416079967        1.0665443566841599        1.2487480121830483     
  0.61677069348650637       0.35838436342538760       0.46446024590714874       0.80376301815372353       0.44838879314751806       0.83534278962753816       0.32176837220429744       0.67327532436098503       0.61098297109196098       0.46225987846928801     
   1.0231251999505147        1.4396439913091983        1.2404972201675994        1.1081223576896686        1.2006294812470681        1.0786540672830447        1.3672880763085558        1.1036494766273306        1.2110530081362416        1.4472692288687594     
  0.62661092703474497       0.37207409092921206       0.47937413199246276       0.81443212886860405       0.46338686357199838       0.83955502073837662       0.32981605427761423       0.68453782476723735       0.62426683290615448       0.47701558723526338     
   1.0400678073737715        1.1685398086553869        1.0869359974971666        1.0946659056241164        1.1452493600504789        1.2277412158206056        1.1536501546845990        1.2513958065420161        1.2686759543346198        1.0987733182597288     
  0.63756789266634084       0.38598908680823746       0.49424530450381671       0.82485107737983154       0.47855448080641283       0.84374007889586167       0.33792140473745658       0.69554960957178802       0.63755236517918878       0.49174427076574528     
   1.0904794482938749        1.1018285339752041        1.2755475804660465        1.1837757839787910        1.1194283158678116        1.0710667557564486        1.3383762307253513        1.0392851059340105        1.1431107973016010        1.1774089709403230     
  0.64851053406665382       0.39996131552557446       0.50919760706146577       0.83485317331847519       0.49351324661503165       0.84790466761546046       0.34627998634565488       0.70628658916380815       0.65027086163856118       0.50624827700239639     
   1.0740930860109168        1.0264121979401415        1.2405154489863535        1.2219030768409533        1.3514306479465990        1.0729063424731282        1.1031503558251843        1.0486222695562764        1.2199086147371951        1.0560545224715538     
  0.66038048699095397       0.41416512589682669       0.52520614338396221       0.84432563466772492       0.50823716460025592       0.85208592371267600       0.35475947439062416       0.71624565896153880       0.66295353075203955       0.52216024487143020     
   1.0700448560810305        1.0901108125545647        1.1800492498125348        1.1105852300546175        1.3132312430428128        1.0343988199155718        1.3382326198836905        1.0629070175911415        1.1859163456340376        1.1522521262760881     
  0.67202213672229449       0.42845309501609752       0.54191906404823242       0.85306250561184971       0.52349299550371198       0.85626544713583397       0.36365616839850845       0.72626545917746488       0.67577501745580848       0.53853063646907640     
   1.1640001989287108        1.2398749525548507        1.2359211521048270        1.0605084224612451        1.1849184946261218        1.3006909669856184        1.2078510272413974        1.0964579371723189        1.2403993617700351        1.1290015318403110     
  0.68367032105801828       0.44315236160620736       0.55809045520345668       0.86151730633017687       0.53991651167208432       0.86042047452819670       0.37248745910847553       0.73611783851556145       0.68873717197390860       0.55405995345358172     
   1.0330583146637469        1.2571133135890320        1.0825032032365982        1.1422122575696514        1.2293374263519157        1.0997326556302769        1.1549351629283402        1.2243152766096594        1.1972133332760975        1.2079396631703678     
  0.69534508886001900       0.45815654248051657       0.57394490194160230       0.86947953342618201       0.55642844790777790       0.86461000065574878       0.38117058955143329       0.74606217857549617       0.70144048433057471       0.56932781958026701     
   1.4149352983950185        1.3446900479798787        1.2084740395580904        1.2073007237317366        1.3935356779168007        1.1192704576714769        1.1069731351984571        1.0580046837950157        1.0980748684823756        1.0691867264138191     
  0.70717387858084979       0.47329326859992343       0.58965122371046086       0.87722539462961568       0.57336966994866645       0.86875788190819980       0.38994878588100995       0.75595789924842893       0.71395188429070733       0.58451475456823276     
   1.1828989929383780        1.0023114293598547        1.0934315890370614        1.0936773786706646        1.1245670776366741        1.2297592127663610       0.99330853823171605        1.2712663672226818        1.0363389742438613        1.2356899707202122     
  0.71905549175339012       0.48847795702486785       0.60511268742367164       0.88473412326435674       0.59010576992219721       0.87290903835316569       0.39934871136403877       0.76573929222862291       0.72660846348450447       0.59988492887588307     
   1.1668667989412658        1.0410886434408799        1.1155150301762196        1.0834529486407847        1.3677421513222814        1.1009294397038520        1.2018016628290644        1.1079171196984399        1.0525863466485181        1.2053487470083681     
  0.73066233930711522       0.50377238927592416       0.62093185294006004       0.89207177692788309       0.60664134382826984       0.87706080103386497       0.40864799933846802       0.77521778425669696       0.73938126831667561       0.61437727112326324     
   1.0578076079344823        1.1046867340565454        1.2685480990224152        1.0803302643312351        1.0701100869611189        1.1204674336732954        1.1440826982473769        1.1090144207787693        1.1351067550309177        1.1253074350449248     
  0.74214634636088084       0.51897741155961563       0.63717984234924907       0.89922794391880478       0.62327751840643908       0.88124736023101102       0.41821091989715625       0.78451848023930904       0.75202371102059185       0.62883741099235213     
   1.1687584119370114        1.3403535743153652        1.4000539095651836        1.0862165514891595        1.2147196591220908        1.0281379346053927        1.1471221149146409        1.3774941275302288        1.3765395240694558        1.1019896122961150     
  0.75316845288548573       0.53420173692642015       0.65333801357355592       0.90604639210836679       0.64015197934283674       0.88548914173074889       0.42774559383110716       0.79372535575843772       0.76462661426735212       0.64437066277571353     
   1.2298063705859228        1.1904045814484463        1.0794030432640047        1.2316781285280505        1.4085477137302016        1.1009390317640841        1.1514254794397161        1.1144536924151154        1.0909534229501410        1.1422476138159703     
  0.76419303219280077       0.54941889850138914       0.66947631280258380       0.91237679536589045       0.65710837044312487       0.88976608237554844       0.43797700946157420       0.80283867548206855       0.77757117417785382       0.66010090774721919     
   1.0536303035561938        1.2865622148635811        1.1445181598064587        1.1141730258485343        1.0407208256117411        1.1303321325892997        1.3067321895466175        1.0961806796861213        1.1322935313311309        1.1670385250389534     
  0.77524191794299790       0.56461758872852652       0.68527032269225996       0.91858732435086221       0.67386306450557221       0.89414448223128107       0.44824142549008755       0.81193615795756025       0.79070561699473818       0.67569654929962197     
   1.1720295346806420        1.0439295074107546        1.2460423531221247        1.1825371801256097        1.2550378635777373        1.1310920008054814        1.1458710540464210        1.2518998871939671        1.2804744922397404        1.0986358514792383     
  0.78632902736652521       0.57986874842766656       0.70057346470689241       0.92452115420049319       0.69082896557218754       0.89861401756989778       0.45870998281444514       0.82081141396897261       0.80324960520637700       0.69142199682723582     
   1.3943535299887146        1.4400235582618635        1.1228942645278490        1.1038703097588316        1.2192216869113093        1.1419195416686421        1.0631961309545581        1.0883899639454901        1.2239322422138601        1.2188154695468527     
  0.79750708777999080       0.59564038311939771       0.71586341746075821       0.93034258409143211       0.70658381467232323       0.90305365038826335       0.46928978439097147       0.82928038575744434       0.81508084560577532       0.70780840267411138     
   1.0834120205991473        1.1892397479771561        1.1779197358468874        1.2519147293146566        1.1884287234483832        1.2121269330780184        1.1475597493518830        1.0326126491822225        1.1643924625292736        1.3322917580214033     
  0.80887134179689324       0.61185806575381241       0.73104338327015017       0.93598339307748146       0.72242452561198645       0.90747060558534531       0.48016078595672501       0.83766673264140301       0.82665275927368009       0.72405971367048605     
   1.1850220175569959        1.2989055396401217        1.1508007428070186        1.2858510219597705        1.1059815433987852        1.1556529784154896        1.1543531225151806        1.0959914297787565        1.1022024047928161        1.1367122680495076     
  0.82034428120118763       0.62809863740577276       0.74624520772472391       0.94150736000191104       0.73848821657631292       0.91189512405097783       0.49093220299534845       0.84597784595328362       0.83776493204889446       0.74050940778337515     
   1.1903618381113981        1.3176751816181378        1.1212147306005469        1.0778785082844125        1.1859402308037541        1.2610549917915117        1.1273173890219110        1.3452503699045291        1.0567879389096337        1.1415584242262886     
  0.83187812585376542       0.64426690056747848       0.76160233673590094       0.94672832939460605       0.75444919702593527       0.91641534376282296       0.50222621605709439       0.85438867126304086       0.84861914937045912       0.75741509582851496     
   1.1014145311122203        1.2794480701839086        1.0206395904906311        1.2308924049534489        1.2237263960824880        1.1743872892521985        1.1022309475523224        1.1017479456673147        1.1291629393256386        1.1244105390472361     
  0.84289908678933934       0.66094898669714075       0.77674709895766825       0.95182810910490356       0.77055070901775857       0.92089929457094177       0.51362031338395109       0.86291156669795954       0.85848808562314116       0.77282664623951058     
   1.2053736976385867        1.1652260527216951        1.1331552420950011        1.1652223873767020        1.2180638769380052        1.0393869426163063        1.0907357082066729        1.2129360810486960        1.1402588398380828        1.0884544642879992     
  0.85356519936505337       0.67797865678061442       0.79180386452241247       0.95646834011796633       0.78666681212849709       0.92522238909636056       0.52527693716437918       0.87157379206846808       0.86856482453211759       0.78786307171905379     
   1.2490408391244447        1.1670631943233023        1.1320552173932661        1.1769792787281501        1.2032838865583995        1.1477772402156150       0.97098048285759397        1.1201885647067986        1.0755858508777352        1.2987394138226231     
  0.86488596758722591       0.69543608382350264       0.80694313920198124       0.96113979208144318       0.80281203805969648       0.92960563643417660       0.53709979244745654       0.88036553982518428       0.87903688133344526       0.80346401896099140     
   1.2510818898971683        1.2837160383642801        1.1838710529043455        1.1744984845951429        1.1399207232191804        1.4112612770492425       0.99709287955513914        1.0587994383367427        1.1236850828442835        1.1088992688708492     
  0.87649695392528182       0.71333393452474569       0.82187897546469424       0.96567744516714094       0.81876422221208411       0.93402455205336821       0.54945965690482801       0.88912967745838056       0.88938192718148923       0.81913479900468777     
   1.3121068692451885        1.3132735350658968        1.2750578369776320        1.4288302088243403        1.1289707307680383        1.1989992374336318        1.0475206054997366        1.1802292496448252       0.99856859995003311        1.2248056120134720     
  0.88791752522426859       0.73158506456626915       0.83700859222525936       0.97027860763031415       0.83411369792334955       0.93844076657908049       0.56185429502260076       0.89776014695296247       0.89920728365444236       0.83452476792224273     
   1.0495546121952948        1.2154295264869368        1.1960142588172649        1.1894652948407158        1.2399729951995997        1.0875577152777312        1.0033901299897556        1.0282794964030650       0.97098048285759397        1.1145243264325240     
  0.89912916859225367       0.75018069383919861       0.85218636550253779       0.97364040479346814       0.84935422070828415       0.94279749443650329       0.57467207183830937       0.90640822259201315       0.90882821920765056       0.84998589389505841     
   1.0710473731377816        1.2487586279599281        1.0601962404611394        1.2936112179577643        1.2059193636084193        1.1341262257223599        1.0130522351938844        1.1830771982141024        1.0544930815311040        1.0953358119707326     
  0.91005365736528043       0.76920516842389230       0.86714290964476493       0.97701427748124903       0.86523007627905690       0.94716674451655780       0.58859318326672361       0.91502733716993367       0.91796079747846071       0.86566201353431227     
   1.1437372723697861        1.2747861919508454        1.1166191575486093        1.1431652848382401        1.1591340808755293        1.1249942536574939        1.1175585590339927        1.1464559611176119        1.1061877154570043        1.0938917574496900     
  0.92093059521123666       0.78861238492589825       0.88210630520340316       0.98016825068229219       0.88098630419091895       0.95162381450761901       0.60510693520817949       0.92362467204991772       0.92724431435559873       0.88151287121027511     
   1.1246433179363879        1.2009497432761860        1.1838625052434102        1.1002762001351496        1.2299669397110913        1.1110179151150823        1.1685020856229773        1.1963594930299950       0.98864290783915076        1.2712039720606261     
  0.93134314919657468       0.80904757461387911       0.89677643427285469       0.98324278361380646       0.89592110432418315       0.95622305490512349       0.62226527028528866       0.93255101471450208       0.93712267045111719       0.89675193967601130     
   1.0902580290531099        1.1466033115000955        1.1910440094941044        1.2647968815773531        1.0998713045983324        1.2033318566707105        1.3787675362936185        1.2594802876324875        1.1800680497003564        1.2202225239750204     
  0.94150636558029810       0.83099687068746730       0.91153735731060470       0.98612038774801725       0.91106280206902868       0.96088992859806688       0.64075901926274392       0.94153068620456437       0.94693145746842922       0.91204700942057526     
   1.0719362965115655        1.1486954740152013        1.3100294278554427        1.4130332222545998        1.1525531176210466        1.1874396787799801        1.0542841460697592        1.2974489382541798        1.1051179106810234        1.1089239062459071     
  0.95179400539291181       0.85447653296298964       0.92653050985909069       0.98890675172261500       0.92632455435055339       0.96592892885560822       0.66114451177986022       0.95101797083998607       0.95630445686258903       0.92616013074779502     
   1.0851563956251666        1.4257489918927022        1.1276781456488967        1.3168627301681435        1.2222010872523099        1.1315918695122509        1.2334240572466644        1.5038221085420087        1.1075086055471992        1.1555715230214099     
  0.96220834069863548       0.87976735565588271       0.94165211074294586       0.99144659099456500       0.94198548028391915       0.97137515646133199       0.68414203308645394       0.96035434204585235       0.96557017426300074       0.93995496753847807     
   1.1479423817438252        1.1065291614277533        1.1192518754328837        1.2138604339676797        1.1345380332676849        1.3631593925559322        1.0597036231859362        1.4189065212163554        1.1314384278773855        1.1815373842479988     
  0.97199275674874097       0.90641468474015430       0.95629625579995303       0.99385359361418568       0.95684986991609644       0.97692971319074373       0.71611255129137974       0.97015999060909808       0.97420932518176206       0.95473344036696883     
   1.0198818367688169        1.0273365986428633        1.1662621967294009        1.2517318106994781        1.0668752686772167        1.4052372653262077        1.3270848146846133        1.2776265483862026        1.2344675788096591        1.1313043960398168     
  0.98155812044698998       0.93436335121969438       0.97095848058597556       0.99606783722393133       0.97177989995311587       0.98258437856559488       0.75970096461120207       0.98009980599105884       0.98279590483106649       0.96935720582521812     
   1.0611145330872795        1.1792093105943404        1.0742719018097227        1.4767933169049059        1.0372620136666650        1.3476612890574011        1.3778780435028692        1.2614589723754501        1.0367817238222550        1.1406049709609591     
  0.99086079949423733       0.96608511637833838       0.98545365545975294       0.99805965223077686       0.98592617642521030       0.99058548460498175       0.85344385640025222       0.98999250598626065       0.99141615152218088       0.98474312447614853     
   1.1236000567180970        1.0592510570793710        1.1786864832209671        1.2644988274396978        1.0889536307697580        1.4716188138361339        1.0643854579319403        1.2816320582059435        1.0557424227751677        1.2591199466332750     
   1.0000000000000000        1.0000000000000000        1.0000000000000000        1.0000000000000000        1.0000000000000000        1.0000000000000000        1.0000000000000000        1.0000000000000000        1.0000000000000000        1.0000000000000000     
   1.2129840563225887        1.1557819910915097        1.2500096784508012        1.5785478273278053        1.0519140886456915        1.3370144707705609        1.0100773897541813        1.0397198788720834        1.1660491768974410        1.2036217207227882     
   9.2351624994502206        8.9139430892300577        12.871897022775100        8.4565549721993296        15.834853664287449        5.1243839006285627        11.628823282149840        14.489025579953134        11.020997744296995        9.3244947077481175     
   9.4290367107430768        10.144630037209966        7.6002401030608908        6.6799414016089322        8.9182703174360505        5.5590180373325113        8.7591124124489710        10.160527939526670        11.323050313203876        8.8204833685189339     
   8.4195746358313652        12.509503987741608        9.4563341243521766        6.9076640380441203        9.7501737695810213        10.742854963251460        9.1681193580695304        8.8322087002612992        9.9017546163354790        12.056527845730511     
   11.573149629811304        9.4465807552116168        10.588464023091140        5.7185497606180240        10.169285370295716        8.9120957951789368        10.839836107257359        10.559140135200039        8.5424266564704627        10.132315245243319     
   10.317002402381885        10.553828620148241        9.1697977614819077        5.7145984761262900        9.4077003180840393        9.9066128446609767        13.145275353492336        8.8303409872162675        9.9628617627320075        9.1545757682671081     
   8.0812134488186391        10.000492008416693        10.155487212506385        4.9334772160691767        10.918562724166380        10.225409711448052        11.667918741136072        12.055683595110859        9.6623749322413346        11.079301578717853     
   10.269999528582611        11.617781822467959        13.867007799072757        6.7744325455009715        8.3507808767726139        9.8312721934611833        11.476896219677126        10.167351482355119        10.153366261339025        9.5424576268952936     
   13.432385056081015        12.450492045398246        11.107015296898622        19.118269960989004        11.569392852934193        14.429830917129822        12.603980769199614        12.728710464997778        13.194286608982146        14.913262019369474     
  0.58308320344486753     
           1           1           1           1           1           1           1           1           1           1
  0.72114990411356006       0.65859798334563502       -1.8846924618840940E-003   9.9065949228844836        2.3050272529823751E-002   3.0710961679957974E-004
   3.6800739507425176E-003   3.6563068106257534E-003   1.0661231680759947E-003  0.11938146369904322        1.0594041902423198E-003   9.9091530784471413E-006
   4.0978505467137112E-002   10.129945357307816     
