   0.0000000000000000        0.0000000000000000        0.0000000000000000        0.0000000000000000        0.0000000000000000        0.0000000000000000        0.0000000000000000        0.0000000000000000        0.0000000000000000        0.0000000000000000        0.0000000000000000        0.0000000000000000        0.0000000000000000     
  0.13332155274625052       0.17294085464407133        1.5594151994656991E-003   4.9824461094658051E-003   1.8036255081160458E-002   8.7060847256002129E-003   1.4310602876063552E-002   1.7740388377673607E-002  0.44265449120787143        9.1406423187289129E-002   7.5401819394420574E-002   1.7326076206914190E-002   1.6069008886054670E-002
  0.56980784902520376       0.52162021845539863       0.82836687871881398       0.66364480961355976       0.65550050319269315       0.72665888457607319       0.58908175665811358       0.61039913234972953       0.63253022769133016       0.65907276438289852       0.64916114303958072       0.66744854690258837       0.65685618328816631     
  0.23946265449447537       0.28756425139914349        3.2093805288373111E-003   1.0326771600747924E-002   3.6278779833344842E-002   1.6792152269846084E-002   2.9129178538535208E-002   3.4549484599231517E-002  0.62214189792832719       0.15306106171803127       0.12195271208122392        3.3199300595072909E-002   3.3163332712541349E-002
  0.77865766061685937       0.65335684680276107       0.74258297578089327       0.57773595775320519       0.76891920213346332       0.73989143977054450       0.67709574751864710       0.70964791342053257       0.73357841639693233       0.65250683965290535       0.64874471203823547       0.84757095108463765       0.72497326078328184     
  0.30041395046872899       0.35736430240701866        4.9894327273325061E-003   1.6517364837789133E-002   5.6374965646500977E-002   2.4226775163296858E-002   4.5126419160249620E-002   5.2237274501617248E-002  0.69242552313637773       0.18894266293217307       0.14954252142470964        4.7988721904410489E-002   4.8696038926385986E-002
  0.75288367598066863       0.68026873136151567       0.84675235049763475       0.73808974215444856       0.99436903370455698       0.83811972635407106       0.64732948193492945       0.78130374713325756       0.76396163801206129       0.54176890386587173       0.57870600595259014       0.89525576124305439       0.60104057576963921     
  0.34532612909519250       0.40754191366159997        6.9508247919904892E-003   2.3084832245054959E-002   7.7908852080779092E-002   3.1253573718745965E-002   6.1590353355037528E-002   7.1496016377241192E-002  0.73527879993415080       0.21449035579703768       0.17410294897185519        6.2746365558451839E-002   6.4325363707866137E-002
  0.61995089585569041       0.64473087977590726       0.80051426699022177       0.66307872674867485       0.66545144175652726       0.70396653418024036       0.60644594248986472       0.72170219131359015       0.68046077853313747       0.71000927540247827       0.64862025734580553       0.85081903042144591       0.79177029390999565     
  0.37828339387612586       0.45214935778463688        8.9834032026016412E-003   3.0383731610689222E-002   9.9241841438155995E-002   3.8316969356323886E-002   7.9612515088080232E-002   9.2068680191597987E-002  0.76342541092935789       0.23371414563609527       0.19488647200607756        7.9066469885192919E-002   8.1609263614140615E-002
  0.99084606974623968       0.77534463369535311       0.94514034905477251       0.57249841923022804       0.77679389362058360       0.72337553429601109       0.74823609794873003       0.74292221737969899       0.70370978788908256       0.69822550885461132       0.66323910690959320        1.0161756624556191       0.62890874878199921     
  0.40461106615165243       0.48583068510591498        1.1089812735067622E-002   3.8495793513726541E-002  0.11935804320000708        4.6309369981819802E-002   9.5973658360951217E-002  0.11300314353367047       0.78636338875428036       0.24876586098061859       0.21772733130452948        9.6173226039118251E-002   9.9725722013771237E-002
  0.70969161483011289       0.64891348776830238       0.62255377068822915       0.71299885780739214       0.83137817980332429       0.86659785866959937       0.58987993949944117       0.81995827772618168       0.85204998134257659       0.65944975158348751       0.77853372072135230       0.76864802703895241       0.55947461902787388     
  0.42807511905759099       0.51736963321084894        1.3346988009563542E-002   4.7079550246704016E-002  0.13948357213395923        5.4465357259316963E-002  0.11287114343750354       0.13238741772624604       0.80214437025529073       0.25985332461033894       0.23434060095745818       0.11158342928706877       0.11669522915895938     
  0.71878228840541736       0.77354750295245267       0.79465137094245630       0.77169903500568626       0.81565555223251041       0.65061625236530074       0.63460308453036263       0.68850704138391805       0.68437621941400950       0.65560928731611834       0.78193714770683986       0.70984509862985168       0.64703110424089227     
  0.44964647102506961       0.54343360840823374        1.5938888910827932E-002   5.5958914079031620E-002  0.15974993146565991        6.2661057666512018E-002  0.12845596510256801       0.15007783359678717       0.81671372401809150       0.26841212889305721       0.25101166939126518       0.12706505724406494       0.13334503747049742     
  0.71450732928181127       0.68946629527216163       0.73376976359317725       0.61885396651843960       0.68522346347577834       0.71658560260180060       0.73021513188682130       0.62453119314370031       0.75042813010068221       0.61827597741808415       0.77901110873095780       0.88801748706714090       0.61989330676199117     
  0.47132166629866584       0.56685346459100772        1.8678442063225411E-002   6.4084094083000198E-002  0.17988403525008240        7.1188818163225046E-002  0.14522230474710704       0.16388559314566811       0.82862737666576547       0.27714094470599926       0.25932374395681440       0.14237510108107482       0.15024352341310535     
  0.66722214650720946       0.66626738530386842       0.70277421686445685       0.67952690383701986       0.84033671600609139       0.67252595339895471       0.61059085939180091       0.69100085147779255       0.78826696691841425       0.71647425524484054       0.59942958509450228       0.68899133276458746       0.63610988523805501     
  0.49435753779083341       0.58763290429777737        2.1250126783590634E-002   7.1363888975221224E-002  0.20115834890859119        7.9920682280248526E-002  0.16354628061251170       0.17798894410114507       0.84161015043281506       0.28723963693375076       0.26760314837911009       0.15540293552013010       0.16713657891483152     
  0.78552416254741098       0.64244323698902961       0.64614571553874889       0.65241497173813234       0.81158356532665976       0.72805605113431149       0.69333558331526313       0.62845560459425087       0.75051224668161998       0.55652033042717541       0.59567799255796150       0.77243485857982308       0.62558333122504906     
  0.51709818521763140       0.60812521652096763        2.4104305598030992E-002   7.8888339552884434E-002  0.22358099099903314        8.8030064644512573E-002  0.18142927094213457       0.19202222058294260       0.85044776897362717       0.29681610454737795       0.27594466326831402       0.16724472923537645       0.18383106191840734     
  0.82010474845006298       0.74193853711404145       0.67601201284653945       0.67810652189861242       0.74937242425703132       0.60429502457417339       0.66399120842908310       0.62137634982574841       0.79364648915185809       0.78739471767040059       0.63240119025515429       0.64694445998677341       0.62838382313236718     
  0.53594492631598922       0.62350494662614320        2.7472834030555511E-002   8.6391808009742749E-002  0.24456874565804132        9.5278415703339059E-002  0.19901601068760932       0.20642995230299427       0.85909178212895654       0.30600409233346487       0.28565606261386339       0.17943146824504450       0.20184537565419966     
  0.71024478039474837       0.66537830352884564       0.67228730521104840       0.56900551304091407       0.62634506372271870       0.65780260889323450       0.67847042014887449       0.64006534128455184       0.69357136207915371       0.65269681254668654       0.72314326530876105       0.71264812963377189       0.73943543799066891     
  0.55421457495487292       0.63781774517990653        3.1221579320788759E-002   9.4291768140477891E-002  0.26338793547329920       0.10228930355237723       0.21767644200964112       0.22165644410277896       0.86381885672601444       0.31455256842404444       0.29498397264950282       0.19198127534850046       0.21950502854081536     
  0.79628868659881935       0.56672326977264054       0.70481619775200788       0.62481931093431109       0.78473485777180141       0.68041231375884836       0.69261091474385106       0.66517449984319055       0.57801391657082180       0.71294468429743563       0.68864757924848186       0.74917942093245549       0.77062456170771232     
  0.56940886963273696       0.65134284320564073        3.5150866528433460E-002  0.10335478163877874       0.28204656938521461       0.10931019313053965       0.22993813554955958       0.23726323975170927       0.86879515158152043       0.32264962717251405       0.30361253084948026       0.20464575562936529       0.23625611301455057     
  0.60414341164254981       0.68392358692202471       0.76089258843757202       0.73019425265970683       0.68697367688591171       0.70122270131557451       0.56855041073594981       0.60846320918046137       0.67135894721757339       0.63593499297783895       0.61096159302088748       0.66278850827766722       0.64758783635883432     
  0.58349973021080748       0.66427126785221369        3.9029159706904279E-002  0.11217248293404913       0.30220791153190202       0.11710512269024706       0.24175205088454826       0.25308102177228442       0.87389770792722010       0.33072590025341736       0.31124133735437426       0.21664807386058202       0.25238471151265002     
  0.64199086410999273       0.64818392291383553       0.64178744331586279       0.67591842954142922       0.69770646810568493       0.65428933820593471       0.61004384320882477       0.68278341702038015       0.66899053406115605       0.66126076314910032       0.61606613161862667       0.56227763449052259       0.60306646244223217     
  0.59619052183710186       0.67488225122640788        4.3138361338644890E-002  0.11994131895201945       0.32252237076008405       0.12489137737294780       0.25133186555371945       0.26901121261886435       0.87860270129259943       0.33841713259098899       0.32088943024628908       0.22799611717586538       0.26988658631150492     
  0.61884737566186010       0.75454766831482922       0.57682907402674566       0.61309480969682295       0.64267769781245221       0.61990974500847495       0.59730643315474108       0.65667941598931390       0.67592045715065174       0.68195249904068767       0.66912711539423031       0.61178754671800606       0.86487098952785679     
  0.60809795943546963       0.68589340623775830        4.7819072308699334E-002  0.12928515885808775       0.34062483954817463       0.13315072773054265       0.26096871693920815       0.28739291736717659       0.88389455832209707       0.34618166843301507       0.33062874134057568       0.24028876970510732       0.28727270214328227     
  0.68860566130639644       0.61193691368626113       0.66448973804553702       0.64407251417377898       0.78145474224955624       0.60317880958250703       0.59853131199360943       0.90256002967845317       0.72402100948211934       0.70725772733714387       0.66164738181120342       0.63893017602427360       0.74810875522303455     
  0.62012087254637671       0.69644827833115364        5.2676898309637843E-002  0.14008078741138683       0.35635445848423969       0.14114257157716043       0.27184028789964587       0.30789639636748800       0.88940041472286080       0.35214109067350285       0.33997082195956668       0.25195414524456472       0.30265786506339115     
  0.64855358017882025       0.60906213006621301       0.62057104257638152       0.70094801927895434       0.68251101841534734       0.79426734141070232       0.63175727133816706       0.75400761687735562       0.68937567818247547       0.56951744004913196       0.62969768843026830       0.67846007644957307       0.61955452096476660     
  0.63001234891878366       0.70814628182712180        5.8748281046035682E-002  0.15142818416773335       0.37091265686792674       0.14904171964293667       0.28506201121480490       0.32889143172026780       0.89461310973763519       0.35835419368040844       0.34938690094042013       0.26487609247959681       0.31777838734386449     
  0.58866522085583239       0.58642670470369929       0.74509218336421945       0.75430151933442524       0.67798770830602340       0.64705886274181013       0.68750646307559704       0.69465804161476163       0.61568720907513808       0.66974347263646994       0.59692844177129467       0.62864998096920566       0.65069580956500483     
  0.64146967999929227       0.71877904261466818        6.5256020677244633E-002  0.16350671435106021       0.38514013724961305       0.15672431105583945       0.30178083208722711       0.35070422902930803       0.89979047849832727       0.36493618048522991       0.35984421254500543       0.27971881418630112       0.33155654619472225     
  0.65452744861291023       0.60642472024274263       0.68856828242468981       0.70024143838458230       0.56880824683306852       0.71945922515971084       0.62689649183581286       0.71981581354614144       0.70769810774336039       0.61536405096181435       0.67001254169123514       0.75483051610527252       0.70151870151744533     
  0.65299965892525624       0.72917396561753545        7.1918180769205642E-002  0.17578870898042051       0.39952554862615974       0.16446756775330135       0.31924987439921149       0.37159011033716627       0.90415547611353009       0.37422144466948060       0.37113263229815796       0.29554523011092249       0.34324232258955995     
  0.68905520542140730       0.62885245125096112       0.65028600364673139       0.68961061209931462       0.65546272553367957       0.57363931730013984       0.73195512504103555       0.72314045410453764       0.55658976139990923       0.66096731128382102       0.68698192863850482       0.61107250682684500       0.64826844778881254     
  0.66396776327086493       0.73900062759537921        7.8618629225079659E-002  0.18907304441284617       0.41430961379924969       0.17278419700962863       0.33389384024358526       0.38628014190133031       0.90838178105270306       0.38313755234326102       0.38196649013648049       0.31138248260060880       0.35457786789535900     
  0.68412432098363862       0.71627963503164027       0.61335283385027783       0.67738557082145112       0.58135034156350918       0.79738143707029385       0.70763543298961773       0.64554114530698570       0.66625321549665040       0.89041330543942854       0.66400689015495595       0.68261978190419093       0.61387039996048987     
  0.67483243241580815       0.74729139815638501        8.5870395760495793E-002  0.20332612695218172       0.42895490095768990       0.18184020517131869       0.34726083280133130       0.39591655728882130       0.91249382479071572       0.39369179440350494       0.39306679481144885       0.32767754411091854       0.36604394684628278     
  0.66939598548191437       0.62662674670081864       0.68329246573371727       0.62312807857993135       0.61379163276543625       0.74706062977681020       0.71334255990410345       0.57227637941850362       0.69510684567744707       0.75373525844738709       0.72870187192763702       0.57477760768857289       0.59440549645658680     
  0.68620367093637413       0.75730020714058255        9.3909662557156992E-002  0.21789258679891021       0.44467131994712161       0.19230120685701338       0.36011089430903187       0.40498293306133742       0.91668225923250013       0.40384493284421963       0.40450716497261602       0.34615814954776286       0.38012634248528632     
  0.71314924504262134       0.63858599067538135       0.75551745798072634       0.74327453379439068       0.60252501803890990       0.60799741500755600       0.67547138109824312       0.68543833715207636       0.58906202357123139       0.71023867828840803       0.62668771383627009       0.74615665819272137       0.57954095917458759     
  0.69793577118987959       0.76569108586470702       0.10163607901008462       0.23272383500682062       0.46117215128482492       0.20407219251002354       0.37173374482516774       0.41349989054486025       0.92024995243694230       0.41316621498955314       0.41806401546104255       0.36346753836446000       0.39433044574382081     
  0.81292308872398567       0.68541243829995091       0.68231909088822151       0.66979771351557149       0.68097364530548943       0.67926236182327804       0.59697973544363181       0.53285669836888472       0.54509210559852217       0.80128035952785293       0.62399291313792127       0.71079269416529833       0.70262086394798784     
  0.70876129625245443       0.77363457097367017       0.10867678195102776       0.24721686692694833       0.47739598582746323       0.21530307913242849       0.38603598801530797       0.42720641689205202       0.92376882009328554       0.42161182804549430       0.43149129329130120       0.38081452407585725       0.41150168865879994     
  0.82020419078499163       0.61546806443995217       0.62872813220121737       0.65829996804019675       0.68343340440045486       0.77783245470494633       0.63796263967167588       0.58070805913080181       0.71058085354768796       0.75031166612924938       0.68806030367251203       0.76101238768451729       0.75874739275906877     
  0.72041946876096152       0.78131719374385245       0.11644905390273942       0.26132879182003454       0.49247706209016812       0.22855810770081728       0.40095051483168920       0.44091335070341203       0.92697860205835914       0.42938323238312393       0.44363052068551356       0.39878393897899972       0.42933976251409500     
  0.68643232304110147       0.65314598478782504       0.65444991845289069       0.72800307419637933       0.68914736517728870       0.87659796662487188       0.77800617655693882       0.57903976505875598       0.63188409551892621       0.77626033534271510       0.58612094716627705       0.77747282572967946       0.75976224658640912     
  0.73313228311648482       0.78956189981641456       0.12489456232599375       0.27469158964928725       0.50614480746069945       0.24224572297517322       0.41448541224538754       0.45929325406635763       0.92968166459285662       0.43775336055626785       0.45566675855344430       0.41663337080134893       0.44438556137678881     
  0.78669040092419462       0.66253920464305815       0.65844855676280234       0.64584466896993542       0.68806313246927397       0.68960735297685238       0.63571293679705798       0.79823198538299944       0.58987637398268522       0.78674322152282294       0.71711761051369938       0.60107935348135544       0.63628490786259551     
  0.74323008099135890       0.79667951291416805       0.13445187450725993       0.29183781247275115       0.51884006452568154       0.25310740229856155       0.43221825111699536       0.47625853840353366       0.93231888470261004       0.44472398745341984       0.47053059021102539       0.43640411943608398       0.45855601014084935     
  0.65256263608755938       0.67000194746607389       0.64600234212513563       0.79137849913954128       0.59158454188135501       0.64234586844227981       0.63679911765084285       0.69880117901459238       0.56794217792520540       0.61472129841800682       0.67725303489083899       0.71111027067492383       0.71586472291918413     
  0.75137145441262798       0.80405720718164320       0.14592216634319316       0.31052632341709363       0.53218445149894733       0.26269705085461231       0.45003464496506496       0.49337196840632747       0.93472693819994845       0.45171223214180001       0.48701730686116579       0.45469694638054337       0.47390280349101088     
  0.69842979436575769       0.63688209824297293       0.75136161951817282       0.87131690643807136       0.72274829498083648       0.63364833080351712       0.68543168211905792       0.68310218848923943       0.65125041330684852       0.70778004623844260       0.64865353789284097       0.74985993958538821       0.66531596316943387     
  0.75889140471456429       0.81120815146987046       0.15666299820063015       0.32809731948439536       0.54107403807940391       0.27195358297515915       0.46755991392525642       0.51103245221481775       0.93708763661721683       0.45925155364522124       0.50601964587220272       0.47179790308058212       0.48860700380595967     
  0.58742760890259726       0.56878137349499813       0.61144374379842326       0.73434901206410363       0.62419750925683160       0.68031550295719434       0.80843729880358228       0.70021424482653505       0.59538621314453788       0.58484139513361666       0.64535188293750656       0.70736188750384210       0.77269029270587009     
  0.76638140187639570       0.81732049995216083       0.16688140240020610       0.34638212029916027       0.55228728970007157       0.28030447308395023       0.48377354373681275       0.52400152584471493       0.93968679439908309       0.46753561165435487       0.52546681172721166       0.48767614387940328       0.50216680970892336     
  0.63063964212307988       0.63014993275908693       0.75134200438989784       0.73130447484498007       0.63385772808477769       0.58406554960596657       0.70342409140304829       0.58617791762059646       0.53902986018705423       0.65659414193522680       0.77752274611714922       0.60372970335323251       0.71426119746526295     
  0.77391522852574735       0.82379557940196724       0.17714946471195570       0.36093318582928868       0.56548479226938797       0.28807688734302217       0.50005341142230542       0.53666848854818605       0.94225319206050429       0.47676005334222832       0.54375396538542409       0.50284525724646822       0.51590706780767992     
  0.53295948248862468       0.69153311630949288       0.79700114650622123       0.61157814072998518       0.57680948448430547       0.55323569205457745       0.60978622038315522       0.63346231056377500       0.58430439241791987       0.74596832698806992       0.63091740768488802       0.59483426365526748       0.78559254901575171     
  0.78186546009067737       0.82974096969426248       0.18620361543221789       0.37112067166473867       0.57585573508563037       0.29857778700484527       0.51732125962743214       0.54946833381480720       0.94477531533908155       0.48496912835592348       0.56103828157120905       0.51672693528355063       0.52980606488306636     
  0.58481015315090146       0.61882043117702845       0.57725220559201451       0.63457486169802413       0.59838138201134083       0.70113032118295016       0.64724042256722303       0.59145609955197120       0.59475399599691547       0.71666536761685218       0.67881251132990195       0.65616979378729590       0.68514565333417010     
  0.78994629831497931       0.83576961722572241       0.19538748835759545       0.38151208204997328       0.58889416857137211       0.31031943205840240       0.53592271727818119       0.56163841144614712       0.94711891456310981       0.49187250985002051       0.57763958143243777       0.53007445133235320       0.54388830608639127     
  0.65679353522220296       0.61293329971983113       0.56652922922820970       0.63654152021424637       0.67334163815467329       0.65331356665663942       0.75261781684627016       0.58381157230712988       0.69602314406762011       0.61058960812364482       0.70680466905013750       0.59809018027232586       0.84392136569929621     
  0.79756292320737354       0.84166390678299674       0.20400006415914493       0.39311173536649541       0.60144571176103401       0.32408763052897976       0.55643289439513843       0.57344182124418741       0.94926148335412441       0.49905221843904135       0.59371689799433680       0.54458111600875569       0.55805985037154182     
  0.62481531558277670       0.64275229398542699       0.63845177841705125       0.70124315678158677       0.57847993157202315       0.63516689287585903       0.69341740236735949       0.64096618284343754       0.59604506601559537       0.66887236818979279       0.73295205749312864       0.57127187539058433       0.73698289371427417     
  0.80516673021050611       0.84737521104202562       0.21516279474870798       0.40749648683995660       0.61454360761252791       0.33810971054827282       0.57858372812273851       0.58502326143348493       0.95126209009953999       0.50634582682060059       0.60806887943791932       0.56082688573138384       0.57141867529470691     
  0.73542307647138661       0.62129522181269004       0.53443303832324440       0.68897945185537357       0.62997875503477774       0.78543258658784598       0.76603428478280733       0.59812508392020258       0.59914897634102127       0.69253601628760264       0.78298744990514890       0.62410501474956059       0.62038788559393410     
  0.81211421820594010       0.85301135978569897       0.22961988233340383       0.42538829617574431       0.62856556366709682       0.35259595264213422       0.60122773573292998       0.59648893270332759       0.95317159210359281       0.51334919361311449       0.62237895662804554       0.57794740929460264       0.58375733347344594     
  0.64546606465371270       0.63601562141010948       0.59651401655215108       0.69933784436068813       0.68952710563591446       0.60417674697963364       0.88148297203214065       0.62762973314829595       0.56458458328866501       0.62654515712157977       0.64718556042462005       0.68788402992009035       0.58926987562626099     
  0.81962342969188440       0.85886632064735435       0.24552266941674122       0.44899243968532326       0.64380277254836038       0.36779565880994408       0.62417209150009811       0.60848210954214621       0.95515073640921977       0.52096321866405371       0.63766911038194551       0.59477047860271126       0.59708812742476935     
  0.56995629041484519       0.59904848888094753       0.72411791722993935       0.79765227187439358       0.70936414160436845       0.70781142521620488       0.80172036268189528       0.55685005168057533       0.62934581574879378       0.81025603835568605       0.64853291204398267       0.73983079023921039       0.70541552705294719     
  0.82712760875298030       0.86401169696997060       0.26272048862122094       0.46791211873044503       0.66034413728140329       0.38131142295839443       0.64341778214206280       0.62251347192046691       0.95732193115391739       0.52902102079857027       0.65386745902681132       0.61098614834156406       0.60999417830168334     
  0.59682325260656821       0.61051268115061486       0.79829342788770141       0.76941703112083393       0.63987705044083942       0.61871297463732766       0.72171879044893628       0.62868983467237693       0.61041637721310282       0.72277876333020030       0.67534338528118820       0.66398132797458431       0.70509329223137540     
  0.83425731364578737       0.86856053533783151       0.28038722792275073       0.48425569958052483       0.67819832034694594       0.39496546746624150       0.65908968996813144       0.63790449876048738       0.95960444241434073       0.53730973648582958       0.66876910051620597       0.62587937687678152       0.62319243974078087     
  0.56776814184674851       0.66250171659223944       0.67583994855770169       0.71794775027224600       0.78467154484405222       0.59277862842087981       0.65855977205825633       0.89259793828409595       0.59710423683964720       0.69135931665444839       0.76082204884489768       0.71516964746077494       0.64981008822426578     
  0.84123147713893320       0.87479267678749850       0.29968308437958646       0.50048359276242982       0.69425592779878853       0.41062139589305596       0.67487121449988563       0.65431875161675379       0.96189707153868154       0.54584186981077720       0.68318235714582676       0.64008992221172067       0.63918105231979960     
  0.57527676477173806       0.58801484995500553       0.68067030452874300       0.61690962638434366       0.65607862527834993       0.68267731240951013       0.78174304723913990       0.71449621968984522       0.66216543567060449       0.73705604341734643       0.66308698610065619       0.64860984337522409       0.60923293063909312     
  0.84810019297334005       0.88065836089080685       0.32077141493131628       0.51638997133071096       0.70905031474904967       0.42672271490408809       0.68825370078666992       0.67028520006094283       0.96409677211699074       0.55391861627659700       0.70332437294929628       0.65534992403469661       0.65572630758324935     
  0.57527394084152528       0.56252181877961072       0.71344760574639521       0.64035842058363135       0.67301514100164206       0.65344196839507640       0.60554596966128893       0.82108376791467075       0.64568839066810235       0.75927163311408652       0.69475544798707567       0.64009735160138859       0.67099486483869619     
  0.85520600118495183       0.88761331450624537       0.34201039651834481       0.53528011838731848       0.72746504577064097       0.44660398073083291       0.70328192171789528       0.68586008805027765       0.96600886028954414       0.56096114738236436       0.72325051199540991       0.67071729519219181       0.67152106932720157     
  0.69051697261687395       0.75971060705862126       0.67203590660870827       0.61996884655098017       0.78418839278356023       0.70222151413795164       0.69560971306418129       0.65583332220589774       0.74987208947805462       0.57223069954864081       0.74123516622441721       0.57937961192554599       0.61293559969250755     
  0.86257795293632611       0.89377904392395102       0.36458727504359623       0.55379830306222511       0.74633306321857140       0.46463521973349053       0.71876195034334256       0.70113979996899090       0.96768182545578640       0.56731625943258635       0.74319740272514401       0.68552293701599576       0.68755451294996361     
  0.63087074488543760       0.69636921245876338       0.71737337446616989       0.72792718818256197       0.59398246607979588       0.75453087251365303       0.81212094352840636       0.63070772589141100       0.70901824551113202       0.62547599006891041       0.78610262467871073       0.62918627149881978       0.70945837315481064     
  0.86974040896857963       0.89949134673254572       0.38820308347899357       0.57119640633287594       0.75870530327249797       0.48238244415389109       0.73335954008153570       0.71691545872551032       0.96939178169513684       0.57283367238519300       0.76249029004099544       0.70016321990728392       0.70330722977475069     
  0.63801300715158804       0.75917677170213416       0.67607668844543722       0.55637840076910827       0.58753373239759066       0.62231661167601682       0.73054352540242073       0.61474304556020087       0.56855041073594981       0.59026748443704646       0.66377341042904914       0.68656774672566534       0.62953901692277037     
  0.87659228202339878       0.90518365672522938       0.41446802464968141       0.59024639976557169       0.76792704196774619       0.49987812470879855       0.74733478698211786       0.73415737747478182       0.97109591633362979       0.57850281908757673       0.78087067912091990       0.71617874757017130       0.72045809899158575     
  0.76747591064840359       0.81327163477579689       0.65030268155599591       0.58305405986841563       0.57682496425358676       0.65260750723423178       0.60545248859950729       0.77981048150598287       0.69056414907796637       0.56855041073594981       0.71043620906610772       0.66351821118746968       0.67603074872633195     
  0.88313831774730644       0.90985160946628563       0.44177890120455343       0.60898651690023387       0.77721934231373069       0.51251685029473248       0.76040534070038701       0.75217812489834590       0.97288372809764223       0.58375416543556302       0.79911292066238826       0.73646917921169897       0.73915362370701576     
  0.59816354648273462       0.63819738457052566       0.64088538520541449       0.67425696738780150       0.60402620861416845       0.54660536305063923       0.71791180123214327       0.71060965174522983       0.65915817386074294       0.62954797114816663       0.71105691628184786       0.70982868853327874       0.66853485821982150     
  0.88976307571795077       0.91470238971679352       0.47117042224700195       0.62704770884569938       0.78605011922346846       0.52513288004279401       0.77451300404176815       0.76989687114378857       0.97459906819984021       0.58985570151061273       0.81690695409843450       0.75892435568196503       0.75722727203150852     
  0.62142016115846577       0.69522156707986660       0.63121132745104680       0.58617020001104725       0.54633832777070257       0.62481784736842860       0.59845833643873159       0.65284551326151008       0.71308870054548112       0.60076176699561201       0.71365345005399494       0.63021390206924555       0.77047301522081557     
  0.89615208514359335       0.91856957703720987       0.49971648747318442       0.64532838275303572       0.79760108026593846       0.53379921731199453       0.78887773153717689       0.78620878642294401       0.97620307880867341       0.59779087646372620       0.83447061884370632       0.77733332306290659       0.77488976408278720     
  0.59047882455705658       0.72022959302454159       0.60742092337954301       0.70421426865452996       0.56116718318241532       0.56905764914831336       0.54075778892380100       0.54833594997423041       0.76763163216943620       0.63480770786309682       0.71185574375008054       0.61092143788225661       0.63695196639755447     
  0.90248621257900186       0.92179288017424221       0.52757561098544303       0.66623141618252857       0.80959047125055617       0.54774040387646694       0.80228750568376528       0.80145879298545686       0.97772686820481425       0.60416745891925949       0.84863663009238799       0.79199966432208091       0.79380621137007346     
  0.64757961087094695       0.59476435869064903       0.70784585780649145       0.71080487450586449       0.62087506221670219       0.58822849532795807       0.60554250700556767       0.70708876669950704       0.74619162737431499       0.59048759843388754       0.71940577922242044       0.62318224237638220       0.59725434641543074     
  0.90862702347284441       0.92487265793117790       0.55369015259159327       0.68859315235799190       0.82614712294953918       0.56463510304999232       0.81554735049695426       0.81664314298020790       0.97925728579626714       0.61256639581086336       0.85991921094533741       0.80209835942915020       0.81201286494023228     
  0.63205567124264916       0.51719524060387723       0.65719809720455302       0.58605377447006690       0.91559379183292067       0.63894750930908695       0.71204856749971701       0.68346853709949595       0.71918335772040787       0.73599211304764300       0.58818533576527421       0.55949705021634044       0.65369426292964206     
  0.91456374023427534       0.92759583894469666       0.57854195970939049       0.70814439818972719       0.84586016444392131       0.58141505016380357       0.82886791274480354       0.83200180042387539       0.98075968686946913       0.62243876269129350       0.86855742576425210       0.81217211835232350       0.83007042024004951     
  0.65448978707027894       0.61127914815351436       0.55422342787405132       0.64973654782683143       0.81013234671374190       0.60032696433617916       0.78803594064166771       0.66900849458265343       0.72042654035086939       0.66478309130123070       0.62923266214106421       0.60499531313241661       0.60161006112206883     
  0.91997704643352118       0.93194770090481016       0.60297542534638915       0.72617311452465294       0.86261435438399225       0.60086973760176587       0.84331097821987910       0.84666442964738675       0.98220683613766901       0.63352306726890306       0.87647341845829752       0.82219464699687428       0.84859029778566841     
  0.59994925161408319       0.61188791022650424       0.62052638391313608       0.56615104654728998       0.71186958439730241       0.71288697426572978       0.69174011257244594       0.64586677113796831       0.70866953896712293       0.68642139533825042       0.55722096859183012       0.56457714324986930       0.73923208253305595     
  0.92791123065678538       0.93834363970752299       0.63100198246053918       0.74589724278453295       0.88025372411586689       0.62399881251493228       0.85628767531301209       0.86184627920763246       0.98363097026322943       0.64593043536202799       0.88384654560124010       0.83971439588339059       0.86649612438302837     
  0.78264918899164893       0.85933014382424600       0.55817366807101176       0.58965682232905048       0.81675485518320701       0.64311065620831653       0.54629974172088436       0.70428224737248413       0.71906128264614955       0.82322912264885517       0.57938423449290410       0.61330561831827546       0.61659238346931111     
  0.93552862253132785       0.94518806729678473       0.66149788593322600       0.76927905060299184       0.89781621655433796       0.65055490670993443       0.86944742079373094       0.87906804299000851       0.98512638054742063       0.65990238474182206       0.89279989431228512       0.85658402624152252       0.88465841463676853     
  0.67167397016472064       0.72789030608140870       0.66928553432824300       0.64369309238332617       0.73022063778767632       0.68980562513998289       0.55281785783535975       0.67393008728006121       0.69043841745721768       0.71025129175343171       0.54011757651823156       0.55113538683629548       0.88533516653173927     
  0.94365736740170247       0.95133152908512419       0.69602302783495473       0.79730085706233966       0.91405391698823202       0.68166020811019956       0.88417025488187284       0.89668103676632227       0.98668880449248331       0.67631596543669714       0.90341327560872520       0.87663950176466554       0.90365332929006603     
  0.66103944704708795       0.72231458580459140       0.63716184063798387       0.71114498581169461       0.77407931608377323       0.78248491869827053       0.78779393275974319       0.76095702367817264       0.73694776983541121       0.67428076768309464       0.69369700503395182       0.68426052358273104       0.67220014667990580     
  0.95117611268182911       0.95779086174301076       0.73319238555494715       0.82760205546531962       0.92813878342276179       0.71544435903741155       0.89929947046864822       0.91438411504305583       0.98815801730951192       0.69410147169264780       0.91624010074839934       0.89673379130663811       0.92191535220189480     
  0.74537274456610947       0.73458515673403524       0.59358784726670366       0.71685109838020777       0.58305759127533074       0.70949501273289428       0.63552409601187099       0.85342543883332245       0.67792457325146871       0.67659103010790256       0.66805219748462519       0.58542118899916584       0.71385151753734155     
  0.95910805879669869       0.96433226242184089       0.77450898945895685       0.85688646858837370       0.93968556661564373       0.75420175469419926       0.91458390779635457       0.93029585493161215       0.98972598968404968       0.71232529014829582       0.93163877828136044       0.91705595843469712       0.93889885230802839     
  0.66852533861316255       0.86612931860128195       0.60403196382728164       0.74925356187410064       0.51755833949202279       0.74081673056801289       0.65951884070601396       0.64514486966588769       0.76059159939015131       0.70064184131242624       0.59698179185241218       0.69026799512975789       0.79143600743099929     
  0.96747719317077974       0.97100297416355097       0.81384423317433996       0.88611629916690604       0.95165192344032312       0.79699925014638984       0.93188246951647413       0.94522375750758125       0.99148588418044536       0.73041159531744182       0.94584624011511653       0.93501734701743489       0.95538068543826804     
  0.71815748655040479       0.94576859263404689       0.67941937414704190       0.82428071559720451       0.57047333181364868       0.64257654831421274       0.65402609393111744       0.63131362082657039       0.69883671068741382       0.74612684995579248       0.80738252887818474       0.67507133972288758       0.68899436288162197     
  0.97478391101006379       0.97798665903066850       0.85169328548147349       0.91609724423677430       0.96282657420729323       0.84421703709735041       0.94989063589022438       0.95942214605986187       0.99324819986358215       0.75530087016959613       0.95842703176280875       0.95146909472571217       0.96844363338294914     
  0.71941959665828548       0.76886950672991827       0.60460557664324832       0.66339494512448383       0.59807508748707428       0.69247898774889061       0.76113657720957517       0.74832247523773110       0.78015425446380593       0.67549202051980395       0.77664522953446335       0.65688613268519169       0.72467396462283706     
  0.98137061672951675       0.98525139630022007       0.88881364658952522       0.94578526824020115       0.97477316245125201       0.89663253998113901       0.96690016147244739       0.97466927996791430       0.99503397045653974       0.79118780580270376       0.97093579099947436       0.96842525400434043       0.97895530145504728     
  0.71002416861484474        1.0048404126627946       0.61297397022897204       0.62720428257055638       0.62754918845555574       0.72918919892224332       0.76400718907890186       0.76165686415982969       0.91907795311965623       0.57660065686623274       0.70259283020614760       0.62834361393672333       0.53902986018705423     
  0.98932288872060137       0.99263810263972785       0.94012897517975735       0.97252338273488037       0.98662150874258103       0.94748413689041189       0.98310889080949460       0.98732677014134107       0.99742224211975861       0.85866364827722896       0.98533759523822184       0.98428781085684880       0.98975299104027714     
  0.84138933836574759       0.87279889172039737       0.80516703763035691       0.73193336068004311       0.56794265128191546       0.62967245223338497       0.71308366826515635       0.63675711050298434       0.81376080413943153       0.63265583153710059       0.78535899465695125       0.70332736978660404       0.61986017286370543     
   1.0000000000000000        1.0000000000000000        1.0000000000000000        1.0000000000000000        1.0000000000000000        1.0000000000000000        1.0000000000000000        1.0000000000000000        1.0000000000000000        1.0000000000000000        1.0000000000000000        1.0000000000000000        1.0000000000000000     
  0.62087154486168650       0.79018173861078556       0.65175776700011778       0.64346867833939914       0.66223333035453191       0.53693244320418154       0.64512859577175186       0.61393854404117709       0.54580803908076636       0.56855041073594981       0.67239804901998879       0.63924807751425317       0.55824827058102433     
   6.0104990929910151        4.5220085418856000        11.606343431475524        17.734497464082548        11.024783545044864        3.6429912624469352        10.694371995558521        3.4600966125322032        0.0000000000000000       -2.9864879460284186        3.7033039174483302       -7.2518653929626717        8.0188172091444212     
   1.2186088506039123        1.4489806635531639       0.83657156136993371        3.9450469055503969        9.8703431800123749        16.097922255779238        5.7133845539016415        10.192203751399120        7.8108075286982599        8.1432010058812079       -7.4518247848732155       -1.7464214719665436        1.4562239986448315     
   6.6811041764509858       -25.230930631248377        14.278454074746499        5.7482722127916128        9.6450956696197103        13.725326274210953       -2.2325922118024093        15.838860131550916        6.2791370000177018        10.876651586866778        4.2900391614818467        11.462466997830145        7.8963901981736804     
   13.283720756125959        6.7801236985852746        3.9131864182039893        10.068326371409128        4.9290721192690112        7.9308786355311431        23.041587752934234       -3.0709384657237253        6.6372915128989920        7.8689069284771556        12.682343522226965        2.5266774548776523        3.4023164904282619     
   5.6280932044379393        3.6879992401753019        4.9065859883775786      -0.34563954961071325        3.2797586587847904       -1.3776116185164369        10.596146421773032        5.6572122728667544        7.7770221640169606        14.230889466936997        4.1600215198997272        8.3406594001534522        17.047265398235723     
   9.0180413909199757        6.3535168441005156        1.3555176891890810        2.1365689392014713        1.7084728810659040        13.136139644829711        2.8323180372485783        12.878806260271910        5.6574055604540820        4.1552038195157852        11.436217265477739        8.6010865687080500        5.0322449987644813     
   9.8530594533249687        14.303571211779262       -1.0248291186417295        18.231703851790702        10.163747339512755        2.9206962702409403        6.8472254234760168        8.4763052261977982        4.2598137209720912        7.1658437828665642        15.198477654242973        10.972165206083895        22.225068210247134     
   11.860409198939887        8.4324019944763098        13.976057571925201        1.5946957359927527        12.276197141853402       -8.2885430905514852        3.2090691492759942        9.0434078305520629        12.459346532866871        5.8347304490309240        8.6807956987876675        18.427097180973647        11.096143073138792     
   1.6178538083835007E-004
           1           1           1           1           1           1           1           1           1           1           1           1           1
   1.5477628394623057E-004   6.4657982226169812E-005   8.4318616505436345E-007   6.6647361075363429        3.3559347936467061E-006   4.5134589308470055E-009
   2.5542928957116589E-006   1.9803099352067214E-006   4.9157283214164244E-007  0.78347183662401587        4.9141007746195546E-007   7.4357192482737624E-010
   5.0000000000000001E-003   7.9475632642498377     
