   0.0000000000000000        0.0000000000000000        0.0000000000000000        0.0000000000000000        0.0000000000000000        0.0000000000000000        0.0000000000000000        0.0000000000000000        0.0000000000000000        0.0000000000000000        0.0000000000000000        0.0000000000000000        0.0000000000000000     
   1.4033249384426525E-002  0.20246247036219828        1.7842427590883077E-003   1.1146146223592036E-002   1.5859010410945160E-002   1.5426216799121106E-002   1.5546742537591718E-002   1.4700207484948508E-002  0.26757522104764808        9.9517216724626351E-002   6.5449658693179605E-002   2.6417943120262341E-002   1.6199588517778356E-002
   1.0537041944522221       0.97331261822213777        1.5066841998086160        1.0664205449817996        1.0522947413820440        1.0573515455313531        1.0561442534941139       0.96089473717598384       0.82943793284547529       0.82943793284547529       0.91451418857874567        1.2882487070206874        1.0447984645048241     
   2.8586519991598124E-002  0.34611435407698499        3.5919414493893608E-003   2.2302030191522611E-002   3.1581510855414399E-002   3.0638933849927011E-002   3.1450055432351041E-002   2.9283743617652867E-002  0.46918411876425509       0.16476150324313121       0.11810879151701820        5.1913579301573372E-002   3.2318104565880870E-002
   1.0179209737590387        1.3331298994770953        1.3222129472286281       0.99911250414119213        1.0485740941025619        1.0819784371609378        1.1276268583510296        1.0202452068510373        1.3410757472685861        1.0468709827819240       0.96175775596861746        1.2241432022904957        1.0817418396222043     
   4.2306109971243837E-002  0.42153083614833986        5.5187899600978004E-003   3.2547753290405879E-002   5.0056478369548865E-002   4.7171000314826773E-002   4.6057929818014653E-002   4.3132892007755309E-002  0.50867013924196613       0.20042904927914734       0.15283020550821241        7.2661601838826154E-002   4.5880818488322817E-002
   1.0336518457438997        1.2918714012861328        1.1908500901844632        1.0636316949509683        1.0691985854103279       0.93746602881421670        1.1496599852772389        1.0079593701557459        1.1629350231480660       0.94932281900043580        1.1763200197793773        1.1659404376747668       0.97306593919225493     
   5.7346321277073654E-002  0.47418188890313878        7.6825301241502273E-003   4.2936595120607136E-002   6.8363333119030173E-002   6.3463242014177509E-002   6.0339636850252024E-002   5.6808076562426847E-002  0.54264419558454957       0.22527031784968929       0.18244112607918056        9.4091540816020905E-002   5.9840882573206022E-002
   1.1091459811132445        1.2752958256007991        1.1708560441644842        1.0848534182527048        1.0908206962619400       0.99470959993672470        1.0554907767572101       0.97062304136801147       0.99106205128511571        1.1962225533605766        1.0819997823452170        1.2013461846434539       0.93959472759450735     
   7.0776387153576648E-002  0.51538365512831175        9.9717284111091771E-003   5.4660637720621352E-002   8.3838243375780455E-002   8.1963289592194830E-002   7.3511667729631774E-002   7.0410517029781655E-002  0.56935811250307389       0.24394028796758760       0.20688080937982065       0.11184239855262836        7.4944078555785776E-002
   1.1494545119938839        1.1467553997085920        1.2456357495169132       0.90650101736992550       0.91409042867272516        1.0210120010317745       0.99281340993950840       0.89718350143729475        1.0675055848513229        1.0316908988058822        1.0693844894895819        1.1511003274376546        1.0333779170879063     
   8.3914370426638074E-002  0.54780697144787416        1.2471521639473002E-002   6.5996363319477641E-002   9.9289169971900529E-002   9.9991360972982238E-002   8.7354180822099892E-002   8.3358158263166504E-002  0.59009323338908160       0.25906163500185531       0.22679170959038070       0.13019732701750841        9.0306059429719893E-002
   1.0066542970472943       0.91050360546903819        1.0748346295628575        1.1992560618334824       0.97408253463409833       0.85715726289880190       0.99817263126263911       0.93243409469289540       0.99843840881672552        1.1359469363775965        1.0709131480265321        1.4222518641655726        1.0652529176989844     
   9.7300741106109048E-002  0.57732780666345096        1.5093850353863488E-002   7.5992654950874164E-002  0.11515849872002583       0.11814091746317100       0.10182483831051589        9.5531380521966219E-002  0.60868031867408867       0.27163478737968044       0.24096746632578231       0.14761755455697892       0.10596230608614010     
   1.0893019192683933        1.1606988198483281        1.1808201992876011       0.97721136081010662        1.0255345562725195       0.96662563957929160       0.91719476207805650       0.99046644044008214        1.0755313635144401       0.97898506434488552        1.1069002055430168        1.1087889668999737        1.0254975300524045     
  0.11082546924253259       0.60333813513003076        1.7816726730147642E-002   8.5922369494210338E-002  0.13110133319330514       0.13667766715618310       0.11640167754666425       0.10845724076174650       0.62509158026354994       0.28333126099379968       0.25377795815733806       0.16522903674218431       0.12194540182197154     
   1.0199934246577693        1.0838739633652468        1.0788991167766337       0.91349190945104319        1.0555133687433587       0.95797699140594672       0.94039681188060720       0.97438808038124747        1.0339988081017222       0.94878659917949648        1.2385369463290399        1.2596393250760738        1.0036150396029511     
  0.12555864122525057       0.62870344989268911        2.0644163860946491E-002   9.5293482740133773E-002  0.14797372200936870       0.15446913548587837       0.13139642866349763       0.12214308246639727       0.64105690981932784       0.29455935820106521       0.26520446624495481       0.18250267986492230       0.13789743131089119     
  0.86840267563649953        1.0913865000280991        1.2361670612410069       0.93003197396810688        1.0537581998392636        1.0231776056018735       0.98873734717245432       0.98765883932594734       0.86182762981122940        1.0316646757434806        1.0630877368008083        1.2875148435979684       0.93884360528679933     
  0.14060242782209242       0.64933381708739180        2.3624265368898133E-002  0.10518063876039259       0.16522183499596080       0.17171608028659949       0.14604869886560173       0.13645871055655651       0.65382387011512066       0.30512001764504421       0.27649107215055219       0.19935157183329549       0.15469044846627333     
   1.0834456799783689       0.92322182040466771        1.1480638904549534       0.93094391939955712        1.0867732689063863       0.94228942303321228       0.89538532604967758        1.0407218302782861       0.94194773607870397       0.98049392208444541        1.0794668271732755        1.0752682712774746        1.1016030641051189     
  0.15562153831226083       0.66896156886910207        2.6716659241826368E-002  0.11610849020409672       0.17954060939717334       0.18922225059685399       0.16055638688749377       0.15113065933982039       0.66646945762609167       0.31544338487946350       0.28769256789322351       0.21434273873555640       0.17239014067523195     
   1.0311245569317369        1.0681178260268742        1.0270523277418031        1.0681978240614607       0.92597451229601291       0.83267862979751428        1.0698644917769278        1.0135027357360045        1.0345310327863144        1.1099237243015720       0.96076755305127126        1.0711172063033769        1.0414116738301273     
  0.17077542534968843       0.68639605130222403        2.9930519873354988E-002  0.12722823151048096       0.19390950789351560       0.20677130283679901       0.17673539786871753       0.16590116183318834       0.67788097815800119       0.32437288518389557       0.29887392428123827       0.23026614466896991       0.19023410723938883     
   1.0255978016043450       0.98873514620245362        1.0029924012561964        1.0810571248911007        1.1420742036204876        1.0844133435675163        1.1313167932052861        1.1416426705909017       0.95950469331639610        1.0563920198338352        1.0451731622467972        1.1772467007964684        1.2846279082735388     
  0.18776839799850956       0.70313824188501695        3.4035561150123281E-002  0.13801745808298649       0.20925644198117097       0.22323606224204390       0.19357779270622968       0.17931512228992519       0.68915374240364979       0.33252181841324535       0.30993540478781439       0.24778075431387608       0.20794118124842512     
   1.0479939485541614        1.0236178063991439        1.1451270837502194       0.96676986104444695        1.0435404005747488       0.94386034479674685        1.0326160587450446       0.99789229642344213       0.92321298151003306        1.0357540500612363        1.0823479850794178        1.0498585000135690        1.0764989949043551     
  0.20516502490979915       0.71812406390200223        3.8097216716749017E-002  0.14882936789089726       0.22308817719085791       0.23987342148006308       0.20941703172484630       0.19399551390364395       0.69971143025930338       0.34039442709673395       0.32042598141389650       0.26566435916678371       0.22503629496122107     
   1.1241274814351407       0.95854413774917935        1.0471637176916748        1.1499145417108763        1.1724007993277219       0.92226334274992328        1.1116827840539885        1.1876954368151704        1.0571147930822316        1.0361411928748998        1.0136232579815561       0.98625561334006384       0.94355022377402553     
  0.22198173555392173       0.73265441557130428        4.2482478707384183E-002  0.15913652006236759       0.23768464116251856       0.25631363295648918       0.22436915578717742       0.20886131292148141       0.71033785390569504       0.34813352208003895       0.33050526545851855       0.28376765328278852       0.24152800690836546     
   1.0246200916692654       0.95108504562925233        1.0268127882853262       0.98120822332669311        1.0462009124386058        1.0138480956510185        1.1124338699039091        1.2311488139864581        1.1803400733677745       0.87757324054278874        1.0253323345020862        1.1451290474346301       0.93314879285659635     
  0.23890403245181244       0.74508986519912868        4.6814924636398018E-002  0.16919666006057096       0.25214068785907606       0.27263347954575007       0.23937417944430359       0.22336412643606815       0.71997440405606672       0.35635729771548330       0.34046683939297812       0.30121247253543088       0.25875925863974186     
   1.0265238297496737        1.0019365722255249        1.0790834638612885       0.89697979204994460        1.0613226426111790       0.97917779429924523        1.0235828899561208        1.0419305126165725       0.94785312760345208        1.0560270994590795       0.93532512751152141        1.0597380095426574        1.0187614021632811     
  0.25349762673665688       0.75693437245858797        5.1971445840274952E-002  0.17896597746642579       0.26649202838753794       0.28750121910205628       0.25537291774520088       0.23804387081014095       0.72949898002478430       0.36428510697707356       0.35011827047630945       0.31824913483131129       0.27651908816070286     
  0.89115442913972920        1.0134448538112399        1.0667974087695702        1.0124838847427966        1.0056895902102334       0.91336345539596797        1.0615801699029168        1.1262218634076815        1.0860774657463337        1.0308400818634673        1.0351728591219098        1.1813263540280967       0.99140557909593441     
  0.26864962697725758       0.76777587959683979        5.7387274733042289E-002  0.18898197168880659       0.28097925041177096       0.30285944457323999       0.27135074571914941       0.25343138841419821       0.73825548594372870       0.37232671061299744       0.35986661802292841       0.33458691618380559       0.29383741321362367     
   1.0246930388182436        1.1099492363325485        1.0938248872688361        1.0639867904417954        1.1846049384029891        1.0767768100320612       0.95966194878724431        1.1324931268778378        1.0111516247537147        1.0282181317891670       0.96853481200320513        1.0607734646352640        1.1502851022454428     
  0.28373753342916708       0.77883487400957907        6.3030110627318711E-002  0.20005651453859785       0.29484894337286405       0.31831183301868765       0.28754003002795514       0.26922512665588255       0.74713001708182858       0.38038826624969740       0.36942247522641630       0.34986361330657939       0.31097181877043450     
   1.0354024598690885        1.0848462581688785        1.0496121647789198        1.0455879713876262       0.99877030440749170       0.86895068164753864        1.1220429448741664        1.0711583300992009       0.99553007631787838        1.1338797280828337       0.98429163540940701        1.1122333246073317        1.0914719298137692     
  0.29893721362652742       0.78861233806237252        6.8649145029049660E-002  0.21127239008292217       0.30860688029446720       0.33341009961642604       0.30429711811982701       0.28565583651620169       0.75542765823881530       0.38813400429978834       0.37935769948929815       0.36490029380155303       0.32787657345311549     
  0.94262498666397088       0.94755471212770570        1.3342181934944219        1.1817592678320639       0.97331261822213777       0.92528458847004424        1.2352490554527058        1.0956020226902963        1.1034908402467496        1.0545417158774804        1.1043519486054494        1.0865421880533734        1.0779488986038994     
  0.31444559987347681       0.79936087572552628        7.4525427079382423E-002  0.22173756522046761       0.32228833358943859       0.34744728263432539       0.31958340083259373       0.30241089560510082       0.76383452494209825       0.39587860401971703       0.39021290629619093       0.38021716779216003       0.34423466476406217     
  0.95998058857909863        1.1223751275156264        1.2384755499037470        1.0405093488027299       0.90525547183796140       0.94560190401429911       0.97389186756476698       0.99924316526526524        1.1362607329033625       0.99914029904198354        1.0052301025856338        1.1628190121348019        1.1551729140978855     
  0.33081344166111915       0.80854295417617583        8.0592830208729163E-002  0.23223282442977969       0.33626962972853275       0.36230680630972573       0.33485702703708919       0.31941464195104646       0.77156303156190298       0.40339958444095825       0.40166685327386775       0.39560279653797537       0.36088370867605296     
  0.95146626651346744        1.1499032847586834        1.0193229226903016        1.0051737943128392        1.0189384454627670        1.0449348295471708        1.1531316488806933        1.0633993552072136       0.93599731000087749       0.99173687407608813       0.94566891417788435       0.99720149378608514        1.1127730720820441     
  0.34626301460682396       0.81767525702191401        8.6569370004313917E-002  0.24405711300625352       0.35073627738502700       0.37932787734688811       0.35108424493706580       0.33734844414970117       0.77931839665021041       0.41121928982216904       0.41419437079572724       0.41034463689918460       0.37646607219921457     
   1.1148117075434816        1.0209467376927670       0.96892098730757437        1.1614765964290763        1.0443257440843359        1.0086075094441265       0.91350760869735137        1.0799996027976373        1.0123783573943637        1.1281124777194509        1.1666024438972737       0.97488963860152733       0.93368832858474970     
  0.36199348784925406       0.82568174543121875        9.2387638704195821E-002  0.25562635310437082       0.36593198351264866       0.39725036455222779       0.36813514713720535       0.35501321033563515       0.78651135316345111       0.41827245467349383       0.42678868711220835       0.42527176513312226       0.39174829857598298     
   1.0113328267645718       0.93571013603870601        1.0428916731738986        1.1426646618330396       0.99350700710505846        1.1573519597206456        1.0426531822761884        1.1689469519117204        1.0632609562507771        1.1073239444092007        1.0389975022841926        1.0149083334490667        1.0355439334810821     
  0.37860530729458824       0.83362392713136557        9.8983103763296901E-002  0.26609547536371264       0.38057375356766227       0.41530800052319378       0.38333667516908093       0.37189316773482739       0.79347435633467100       0.42518326262578282       0.44009909663700303       0.44022425789044728       0.40490734515364629     
   1.0755957908346347        1.0074689568332158       0.96445993625277593        1.0498212018564752        1.0334554098612312        1.1051970999946190        1.2095480790250346        1.0197708348760710        1.0180165249096447       0.99090935730347740        1.1658790169674675        1.0958353418372162       0.95925172471815912     
  0.39555707612858293       0.84144340795700423       0.10580674732279803       0.27687619852464590       0.39531087418770028       0.43261887241597641       0.39830632955654349       0.38865060789602851       0.80008671666425557       0.43198036575871451       0.45325478844618927       0.45499282956623716       0.41842604447749931     
   1.0334043745400723       0.99430664122031309       0.97480486834189750        1.0736245903762081       0.99760367498172220       0.99169066559450758        1.0574925783658495        1.0099280876305641       0.92954429954567219        1.2332209231360036        1.0956662683562644        1.0250638397495495        1.1584444794331683     
  0.41326421758194221       0.84916349173451655       0.11368364275668268       0.28824014982805757       0.41106667254643209       0.44798432847555775       0.41366481660853388       0.40442341567378987       0.80661531049974800       0.43868461122697211       0.46696093511904979       0.46995625984458245       0.43131926975329377     
   1.0724385402598897        1.0647229645864893        1.1383424489634899        1.0824022701087070       0.91401461014883256       0.96817387448811709        1.0453221100932173        1.0889135328482948       0.97331261822213777        1.0347993898089221        1.0804384785467060        1.0374106781151577       0.99887714837569574     
  0.43042610429897776       0.85637691469621591       0.12172495056348570       0.30007177662297430       0.42671303541764233       0.46298837048134445       0.42883047235113309       0.42038891823799163       0.81294868384408026       0.44514003381647416       0.48079485083594259       0.48505570080872407       0.44390671400158643     
   1.0811727000716598        1.0712845693255921       0.91034690833703613        1.2648857971321503        1.0155676027292380       0.94821058571418371       0.96814558212509461        1.0313516273945513       0.95873508551800113       0.95012187827075612       0.96558610982176829        1.0004265822196492        1.0567537586005886     
  0.44778774344346511       0.86357897249189830       0.13081539008538082       0.31255994242513402       0.44490182193733846       0.47883482195295107       0.44523077376607395       0.43683565717777573       0.81923057411176381       0.45157993642531841       0.49425634001512914       0.49995857232176782       0.45695539163170140     
   1.0414904778091554       0.99327021863956277        1.2312080693671930       0.95919640170058329        1.0272632946063371        1.0605050866396535        1.0304603099123877       0.92640159835540070        1.0457229684160134        1.1339603061720811        1.0895782435904753        1.0281712949798343        1.0398171200169111     
  0.46578881227900371       0.86994023026144951       0.13995938641705108       0.32491010083326755       0.46231017604907615       0.49437265976175016       0.46194956323432868       0.45422109048108394       0.82525549509528773       0.45838153672742560       0.50760307516623504       0.51463921633313470       0.47022065341614139     
   1.1228885773465176        1.0152610472776560       0.93848953388965495        1.0077288085393543        1.1408129621085656        1.1199209953994493        1.1136997136383200        1.1403842148560812        1.0230342404965673        1.0075370448737431       0.97036089287403327       0.97313759608172201        1.1172397519970871     
  0.48259007712964197       0.87629762495940433       0.15002256906365530       0.33694184064654203       0.47889701162519160       0.51166681194352126       0.47903701074714955       0.47190886460981807       0.83094791056207706       0.46492028374348948       0.52194343722780345       0.52888233414822095       0.48367374795989199     
   1.1990259204783131        1.0521181085361007       0.96443599418388004        1.1779097560838472       0.98284892943712154        1.1501020312028627        1.1322690958337742       0.98233318042120588        1.0791895538189911       0.95137609230023168        1.1974273048694672       0.98287259116014380        1.0837155437641297     
  0.49893160926272617       0.88213713394640003       0.16042641896376686       0.34919553103591428       0.49548866776865769       0.52878729727372986       0.49626059148693358       0.48913251760072252       0.83649637795536336       0.47141228678389585       0.53718671089104797       0.54270928797952067       0.49736744421069606     
  0.95656071146551347       0.94016972752955663       0.87642276654074747        1.0108699516617601        1.1195909427976327        1.1161844528703833        1.0317127315593722        1.0645649500065621        1.0535144382382648        1.2408354891599758        1.0597691878327780        1.1242769977653142        1.0453023472427800     
  0.51348937891179591       0.88775287105812695       0.17142248695377366       0.36203370048850236       0.50991572512241923       0.54612478329768011       0.51410048669522412       0.50603454914649715       0.84187557856042683       0.47788969194240505       0.55204112418753815       0.55507057942728233       0.51097933810668272     
  0.95755813342072849       0.95218278806290590        1.0266171315122432       0.97331261822213777        1.0528773224780157       0.94398692737433487        1.0126720793520543       0.99446946385612800        1.0411582880156398        1.0550805691162013       0.99161508540748644       0.99662335914282008        1.1998473637820619     
  0.52759315065054346       0.89316535932613295       0.18301459679332135       0.37530056779495763       0.52463549010746924       0.56340268647122205       0.53236086397537241       0.52261710657238325       0.84718230656969296       0.48423169630782553       0.56658450753041190       0.56808781858132706       0.52462696981363821     
  0.99460272858148990        1.0557485318678641        1.0412259686264242        1.0347782401280492        1.0622260970817008        1.1921937708721058       0.94971684198351725        1.1424039798326491       0.99818768614065845        1.0093275486356985        1.0790871546765857       0.97388892576673891        1.1193277753633024     
  0.54187324159003614       0.89867105376732104       0.19522156163682428       0.38871581062585953       0.54036027124040475       0.58004468346338312       0.54952116359622316       0.53943931556542679       0.85225002757308088       0.49058100038835195       0.58068262022347261       0.58156476211123009       0.53848349817660190     
  0.99890404190587967        1.0367685758908030       0.90366040480109822        1.0250557131467350       0.96107908461351421        1.0036806120824646        1.0473810369281968        1.0187678563716922       0.98466237607495810        1.1035577669480559        1.0209335314668055        1.0549113408523600        1.0359534085962920     
  0.55639741630969564       0.90344681800074622       0.20817788296117520       0.40139366845257074       0.55628296351245088       0.59642851413920706       0.56631702050600730       0.55525144341504828       0.85730180370717368       0.49715384938283547       0.59468627686802733       0.59530933903401750       0.55219204717189219     
  0.91004333730157982       0.95233401509006665       0.98154070141337357        1.1825721880260527        1.0316237117157074       0.91091346731140987        1.1443366452289792       0.94281663408123750        1.0704140655884296       0.97724612610674233       0.95052020326398501       0.92274719577611397        1.0771785818944497     
  0.57180969465327847       0.90805261621971967       0.22191195989305737       0.41346086864823306       0.57321610861439987       0.61127470395060712       0.58292529096271795       0.57094154387459040       0.86224026593919023       0.50378304159897758       0.60916312326952937       0.60924093267006163       0.56667334074011921     
   1.0748372946004860        1.0390911411494859       0.95957381464877434        1.0262069795682203        1.0314507389129235       0.99765496140602650       0.94231702167635090        1.0417800440320319       0.99500627338206660       0.98262009125942829        1.0585101790853320        1.0830254379816482        1.0487649887769996     
  0.58721619644811207       0.91241911095209460       0.23588146749024044       0.42630826079750989       0.58996327159344275       0.62669622077335230       0.59971620860634156       0.58632125252352807       0.86712002157390167       0.51078144434014505       0.62437925917198789       0.62285322961313583       0.58076753722088770     
  0.98030997388113372       0.91991767485674514       0.91470224793072452       0.92277580775899537        1.2296289295784824        1.0441721185337443        1.1027302729634878       0.93981859402329804        1.1369641026121211       0.93062365761754362       0.94519903219144275       0.99875550855723583        1.0037447705024498     
  0.60346505054384791       0.91675014010105116       0.25067397009214026       0.44012435431913532       0.60651533043323091       0.64365744770440980       0.61669117577416088       0.60212407884139030       0.87191078938924638       0.51781015275522180       0.63906539885243385       0.63593060997883322       0.59546461167898757     
   1.1464091633078803       0.92713160608342848       0.89932884001790747        1.0772888223080739        1.2492866604683237       0.97884833067956378        1.1082596482190190        1.1612868585619944       0.90056532018222224        1.0261482170373277       0.99823863784507383       0.97166328132061341        1.1628640795945380     
  0.62025585014200835       0.92110291055940585       0.26630773450552148       0.45477277652733467       0.62281194993823352       0.66065696922958461       0.63384235516536092       0.61890466484539408       0.87665323600432377       0.52456915444038710       0.65308138795700710       0.64964704090262426       0.61042483194920860     
   1.0092235914107566       0.90662705504568619       0.96396315067917693       0.98442128921728989        1.2175787328151821        1.1244238854504793        1.0254699905715305        1.0212463414831572       0.90768389967247276        1.0455995427717526        1.0164146418142574        1.0727913794698565        1.1269250221058917     
  0.63771391855286752       0.92534982468624416       0.28403726454159434       0.47094336853384267       0.63663556980023128       0.67828055190312686       0.65052429150319069       0.63589619538258102       0.88121186362771387       0.53117955697993424       0.66790936040479798       0.66408533064358588       0.62541184053810339     
   1.0178266687665576        1.0603494346939857        1.0872211490297683       0.99362478666160114       0.94646659593118498       0.99526292146812634        1.0973788635459081        1.0340500295817110       0.97425073630954784        1.0354558353127172        1.0213163935887688        1.0764986242676038       0.96480994129098385     
  0.65515065885500234       0.92943685409398835       0.30293367313545777       0.48718374586900037       0.65101892422884056       0.69532269905536159       0.66691611790153971       0.65279500357736298       0.88555327213374191       0.53799589533405590       0.68337065985064605       0.67800720018789096       0.64068520773970905     
   1.3958892000263372       0.98621216624015484        1.1332063911011887        1.1214021907957203        1.0224359318391529       0.95541372873033015        1.0977427028973490        1.0619379024473035       0.99221670895771807       0.93868514860550012        1.1242045403062098       0.94559585769186782        1.0956876223155438     
  0.67213818195272079       0.93349628521124428       0.32294229979065670       0.50268074940246887       0.66683006650490573       0.71062270467694899       0.68355833562893853       0.66982598636968271       0.88967805941048517       0.54507964859475388       0.69947694105455283       0.69194976019349641       0.65609791481645374     
   1.0808354977216712        1.0069084958430963        1.0035015033944017        1.2903309184683542        1.0106696396066686        1.1019172340824708        1.1095511212961460        1.0416080679920365        1.1415038890203202        1.0045717794457691       0.93814680948807316        1.0576654961627323       0.95179474141044440     
  0.68889653075845014       0.93718673692869192       0.34330745052422368       0.51874798117222320       0.68233737471065836       0.72603414485826534       0.70025646434716893       0.68725473812971261       0.89379610781480212       0.55282369611371640       0.71574595403885721       0.70633712693862327       0.67203221572516658     
   1.1792324800898064       0.91145896011569005        1.0254590659334084        1.0089804472822133        1.0997134330754463        1.0141438377038741        1.0130203734069685        1.0090189218859846       0.96651484985486213        1.0240879444083515        1.0769208563007135        1.1349882656443164        1.1863932680599092     
  0.70582694520418732       0.94087615347141573       0.36514552225187186       0.53619233512686171       0.69846188401393461       0.74000264768992408       0.71723563828492642       0.70454953396641540       0.89800372515242088       0.56198463206172899       0.73092305451003259       0.72236475887210450       0.68624093749548565     
   1.0700363218135478       0.99716346568861458       0.97185725628806285        1.0962554236402797        1.0229920913123065       0.97611839304396819        1.2938949904566344        1.1905218586846653        1.0246128582674365        1.2142679081028447        1.1074414342390850       0.95915117329498800       0.96550922618384094     
  0.72304022758545639       0.94435984796118877       0.38721544387537982       0.55436133810588006       0.71451740535617725       0.75372530371681856       0.73432410970262096       0.72089977132375005       0.90213038192984785       0.57095527817047698       0.74609568965239559       0.73899165773060638       0.70085901593980149     
  0.96556156218043687        1.0403568849426728       0.92585472063233931        1.0775625070570236        1.0986637166943367        1.1383641783396987        1.1664249996136633        1.0647397746988581        1.0713866430336294        1.2679918379877069       0.95411930455941352       0.94629704821339800       0.98684204186870506     
  0.73997482852826624       0.94787510328775582       0.40826563098478058       0.57471476418713519       0.73204892110445696       0.76640705987690960       0.74991001852697392       0.73722807319514727       0.90593200663716345       0.57861602374555610       0.76125109922730783       0.75659569622861722       0.71574963747269904     
  0.94418721247412052       0.94686801937362153       0.94402463101970413       0.93021650091962726        1.2025647545189844        1.0047866185026051       0.98153689296052704        1.0298136658135004        1.0086692697784314       0.94202252836118971       0.97021997955343664        1.0513400044306918        1.0821095677675907     
  0.75652700171524612       0.95144518931274957       0.43130062330777408       0.59470510554001121       0.74994286751595240       0.77952312779955146       0.76459409237693310       0.75270130707705951       0.90985638153378545       0.58664094973585679       0.77598775315768909       0.77442454348795531       0.73111838407577512     
   1.1337885016031763       0.89912838729944811        1.0885177333379081        1.1351756643537172        1.0841164969263031        1.1429341077251589       0.88056823863147204        1.1931134351020440        1.1075419019657757       0.98709541981828930       0.95357165787799292       0.98306139422617611        1.0092193973604060     
  0.77331880313394674       0.95497278828344290       0.45683406262146597       0.61442243534491003       0.76640733971967645       0.79282194399589623       0.77920207101298800       0.76828633380967215       0.91382637908632858       0.59557348200376015       0.78985139571107577       0.78911683975210967       0.74778328312385922     
   1.0760479314814289        1.0037228365474624        1.0119159737018910        1.2923762375384567        1.1514052826579657        1.1552641905458454       0.88746587216675710       0.96683329884923741       0.98678172345519644        1.1810973549599544       0.97139337183505003       0.99508835020445863       0.92108802119769440     
  0.78976296926105549       0.95819990818200618       0.48347247478520183       0.63416221614667201       0.78346497443132102       0.80653940088310949       0.79381149901324854       0.78347362789215291       0.91790403242126672       0.60427737555335759       0.80387275691930205       0.80449407271025974       0.76469444966933464     
   1.1333614742489777        1.1126989693162241       0.99308144128482567       0.97852320451806829        1.1319656642581148        1.1121386052196163       0.95592766795129169        1.0034054970995463        1.0244609699378180        1.0849689242638558       0.95850934357620687       0.99249040492213947        1.0296121542829879     
  0.80592042742871806       0.96138837304124114       0.51087270253140582       0.65759117989342930       0.79945029132365941       0.82101957681015036       0.80886859163313252       0.79963335417673220       0.92207940191625093       0.61336031612992492       0.81820475203601162       0.81873237974876711       0.78169607177000433     
   1.0298262795270809        1.0398773340507819       0.91537519888272734        1.0641952854628720       0.94753516057365106       0.99474632721568368       0.99173687407608813       0.98259618465414555        1.1064031563404988        1.0005514768298014       0.96223145521692999       0.98448502530837856        1.0171785265490993     
  0.82070533351313868       0.96446615666557189       0.53950639065846306       0.68039598952781821       0.81499945184236122       0.83570713355979265       0.82397122937547451       0.81640192902649578       0.92623151588981956       0.62217108094900864       0.83221636353919481       0.83256083783914203       0.79880370136600631     
   1.0502909177841193       0.97900972530824970       0.98505885098690860       0.97739337284055972       0.93765181071132198        1.0196971841139246        1.0155241599394575        1.0927192641880807        1.0572448470386364        1.1209057536285270        1.1656067999881643       0.95677490333240889       0.93417171966042434     
  0.83545043500410343       0.96745891423798436       0.56868879266154559       0.70396449743907374       0.82855651343002745       0.85027331215563740       0.83914544633927579       0.83316924548914106       0.93026619325603765       0.63267728658791667       0.84523853555455897       0.84667385549649266       0.81539260549031400     
   1.0538978711590725        1.0490488202171060       0.91749024642740873        1.1681372622201103       0.87486299411246948        1.1618662961784656        1.1305141255104709        1.1812796271700226       0.93759424597983088        1.0919903898224805        1.0066578636416572       0.93459934782407939       0.97346997532085933     
  0.85035824762596057       0.97083577750326777       0.59928945970867864       0.72793095230827010       0.84203651749561059       0.86470497356629705       0.85317600698369911       0.85022860552143076       0.93438773761237082       0.64322111369007484       0.85813589986396144       0.86063517843505855       0.83288913531890296     
   1.1676977426702670        1.0483880360097866       0.86055519130059954        1.2441969064468354       0.94819206307278414        1.0533346131120820       0.97016800738499087        1.1576327457761719        1.0250542480220022        1.2015824283433576       0.97068969602810473       0.88786013605375702       0.99952852107121770     
  0.86502302731917480       0.97431216393046560       0.63162215006276812       0.75083440959207581       0.85548522121826098       0.87910207941560636       0.86847512396694004       0.86619628393575054       0.93861139092044588       0.65541110260380897       0.87190839767644912       0.87366933148592063       0.85044459930813820     
   1.0639210771844525        1.0518008284957183       0.92570199696213218        1.1559910959891260        1.0151999857349254        1.1359891998450480       0.98552897065092382        1.0551030710230374       0.95700463518839995        1.0329291601876041        1.0425073700735070       0.92277580775899537       0.95489051790424728     
  0.87919664393680563       0.97722410408790450       0.67047585534831211       0.77421048822899885       0.86974739510097021       0.89408069926802547       0.88341220167586088       0.88139837003946053       0.94317264127377543       0.66812787019198294       0.88530239050950399       0.88607899770565501       0.86786820685776489     
   1.0919442661736343        1.1994738646403331        1.0716227950712347        1.0000937788387418        1.0877536498621756        1.1571679101436767        1.0276087758017627        1.0147657518566482        1.1514357828184729        1.0223228656996992        1.1383590127670640       0.94108331908632115        1.0768811350033840     
  0.89301254420272591       0.97998838006906852       0.70983347835526378       0.79956152364537425       0.88356906997387685       0.90968293484094931       0.89797029708842646       0.89584848736917810       0.94775466420467247       0.68250761035243857       0.90097076396670983       0.89904581236779113       0.88450159889380453     
  0.88396940071637975        1.1535385756975811       0.94925400109754243       0.92277580775899537       0.94354573410214948        1.2344845307187526        1.1000974854403021        1.1174828553670884        1.1284508587798279        1.0633359066377319        1.1149449220861909       0.95761423600471163        1.0307577139090318     
  0.90667555399066158       0.98296614126942294       0.75080726359030903       0.82465520551815130       0.89790520967197440       0.92459179207035636       0.91258515972394583       0.91024142918590700       0.95286323980847554       0.69795270427569367       0.91609410644693323       0.91215459464170690       0.90129696930813974     
  0.98890226080093091        1.0880075537488305        1.0962913083508736        1.0030271135721875        1.0881538158121025        1.3676783119360578        1.1008551809840856       0.96489874709076473        1.1242810155987031        1.1182678035722065        1.1177770039936783       0.89736989018462487        1.0998265941613921     
  0.92055654376390894       0.98597518088429403       0.79237837644531328       0.85096893399579232       0.91326272205225068       0.93871611421019285       0.92809975771668463       0.92592942421430169       0.95831155334828599       0.71557921198580388       0.93018305990636230       0.92556134541239798       0.91811467275394576     
   1.0013580296933260        1.1776952424554823       0.93977968400691880       0.91987080100033902        1.0637235808563408        1.1314485537957473       0.98078644809943749        1.0104400181052959        1.2936895160559081       0.94595965616359623       0.96951597041645698       0.87217963291956813        1.0983511649911968     
  0.93436727130060016       0.98886712330821513       0.83398166664585716       0.87743356987687993       0.92863860114741803       0.95215732859902291       0.94373046092541013       0.94181947892319595       0.96406390484451843       0.73547215797481458       0.94439327295767406       0.93873698905497049       0.93474621118226298     
   1.1309554313777173        1.1086564560696448       0.96242696443724507       0.98452273568902970        1.0614831826483990        1.2484956137497680        1.0473097344266962        1.1599741440912041        1.1019733183933973        1.1386285174866657        1.1252642909847723        1.0332148713437512       0.94978455368438586     
  0.94938217369634836       0.99166004629503046       0.87598969005071681       0.90663965574767813       0.94669305550238381       0.96396187157497848       0.95810969429466897       0.95596376099305402       0.97038468558586455       0.76205875168019910       0.95790578629256529       0.95432592621386281       0.95227463726463257     
   1.0262816154785235        1.0891570806782229        1.0686711661253132        1.0434875105776811        1.1460932518115896        1.2176742255895252        1.0065350007699048       0.97278945940944783        1.6039150741585084        1.2088882088715815        1.2047760882821938       0.94741717290021765        1.1722913754288957     
  0.96507972828442745       0.99451541234678831       0.91671710206957213       0.93807147709917404       0.96432416290186285       0.97637669440156660       0.97266617784175324       0.96973244510955026       0.97685654530405142       0.79886768347906789       0.97153494909853799       0.96960676363380127       0.96985919974157275     
   1.0354168026397672        1.1692541228775226        1.1016411040421019        1.0566470672270629       0.95556239620454664        1.0869999159312709        1.0098814487745760        1.0248160574998948        1.3468460842986885        1.0635570164678909        1.1251865895339659       0.95969206857829159       0.99878571208964551     
  0.98223807988741929       0.99724423360494774       0.95835423761112470       0.96861989093926326       0.98223265731106368       0.98835435043760156       0.98569520680315259       0.98496459185078000       0.98781424577771559       0.87177346646794784       0.98563036758341882       0.98484094961185431       0.98475578392626861     
   1.0145317248576406        1.1408571897571465        1.0600992992733906       0.92414034981170567       0.94056363813931887        1.1992293489173145        1.0654835672509071       0.96533757540249854        1.1983685602026690        1.0088104609842738        1.0052193896098780        1.0077708648089649        1.0362783438994581     
   1.0000000000000000        1.0000000000000000        1.0000000000000000        1.0000000000000000        1.0000000000000000        1.0000000000000000        1.0000000000000000        1.0000000000000000        1.0000000000000000        1.0000000000000000        1.0000000000000000        1.0000000000000000        1.0000000000000000     
   1.0827711139382619        1.2360175577391104        1.1068553179977818       0.88807089454485411        1.1951409738909049        1.2329026877677915        1.0219147934676720       0.93867149697789132       0.92465161893875547       0.82943793284547529        1.1102519087364784       0.98852602537940004        1.0649391735763696     
   2.2008677650390833       -13.457399132949844        19.479101721403467        8.9545725296373213        9.4155880213070482        13.350874326493376        5.5318230229682595        7.8959444506293073        3.5904772813795494        24.684662508421635       0.84878960398407788        6.2929400918259342        5.9231432660829624     
   7.0639305705065185        6.7656534843200813        6.8941323718168821        9.4641150981191515        12.899973723338606        9.3092804469919415        5.0580361800388287        7.2095324648930426        10.359091058396796        12.401915685136078        8.7291236505276579        13.946781805271401      -0.48513282500006127     
   9.2675457583865111        3.3601063246009391        5.8871219973510387        11.313708237618389        5.6798077705469945        10.623982240806935        11.085068372528255        7.6495624043113120        10.142155747703557        6.4798769989018652        6.0891809362430989        2.8431157003668046        4.5236836277709465     
   6.1283997518474989        6.0953807683468790       0.99110515781514630        7.2665514860835314        6.1754507756787671        10.001033557072539        7.6418058962038238        11.116278331840652        11.203543863083757        7.9168663913669768        15.631943184281763        8.2161160166244827        11.131298005111582     
   6.6340633246842771        4.9756787045454418       -1.7353853751989889        12.282572570393677        8.6336182473155478        10.166358687085891        3.8177591358341645        9.0875740547014967        8.3960841463741946        8.8674809413639188        12.375134895653142        3.7259462578115796        10.070044331488656     
   9.3819446498458099        13.223003714119395        4.2247775246958446        2.2817203395869146        7.3468841318604783        6.9272962931175437        3.9770630575590671        7.6228183218248349        9.6144382129131376        8.1853360494601741        4.9728997224816149        5.7315741410864520        12.163749912480093     
   12.123943299235407        10.761059555889139       -5.5038981423347391        4.6822842128221929        9.8024527380126898        6.4172136501236450        8.7506445516983415        11.485018411697560        7.0130491587434038        14.434085627899979        8.1798331167412108        9.3140325561997734        12.339346728668986     
   15.706517936162975        6.9897889345658450       -11.291797932241014        4.9436586926733312        7.6671385855697594        4.0503743169441311        12.386711441835606        6.8050838886913452        8.2965604471816512        8.7132873346378226        9.2459228996188667        10.288547692492932        5.7660308104772140     
  0.13779836201327963     
           1           1           1           1           1           1           1           1           1           1           1           1           1
   8.4719968277981075E-002   4.0225502704326635E-002  -2.3615273889123552E-004   6.4911070039779091        3.1970750195925092E-003   1.3261050620310807E-005
   7.9015128738821414E-004   5.8666817639118241E-004   2.2073536971066476E-004  0.40027336169367583        2.2035202743345120E-004   6.4158148142957824E-007
   2.5125395887716867E-002   8.4807981116525522     
