   0.0000000000000000        0.0000000000000000        0.0000000000000000        0.0000000000000000        0.0000000000000000        0.0000000000000000        0.0000000000000000        0.0000000000000000        0.0000000000000000        0.0000000000000000        0.0000000000000000        0.0000000000000000        0.0000000000000000     
   1.6600848055003555E-002   1.7752502350623111E-003   2.5039252513210041E-003   5.3812701678023836E-002   1.4840943747953871E-002   1.6765800300233426E-002   1.1855665112885860E-002   1.6513783537190976E-002  0.25352082643751084       0.10719319608352304        6.4192445145470012E-002   1.7816745688122800E-002   1.6595176843376129E-002
   1.0321992581414148        2.0925245142523945        1.5346947449849546       0.93545355946741660        1.1485866497805000        1.2586715200076430        1.3228045667254644        1.2596549145484142        1.0542221106489327       0.93133831899013508        1.0696606066409300        1.3349750509346168        1.1901861336411077     
   3.3012878423259728E-002   3.5787783678210561E-003   5.0129670748099153E-003  0.10456795463539861        2.9597958467935816E-002   3.2511395385153970E-002   2.4024672468816326E-002   3.3258434425117070E-002  0.38617941561048041       0.17404743337928616       0.11082380672916847        3.6602304461216366E-002   3.3627441765181690E-002
   1.2875763950227435        2.1539512541769956        1.7735599709325920        1.1207841751243333        1.0312808718731854        1.0569892421336742        1.3799188203215518        1.0982732609014458        2.0302848744424375        1.0524370505149083        1.2070740068051333        1.6279980473221236        1.2355130988194873     
   4.9172664498289116E-002   5.4199750733896828E-003   7.6054228501441024E-003  0.14642463611809226        4.4151541924890153E-002   4.5730683876749702E-002   3.5044683101754119E-002   5.0505333815598977E-002  0.42439466366426398       0.21209264161064789       0.14401141947628346        5.1601741005782222E-002   5.0259912729285428E-002
   1.2246849916811744        1.6468042642595953        1.4512512675161684        1.0330049958407168        1.1688467452113833        1.0656086000937897        1.1341615276050265        1.1982250386010520        1.3796583123094439        1.1706480119535161        1.0543215675763451        1.8423963206250691        1.2801183262073110     
   6.5346323366254427E-002   7.4700213148509720E-003   1.0075701384779034E-002  0.18351232868371770        5.9113071705483689E-002   5.7972285865951330E-002   4.6247103746387214E-002   6.7536002515655072E-002  0.45373469712591308       0.23677819248273893       0.17016344314405660        6.7002239762132071E-002   6.7823671158320414E-002
   1.1990825947761117        1.8654382567153238        1.3788662965083109        1.0569966741442174        1.1026080252235766        1.2055222264132082        1.2606314087218384        1.1420558389472890        1.2002237999529748        1.1947916671174146        1.1058547702379140        1.9775034599808567        1.1695627075653690     
   8.2151458909616656E-002   9.6344359559298303E-003   1.2554223629602821E-002  0.21540989293512508        7.4773639957305460E-002   7.4458470043522684E-002   5.7163059910083219E-002   8.1778093717174802E-002  0.47925901068695348       0.25317794317401654       0.19194333967984140        8.0586084757310938E-002   8.4618848294788801E-002
   1.0967737627925305        1.8301848032506869        1.1118819900836072        1.1879765021554072        1.1537243365707990        1.1259043308757060        1.0723695168372109        1.2214364324703688        1.1753424713294265        1.2304664330274218        1.2267582745309029        1.3039585429461433        1.2074112854456343     
   9.9271153613128188E-002   1.1930503128019474E-002   1.5209009382767242E-002  0.24360173870311577        9.0994384411070370E-002   9.1454028007413091E-002   6.8340580683107166E-002   9.6269570654697392E-002  0.49901157088646458       0.26717448497263174       0.21078616083374480        9.4015279286163739E-002  0.10185551171939147     
   1.1675793286413187        1.6289318658432375        1.4547415633331597        1.2660011336077952        1.5090179535930253        1.2813708742539436        1.1566772496424123        1.0291356235351781        1.3303416914459611        1.0921663949440528        1.0375184350794207        1.4250875666962284        1.2615843189605764     
  0.11614765304559023        1.4368130838643450E-002   1.7920769238454731E-002  0.27096042520165453       0.10733635375177203       0.10914170885553047        7.9055283578469554E-002  0.11207454167439548       0.51653513449645716       0.27828190993884838       0.22688557889800257       0.10803367488764569       0.11974251846004288     
   1.1644137205980234        1.5787968381351900        1.0566868096070168        1.1898234013825648        1.1250415399774076        1.2073587570601201        1.3901191863283704        1.2506763211125540        1.1792066316686838        1.1202643354820914        1.6191612216870426        1.4137280341051561        1.0166838750021572     
  0.13247644165661157        1.6891012028061845E-002   2.1688452714578976E-002  0.29554793784045646       0.12300607398460726       0.12674436223158317        8.9970505234805764E-002  0.12831652550798231       0.53285480343417246       0.28787310985605979       0.24094861048641569       0.12234814643645420       0.13770712628762843     
   1.1740731409518574        1.3314294958761688        1.4646355562952780       0.98029237447255901        1.1917133787193375        1.2104383824027576       0.98277461152369916        1.2363135122823956        1.2950598135132376        1.1960893523705121        1.3300218594387974        1.3016660217801628        1.2797262499199085     
  0.14872061011565549        1.9398346866417338E-002   2.5426629937614333E-002  0.31977406457873225       0.13873964137424627       0.14448370676152705       0.10097504343030869       0.14485595512359617       0.54856720932830716       0.29617270998741191       0.25295727229252329       0.13656731166946418       0.15401235003526378     
   1.0252477962339126        1.1662465190675648        1.5645818399357039        1.1532900875443737        1.1952892053942581        1.5371298646232914        1.1472641446304168        1.1006702864321782        1.1295259038864667        1.0528820282845133        1.1244558077175124        1.4880768719463200        1.0655049428042715     
  0.16479644562329618        2.1964366026499003E-002   2.9182719789304489E-002  0.34176271520843621       0.15467859313295701       0.16104348322814313       0.11205402307292073       0.16090251104656136       0.56266723692783294       0.30428421798689814       0.26424348500046579       0.15067756786951189       0.16954639120008916     
   1.0665053004946110        1.1249265874218894        1.4224319562279459        1.1222702001157512        1.1573401597964048        1.2187394568278644        1.1512563009652412        1.5006713198681632        1.2739645545458886        1.1418870845823959        1.1670515254574410        1.3518303227357062        1.1953860588627498     
  0.18106944373486533        2.4634827148231217E-002   3.2968924669078671E-002  0.36386533675354915       0.17113222552506255       0.17693969995354694       0.12314817734279515       0.17659022569044999       0.57591224170094246       0.31322142011017756       0.27494995874914591       0.16489833414119981       0.18571227098576437     
   1.3347244634661510        1.2442032513881056        1.1816719034347474        1.1455971583892905        1.2131820924413019        1.2793784991488910        1.3277983859400613        1.1162130164354021       0.99999064931208337        1.4021356526116338        1.1304499999219730        1.3267721038698435        1.1025020731238151     
  0.19872902629209555        2.7315004209467669E-002   3.7440709690256112E-002  0.38625679051408507       0.18568668524129861       0.19288379355728841       0.13433721127415979       0.19187037768002876       0.58866616318083309       0.32242722833271270       0.28621805667215738       0.17950570630703522       0.20164970590423012     
   1.1886074642310487        1.0963493065680432        1.1099326358764465        1.2025231704698649        1.1981005636413788        1.0748168977034742        1.1714684342325516        1.0296761219975639        1.0137617452188867        1.2823644242833214        1.3523650373732294        1.3199638276865928        1.0518011988818041     
  0.21726323294001182        3.0284128044281166E-002   4.2185723491102750E-002  0.40907200213944783       0.19957143763404417       0.20875612432926074       0.14584978847326047       0.20705432230263601       0.60148723957873618       0.33058044561687050       0.29751124305640680       0.19518601559383383       0.21931896025181979     
   1.4501211348899798        1.3816939542043012        1.2388482216333119        1.1625041164381287        1.2065873777527545        1.1799609657904475        1.3883751266023687        1.2634000856706251        1.1584381919883484        1.1170009386845328        1.4533684250489403        1.1030498994995526        1.4645696579478491     
  0.23402322007060244        3.3557312620506478E-002   4.7500317357928964E-002  0.42896047422973910       0.21626876506868731       0.22466692023794330       0.15714848898400313       0.22279176913791515       0.61353004144406376       0.33876675935051243       0.30837557220651463       0.21261308454566052       0.23733239730048414     
   1.5337371105908215        1.2003570143554805        1.3241308445094808        1.3691907105438907        1.3139674027129562        1.1033153206403874        1.1121217294918586        1.0586693333380501        1.2219222659100075        1.0631855619621986        1.0824661358904759        1.4616055873446572        1.1234748072165330     
  0.24982626948214143        3.6997061226715283E-002   5.2864805137816440E-002  0.44828225306190406       0.23389491418389002       0.24117742613475354       0.16821031555409735       0.23973439236134420       0.62537030559259688       0.34686086693329915       0.31920164716460786       0.22982478904959994       0.25431004698262005     
   1.2021235554689367        1.1660902292089375        1.4459859486877433        1.1295184484741427        1.3194043331647696        1.2256031917575276        1.2761795708831440        1.2392051215542437       0.99294472846043047        1.2378023149571291        1.0603226468114046        1.2072620675016135        1.1635264266107375     
  0.26549006736084590        4.1111427347688488E-002   5.8364787447151671E-002  0.46526118004622563       0.24927902925538975       0.25789749718894345       0.17924507389283845       0.25607512324844650       0.63498803858651032       0.35486011062444639       0.32989001105814886       0.24618223853797219       0.27068899109145811     
   1.1604313440416179        1.1969440004288274        1.2502624149389840        1.0617471195164254        1.2211234267735485        1.2626678991960687        1.2022001761300440        1.2240709666066611        1.0647755458979311        1.0365271708993009        1.1786616627352304        1.4608429381348278        1.1471263681201045     
  0.28085726244393361        4.5373176740916850E-002   6.4003517581306624E-002  0.48223850786978556       0.26295037541158545       0.27374450415896601       0.19034378996948287       0.27059111519647372       0.64489274825469245       0.36282700521027156       0.34018972427731375       0.26266778563645143       0.28688977187777648     
   1.2832804552847477        1.1341768937957342        1.2328056153695557        1.4387822313967213        1.2413641709034489        1.3553643401096604        1.1001524063413268        1.1515631996381461        1.1344798730324253        1.3601738619210604        1.1664555512056438        1.0823243443474582        1.0469788780268023     
  0.29745979194845995        4.9899569206780139E-002   6.9764648895127249E-002  0.49893494250478543       0.27699136255238993       0.28891453910964904       0.20133835022924851       0.28571292418344840       0.65343620834371319       0.37021675203891280       0.35124321771795725       0.27997556973453352       0.30338894371805841     
   1.1893204965409139        1.1278247878883010        1.1780192790216450        1.2145693568035774        1.3249751767174589        1.2090547243142560        1.1550249990756702        1.3021066885626480        1.0710947686962846        1.1886677211299308        1.1790092482522856        1.2700412570916104        1.1088946629726324     
  0.31467554865582459        5.4543796888027379E-002   7.5651314696416117E-002  0.51531511598120017       0.29150465508096207       0.30514111478723072       0.21202002125615829       0.30198504746188382       0.66214311325320996       0.37804865880457955       0.36333278592182938       0.29795287334487291       0.32060963397612008     
   1.2928428368752904        1.3655978346468354        1.2461081610084015        1.1483560066509131        1.1861409939385765        1.2759973482855882        1.2332593431002132        1.1854930278199418        1.1384595802951289        1.1603154314454640        1.4427665309696653        1.4817522429356740        1.1654536402068176     
  0.32948148947042799        5.9810974330194604E-002   8.1454030628974994E-002  0.53121425230993768       0.30648262887783506       0.32093087948352889       0.22266391404115324       0.31800883449831024       0.67124970929901706       0.38584548185748685       0.37585215715381248       0.31323242514579197       0.33751589353306916     
   1.1517334344661363        1.1342549879445432        1.0332830687677843        1.1495380421384196        1.2396823477181866        1.4855269264534974        1.0398313091496005        1.3994943979311856        1.1910579371742922        1.2634781312642787        1.2962702382091613        1.0831293186388053        1.1929998152805985     
  0.34257845961648786        6.5174248652859756E-002   8.7211188853660915E-002  0.54685424836021079       0.32272078816543642       0.33705880552795231       0.23364834356519712       0.33504846600311894       0.68044940643829732       0.39483978825225102       0.39013978752688078       0.32796219866891452       0.35480776824246812     
   1.1207336324435180        1.0882811174104969        1.0346993198675614        1.2196913552559672        1.0810327141454266        1.1136884897191470        1.0318862156200470        1.1605990498604171        1.0429548640981237        1.4882912771210604        1.2124064911014041        1.1881238223437902        1.3079335400469796     
  0.35524448136952935        7.1315835047234141E-002   9.3321584142882122E-002  0.56128684254605798       0.34042804902058493       0.35358206485346200       0.24538514607749004       0.35044622046713675       0.68843236209517944       0.40421449925900799       0.40460655140676693       0.34159545357233567       0.37195108526137227     
  0.98228365003170059        1.1242434445710132        1.0784234186550947        1.0531838950492891        1.1683785737318781        1.2390892334241053        1.2078292018961656        1.2105953501484137        1.0947562794481744        1.3273006210118563        1.2083425021819483        1.1543895386362732        1.2681651579405562     
  0.36681368678902798        7.7842270517799045E-002   9.9788243524581308E-002  0.57542297690014954       0.35853410660982576       0.36998349389853269       0.25688059138439590       0.36571562264235929       0.69645116822547315       0.41281510615220218       0.42085350544787781       0.35425508239920289       0.38799776029273619     
   1.1038177226893253        1.0747221225103325        1.1755942412698062        1.2931555233738501        1.4005921232203298        1.2921196195015023        1.2308366698686126        1.1182049796848945        1.0771879227147627        1.2342198678954464        1.4560803016728479        1.1918524174133875        1.2383001142874472     
  0.38008068520006760        8.4691742248974883E-002  0.10698909971701419       0.59036640047586597       0.37620379933685050       0.38618119647951754       0.26856010629984145       0.38108453166952289       0.70440116718701606       0.42097131736161603       0.43761320973053069       0.36925537821184040       0.40397563274192977     
   1.1625447376210913        1.0815976126762701        1.1317901482547383        1.1753624853457818        1.1308981730964627        1.1257006916740870        1.0842669660913482        1.2245930838671777        1.0415877652540428        1.2413241329126672        1.3706801891535512        1.2438964662771157        1.2973309189626570     
  0.39427009071216568        9.1730024643346786E-002  0.11528914781515485       0.60507560799143190       0.39330981398643350       0.40226487205638334       0.28018757247043302       0.39735210061266207       0.71250107185566391       0.42887141116352978       0.45083967226209753       0.38321922280255399       0.41878567361161384     
   1.1222944878356464        1.0818217971854733        1.2480861019981297        1.0382452110299916        1.0794187713366914        1.1527699309085402        1.0381434422264020        1.1963890854139503        1.0025066177199420        1.1121312562186878        1.2849429632864826        1.0653857036850176        1.3167413644135133     
  0.40880777308997840        9.9281287199989757E-002  0.12402062765279823       0.61841613951048036       0.41037353290555384       0.41807258616721993       0.29218101304236027       0.41456301836930448       0.72053684599609003       0.43672931378872804       0.46430683706268977       0.39827405518619896       0.43373126446103810     
   1.1462741808096522       0.98452618430138972        1.1156012548857457        1.1704303170367742        1.1460884711354973        1.3147037466435487        1.0912308408893059        1.2262982692332538        1.1100016111087765        1.2330850018133610        1.0555365451382943        1.0420557638011669        1.3015115185644301     
  0.42388691321582211       0.10712765970695026       0.13369311948587975       0.63174675424841864       0.42770333810717809       0.43425936965284789       0.30353766462960624       0.43129034139805217       0.72847688635251995       0.44441929794554247       0.48024362822439454       0.41294581419838067       0.44758298315229939     
   1.0814559326295203        1.1326599379123343        1.1802502147321081        1.1872759203187988        1.1702130033738600        1.1713463411643747        1.1280015630347990        1.2736546970234912        1.0920325050616697        1.1278146656205483       0.92725099491923391        1.2199739679054109        1.5557581208442888     
  0.43809399387567821       0.11535910401347334       0.14333808164507605       0.64264858357517307       0.44474075089974657       0.45097672121813936       0.31517103916272093       0.44668830051707076       0.73647206105155893       0.45160229003205021       0.49630920730909017       0.42760562492955079       0.46217685487308385     
   1.2885732479649958        1.1913982770147851        1.0254051089858933        1.1774771011239460        1.2156718418219221        1.3263831688354637       0.96292271636226778        1.3983929015401979        1.2324313287536703        1.2667319319150616        1.2339548063285339        1.2623519274461270        1.2908415423918838     
  0.45312866639062316       0.12363087439138021       0.15351190091289435       0.65386834973020658       0.46108996194138430       0.46714889213215932       0.32679857448880084       0.46099055701126812       0.74426775794566891       0.45854786323833685       0.51287825994446479       0.44267939930653760       0.47591583096761914     
   1.3190036400074190        1.1827034714528513        1.2107207787316323        1.1404545408690141        1.1400249521742736        1.1337350205489969        1.2030615797220743        1.3278168739397651        1.1680399740211718        1.0687976510033297        1.1986019684468232        1.1075464448174115        1.1723830234837105     
  0.46845197793684246       0.13254433526710924       0.16369046785064842       0.66526779003798098       0.47761974448966460       0.48251702722195305       0.33834119204527113       0.47453458122038478       0.75148135841044461       0.46537636528690579       0.52944743166934261       0.45796960011063576       0.48825532233393715     
   1.0351694969718803        1.1294048247961463        1.0569296447255563        1.3130863043653649        1.1829829784322679        1.2144683954179702        1.1300708592450941        1.2866493295479062        1.1430250187522879        1.3296760345080536        1.3678699341391194        1.2978178561567351        1.1064237262297656     
  0.48433478641032152       0.14179619262561516       0.17410936005424302       0.67710903564881786       0.49503277520876315       0.49763582044856985       0.35001460230908715       0.48804953808644003       0.75898103003656248       0.47238578656318692       0.54617739984790226       0.47356491399292111       0.50147375088740731     
   1.1180048081997707        1.0513064655891902        1.2735619082874572        1.2284849699508820        1.3466961816626399        1.0573597209509678        1.0847503908617255        1.1875158089350097        1.3690522442527766        1.2447767961220733        1.2000671218603387        1.0746880564553838        1.2221779400371042     
  0.50006884641132643       0.15198034503627675       0.18449974100601332       0.68879983479421958       0.51293336830736724       0.51278092283412846       0.36217325470237510       0.50200179610072759       0.76693438276202897       0.48018982261009691       0.56255490905666794       0.48736957266115305       0.51529441085228833     
   1.0569964501743359        1.1623156476754184        1.1119022592375614        1.2917594402433450        1.2378720765349827        1.0156691744129753        1.1557824984365233        1.1751729019672650        1.0476272044604149        1.5769216724159825        1.1616689949670826        1.1035183652626197        1.1686303413638535     
  0.51380111245962512       0.16279186475443475       0.19480686719025275       0.70044920964067736       0.52902751269337822       0.52758611295029267       0.37540313065448966       0.51660136423134650       0.77419305819177098       0.48780834082523566       0.58000109945747924       0.50007854906118232       0.52964751609399374     
   1.1199153370525923        1.0487004791285572        1.1204275276102389        1.2328885083807271        1.3546118286279851        1.1176288930980569        1.1583781162968276        1.0856149045218491        1.1697401963297938        1.0970912034644795        1.1270542248867201        1.0245545385171833        1.1573848669908582     
  0.52765163417124883       0.17496579713143098       0.20514960187754921       0.71146669389746209       0.54544574191759321       0.54221137713072520       0.38933624206524364       0.53164497809518141       0.78060114073837594       0.49620791236549239       0.59649596785651382       0.51271140534913584       0.54572732969033377     
   1.1642425433498262        1.1340942222375647        1.1568993794186062        1.1997305032441288        1.0794307524892772        1.0074785754714219        1.3210774348151233        1.0909762264122327        1.0480226811638722        1.4457697182740072       0.99721227685071878        1.1287117579403103        1.3476438378621232     
  0.54208953425430573       0.18880097380842523       0.21582542098194418       0.72239770939289660       0.55979749417123659       0.55765779206974009       0.40347117480466171       0.54646051929788053       0.78732963026035252       0.50461175116329748       0.61379821388317790       0.52505716348050469       0.56221334893668584     
   1.2933187520534961        1.1234411863283860        1.1837121066973624        1.2291482251407631        1.3770861436072581        1.1239997951737681        1.0425544070568360        1.3164439790331426        1.1482206391449108        1.2481839308746112        1.2984864065906097        1.1926631701752173        1.1911169155569665     
  0.55642359783648543       0.20356572759857333       0.22673776330796355       0.73331443503946125       0.57343497069834115       0.57354600333327965       0.41758137727030031       0.56163339681583058       0.79420095674798197       0.51209548779091729       0.63149447162364847       0.53963337394427691       0.57965917097029296     
   1.2437399926879480        1.3082788393357736        1.0398083909250073        1.1374663005827477        1.0803457277286888       0.97247736944997853        1.1762927057214139        1.1394832838480067        1.0789740908116052        1.2961180580112719        1.2069853962590535        1.1194836435674611        1.1898897986818595     
  0.56952576630541452       0.21894181780566616       0.23972004093456614       0.74374929986142202       0.58570344070815517       0.58930188840603293       0.43169960690789577       0.57689690244701419       0.80084307381804398       0.51935774280719060       0.64768464925045499       0.55407348823496050       0.59677870759306517     
   1.0316496243268554        1.2401837531816902        1.1060279241612399        1.3011477642129965        1.3167145358247367        1.0106445236427242        1.2012098840614951        1.1690636981528235        1.1034676553537750        1.1884140718470972        1.3089501290349141        1.0992895024893148        1.1798674496118129     
  0.58393232468107026       0.23439205797773605       0.25267099182666847       0.75421857280309912       0.59815683992548374       0.60488561760419390       0.44624228323399873       0.59142593134093713       0.80744829038839017       0.52689589330233766       0.66266730851829991       0.56901018254807756       0.61296709873580724     
   1.2109225162457127        1.1319750662005144        1.0997583703049476        1.0538882782207930        1.1427802433520409        1.3046504373994856       0.98325665527254025        1.1892194197531853        1.1739737023752026        1.1233957751913595        1.1495366432199474        1.1702537504739992        1.0965091134583027     
  0.60044062579468593       0.24982444221499464       0.26766692480130849       0.76385195408325712       0.61138325931866588       0.62084409575938382       0.46117600712716705       0.60533287794141832       0.81387643750184813       0.53459373749548178       0.67745707601187855       0.58376099119857883       0.63004479835640370     
   1.3860580672264140        1.1796535534804811        1.1871027156374303        1.2655158054208744        1.0976498064076057        1.0736136231398707        1.0939124788977586        1.1511432641485746        1.3001403007531958        1.1340356546165562        1.2409902215202409        1.1183524333776345        1.1711183660258060     
  0.61725597575378377       0.26692952069436188       0.28322455694074000       0.77397962024114508       0.62551897899730902       0.63671730066100618       0.47552062087928992       0.61885312175283402       0.82009392733681530       0.54243283355908933       0.69230104737415743       0.59880546622670183       0.64526396294374389     
   1.1014727442596206        1.0211581866398260        1.0489468623561009        1.2297697074062492        1.0412782348125478        1.2249292405044720        1.3186657403928341        1.2187356029186462        1.1814576004453006        1.2218063838054836        1.1694503772200542        1.0540044506911856        1.1842429768590117     
  0.63403805287849480       0.28466409899431827       0.30170164018294482       0.78376125347525616       0.64195431676205483       0.65277106509696792       0.48942095857295742       0.63301121933401117       0.82635556792407039       0.55062611822587670       0.70852618541954349       0.61380692476199683       0.66106280857971078     
   1.2130559071892786        1.2255878075456539        1.2912745654305757        1.2779043779733235        1.2599059382387714        1.4499259207581026        1.2641342567665788        1.1528107490521358        1.0897774239667708        1.2462492418138620        1.0425809645421660        1.0918651761331009        1.0235171064874826     
  0.65045349423904819       0.30358375280731315       0.32045757727347984       0.79350689297943389       0.65783737328923797       0.66867133616611296       0.50394237415019927       0.64776983208627692       0.83258002103250339       0.55897509191902084       0.72524416821941595       0.62841563299779690       0.67601837040734492     
   1.2038643878638009        1.2168427070457613        1.1318586402891797        1.4269506614713205        1.1077364723606171        1.3285261455438901        1.1748237616818131        1.1866895229494641        1.2351933883679280        1.0746218281565012        1.0435266908611054        1.1241678444854510        1.0350894274468079     
  0.66702080549581133       0.32313364199669836       0.34132843112751865       0.80351537551406127       0.67210286613936499       0.68462381313663523       0.51884281746056715       0.66245644597861264       0.83887074177427523       0.56741918465675134       0.73908594702411190       0.64342840071022867       0.69174743289058815     
   1.2871015947355140        1.0750952659721797        1.2292074708910052        1.2522851242249360        1.1071271654357473        1.2458538969876978        1.3282623642767359        1.0694104224923924        1.1864607210226312        1.3436718321275463        1.1370783414739454        1.1294492688953164        1.1227858193854017     
  0.68363764671938909       0.34449200374706118       0.36202051028556403       0.81253217069146255       0.68595455010309991       0.70071518770468655       0.53430370626231816       0.67690557587790712       0.84514023816244344       0.57566300940959114       0.75184330107796071       0.65586393302438428       0.70763784536928487     
   1.2086951756472919       0.96684185188380711        1.0395892883889941        1.2211155207189457        1.2444425186553614        1.2662989805591551        1.1387605654603832        1.1665712313978793        1.3652370715920104        1.3013193809636834        1.0272665718417766        1.0581379331022875        1.4035474894714348     
  0.70085146567707968       0.36597748767648641       0.38352194917229493       0.82095466153642804       0.69972003592414578       0.71630593437596035       0.54965318320336576       0.69135527856981704       0.85164570180914811       0.58364763995494262       0.76451478271596873       0.66885956838170824       0.72323061063298955     
   1.1925047684080772        1.1711830919157293        1.1817030331360905        1.0891785499052493        1.2689136718899940        1.2372726896527304        1.1538815439697194        1.1612630698170103        1.5370713999807923        1.1808808677573635        1.2868623853772345        1.0803169620906723        1.2589969658452267     
  0.71785446746539039       0.38680306652725877       0.40544646338925866       0.83008700436312410       0.71421510484410078       0.73240198376136056       0.56385899539199125       0.70583021195420170       0.85827275073861675       0.59179213006660247       0.77793034965330810       0.68108964842091546       0.73934486425614832     
   1.2451595326984133        1.1861985727976960        1.1070663381643533        1.0702758143573126        1.0275529096457705        1.0647585948572622        1.2518589416832206        1.0867079330073801        1.1547024780630217        1.1350570205340660        1.1621532776538179        1.1220901432665700        1.2359033340908319     
  0.73359078066863714       0.40788574185983500       0.42955154679518759       0.83926360488021023       0.72885987394418350       0.74784308718647197       0.57747017843390469       0.72032795670021632       0.86473210391842414       0.60028620887345363       0.79195986989745126       0.69315548988281062       0.75608116846519813     
   1.1790326671594888       0.99521186321618171        1.1389075600164591        1.0819107738597016        1.1767349500647322        1.0982977793311091        1.2029436498275830        1.2154757122123265        1.0576492679132592        1.1184980869934791        1.1511664597601821        1.1952187528816409        1.0385551043200452     
  0.75004442703505936       0.42858499256990712       0.45358934091886061       0.84916129676427066       0.74333647627520472       0.76296614889699987       0.59151281600123340       0.73531353318801362       0.87085687648853982       0.60817736818557089       0.80455136195922650       0.70788136475135777       0.77386764211048853     
   1.2565569048184730        1.0424393474395135        1.1271614196031872        1.1350763816191389        1.2534412817108109        1.2142755181622438        1.1963117011837203        1.4432085404586119        1.1510917983316138        1.1846516119588690        1.0162690434645172        1.1106712768830469        1.0903731225989306     
  0.76472296392428274       0.45203366571297693       0.47751995973647737       0.85929231118732019       0.75846205401077060       0.77783789755864263       0.60643199780010726       0.75076059936180639       0.87655067775363704       0.61560578080909489       0.81690905221905175       0.72272832413457067       0.79230318594608762     
   1.1510994546244810        1.0928869474767458        1.2002557305392481        1.2197863437156233        1.1246475347439118        1.2787745427165622        1.2962836651299074        1.1953522746057248        1.0672872957659401        1.2115449345387985        1.0964726825019211        1.0557703252440249        1.3580781632914469     
  0.77937513664445146       0.47577755538707983       0.50099833959895435       0.86881761884656650       0.77376496029167618       0.79295608858466515       0.62089225882785304       0.76602955545378160       0.88199176378621125       0.62347775321354437       0.82878633247331768       0.74164223456665368       0.80965304968374097     
   1.2498924287760587        1.2182989899185752        1.1941654804272424        1.1208091540118250        1.2248207923449663        1.1163715630021529        1.0538403877107143        1.0985487608832554        1.0741763801478745        1.1350047290179912        1.1416196012382658        1.0281405549394318        1.2934308341730725     
  0.79339129816190723       0.50516785718482471       0.52318573977808291       0.87847856935599178       0.79136132621959543       0.80860563943470432       0.63419023684586717       0.78075151195074055       0.88768424504601429       0.63160807094000149       0.83952746154751556       0.76143718103747304       0.82643149723643328     
   1.0353935500422675        1.0535180278434604       0.99070029542394222        1.1452024497567810        1.0832079684167462        1.3770679658491556        1.2287973150010796        1.0045347229992090        1.1605353193047425       0.95605438772887164        1.1482079793260178        1.3527680557327069        1.3645195128155352     
  0.80797061402500769       0.53417387445770204       0.54707976643559619       0.88829415208671725       0.80899920822784299       0.82407490727494404       0.64944165432424439       0.79534342565310590       0.89393419212753011       0.64159481749908909       0.84963678729948444       0.78296717460607224       0.84230710162633315     
   1.3877253493669404        1.1101329303053606        1.1921523800880822        1.1684612133034664        1.1458329663385909        1.1071759505231291        1.0904761478689204        1.1012146971077990        1.1726572132243935        1.2143002548406518        1.0649490483856578        1.0108614669308451        1.2737874177018718     
  0.82165712639039501       0.56272018149400016       0.57369943978710769       0.89744866953557412       0.82526240721341082       0.83793509986312364       0.66663492432067750       0.81016334159879588       0.90017122830019614       0.65151173752026303       0.86286799790590529       0.80316062876836414       0.85841965664962450     
   1.0792048972864208        1.0569166346548680       0.99303093640408702        1.0918777328551770        1.0694706441120088        1.1849444604259491        1.3014468099244834        1.0426976842749918        1.3773129092678806        1.0859148243495929        1.1290237942983563        1.0007212699342944        1.1395027498403423     
  0.83558652389161014       0.59355063319539769       0.60470545623136673       0.90665375166103490       0.84190233235802070       0.85170723974041485       0.68507679698918122       0.82486328103291173       0.90676860135530835       0.66155308997985596       0.87644242238613124       0.82227547455709915       0.87295393052056391     
  0.92603047358461499        1.0211581866398260        1.1911463375260083        1.0885320221722177        1.2085479781994815        1.1168236865266052        1.0935181774186031        1.1820783542258591        1.4063031696735382        1.1450533408058823        1.3488878530123019        1.0565178066958132        1.2020376939450541     
  0.84982178332653535       0.62671063273081051       0.63643614205729515       0.91589437480339542       0.85838718387217061       0.86560060513068882       0.70510452065857998       0.84140722160799730       0.91329941845066565       0.67178897819474570       0.88987831784942417       0.84121614275890311       0.88787618966519677     
   1.1244160971234909        1.1964628826085990        1.0344778010416131        1.2331675464028280        1.1303390748228268        1.0364100077784117        1.6585619964524041        1.2152737105993887        1.3147839301166711        1.0781022459093357        1.1554891934718781        1.0779971892680149        1.0694905713479179     
  0.86497992242948651       0.66196542529695734       0.67008431927296075       0.92532976562492597       0.87470678313011352       0.87963824869675378       0.72465528772213728       0.85945572354899902       0.92081398539114445       0.68263898062678652       0.90279739690376304       0.86023229640957033       0.90062199152077127     
   1.1429655419757179        1.0471473235405526        1.1799419356588299        1.2343178908856274        1.1259824729717476        1.2140758604703936        1.1532892737467810        1.3719224243909596        1.2901492502345147        1.0777666484560189        1.3620888319055018       0.99085750775521741        1.1645490680831634     
  0.88167882568897915       0.69762089919348513       0.70419850382660787       0.93491347686406978       0.88985705196716403       0.89312106984448569       0.74412822760569730       0.87660875498399704       0.92830447282908646       0.69406243635155096       0.91625264340919621       0.88031803889739735       0.91382065730093187     
   1.2733488876949315        1.0943522264605943        1.0538565614279061        1.4144227175440709        1.2172068391545319        1.1921624453796758        1.1919180962547389        1.3078453475647387        1.2216184314437095        1.1990440881343953        1.2686972710435840        1.1435736687356204        1.0997574245192108     
  0.89848013443559427       0.73551298136332266       0.73929039603986768       0.94490477027460151       0.90495255592268764       0.90658334675685226       0.76135161296497600       0.89330292343623874       0.93506951200498201       0.70589315307458389       0.92978177299060827       0.90100273061787561       0.92559911474148882     
   1.2250968090478367        1.0096872661165528        1.3699101989166738        1.1837551109317792        1.2000491877668928        1.0992710688651384        1.1162008741890432        1.0028382386875534        1.3694773745839588        1.1519634827515066        1.1298540802640917        1.0912284836846757        1.1804060153275160     
  0.91516181984929967       0.77386699024500016       0.77750840901517915       0.95478640072649223       0.92009092456220265       0.92167349259092823       0.77919192625035727       0.90983856142525699       0.94180044639640970       0.72373651822842944       0.94198876765346906       0.91866133196354616       0.93720853994675735     
   1.1636537463333845       0.99694888268284376       0.93264327218238430        1.2896206576478528        1.2185676195834505        1.1638212098305312        1.1463532495428830        1.0782165607401120        1.3398441929722320        1.2632731466247373        1.1911181948869696        1.0864207832773047       0.97752243105799363     
  0.93173257358483130       0.81711871878936215       0.81832764484015408       0.96468604478802877       0.93620965139585799       0.93682573169269767       0.80168277762110707       0.92637159017094439       0.95027837128863812       0.74573768160644716       0.95381893556137265       0.93516142745487840       0.94856988416483912     
   1.3377528036604114        1.0612222365986450        1.0588561873849061        1.6920714619005950        1.1937317452890510        1.1248482814282628        1.2656396383765867        1.2671442867196376        1.3172565120391140        1.0671630670413359        1.1646521306185602        1.0764867956138475       0.93789955832022753     
  0.94804612555319734       0.86094934556736469       0.86012600157102126       0.97408255604908500       0.95284204707993048       0.95150267965433688       0.82802915471250582       0.94410786346850650       0.95949372319876280       0.77280971973943346       0.96416892939560939       0.95215031820291329       0.96096962067578962     
   1.2515079346755424        1.1799469595498076        1.1317148905987657        1.1113851744772820        1.1597501204758338        1.0997595703155640        1.3456171651741897        1.0402516814362439        1.1781488343835278        1.3017177350176812        1.2913167454026213        1.0599024108539137        1.2142778547122830     
  0.96515830086131515       0.90577511312623438       0.90308288699411388       0.98305963997965906       0.96946329400747200       0.96629550248447837       0.85967046568312366       0.96210423475240336       0.96930052334461936       0.80649178131918675       0.97487355822287225       0.96959396826337629       0.97402213132540116     
   1.2420139705060120        1.0656367294509208        1.1817573031721009        1.1777841020354745        1.1234936388963301        1.2899703847514652        1.4405785700289206        1.1346904864791489        1.3498385162780357        1.0413333840507646        1.1661125764640470       0.95756746006758897        1.0678773708850640     
  0.98244006494646996       0.95289361723786103       0.95075064073940208       0.99171732843723981       0.98453415365734465       0.98330228937781139       0.91941796016905331       0.98112454427577112       0.98286075124382744       0.88427018437804905       0.98745997325760482       0.98466488173449318       0.98716274230153911     
   1.1303667496902616       0.96935884294207919        1.1831080646907177        1.3365918093991034        1.1202366991368216        1.1495197263497794        1.4627733548834703        1.1138323462248179        1.3400652036348404        1.4137192224860466        1.2599167320443017        1.0561649664638901        1.0930534627430164     
   1.0000000000000000        1.0000000000000000        1.0000000000000000        1.0000000000000000        1.0000000000000000        1.0000000000000000        1.0000000000000000        1.0000000000000000        1.0000000000000000        1.0000000000000000        1.0000000000000000        1.0000000000000000        1.0000000000000000     
   1.3676250744056075        1.1233121688944712        1.2650132637399110        1.1419341401470524        1.2509418534925942        1.1276206012278218        1.0615707906719731        1.3594108797524183        1.0297042900901041        1.0211581866398260        1.0292009065967533        1.0291066791432892        1.3291611686506946     
   17.200272745899607        9.7574910872714788        20.260967095565409        9.6820662327669762        17.852624556853915        7.7285457962535435        8.5588354814773790        11.720925706946916        15.371318861123417        6.2231569819208215        6.5165390163781014        8.0821244068615226        7.4764448540934936     
   5.5967477546664455        7.3872725117599911        6.3162286082582577        10.500058241891658       -3.9548648640616788E-003   9.7482146226287316        10.584061560064622        12.917951672429666        13.783124743653620        4.6245602309011407        3.5025489872873670        7.1343141107835688        7.4889422143368050     
   6.7480351568514108        9.7861905545901866        3.0590596635025227        3.3228209513833953        8.0087373931611321        8.8348944436394170        7.3739818525285452        9.5081765053471177        11.404948742129513        12.071624164101818        6.9880181618507127        8.8710455123984513        7.6496344346734935     
   9.0850245997345969        13.921655825030239        2.1091201609423122        8.8447217562119054        8.2234572786267943        10.380331914240521        9.0631593506127430        9.6037340119191192        9.7729667426130202        3.2369124754269785        7.1457220939112318        18.704279737948518        4.6812350101744657     
   10.525627632571481        4.7046547627572073       -1.0144465427391840        10.868630614119745        11.243778249720442        5.1780618185068956        6.9874006582541863        5.3807433090913115        7.0194783684541164        11.129330153651873        6.7545912468353153        3.9043411413842830        4.7756305068163449     
   7.7749909182788404        5.7438051481682590       -2.8208788682285397        9.5701150156708454        7.3363627252851380        6.3497046671237136        5.0392565153902238        11.927939598051998        8.7031333834424363        10.242788146176510        9.4711615045242681        3.9688074000509408        12.658537864124469     
   2.3770081730922348        6.6234981879208679       0.70041048353230018        11.936630843976666        6.1600809081465293        11.207504764702245        14.692023905682833        6.3314663910823032        9.3622448632207131        8.4021301829896178        16.139326873217083        7.5950092011339621        9.3881326680627453     
   8.6904207539978380       -1.8477293327104918       0.63881212603870074        9.0792904460023358        7.0635495418923604        11.311136128854070       -12.424917101527267        9.2117078480198877        12.818698684914903        9.7588530013011212        10.696958505532200        15.559854298548782        14.388852479257748     
  0.34861049798716059     
           1           1           1           1           1           1           1           1           1           1           1           1           1
  0.35090319158889866       0.10767833227965991        1.1898052144210304E-004   8.0162439401646743        9.4874699746101201E-003   1.1133716584416638E-005
   5.5269875507559163E-003   4.0387580155243014E-003   1.2004550547999979E-003  0.59240528839651474        1.1998577398144078E-003   1.2137393517338834E-006
   7.0815035111240557E-003   7.4515374650302286     
