   0.0000000000000000        0.0000000000000000        0.0000000000000000        0.0000000000000000        0.0000000000000000        0.0000000000000000        0.0000000000000000        0.0000000000000000        0.0000000000000000        0.0000000000000000        0.0000000000000000        0.0000000000000000        0.0000000000000000     
  0.20360014740316978       0.56810594806368142        1.3452618363452840E-002   1.5372310412352265E-002   4.7209384817207120E-003   1.5847445582145587E-002   1.0007772420799144E-002   1.4503552010817787E-002  0.39418498396229767        5.5125182639807528E-002   5.5597644490867543E-002   2.8470611455308419E-002   1.5791507897817612E-002
  0.85869700209312783       0.81411131931495095        1.1027962376078670        1.0166975303684360        1.0506044801554664       0.91385778947967311        1.0780023116658528       0.95900900471485784       0.78998927892001691       0.79127356562763151       0.90773628033826892       0.97675578656486550       0.84175781790462911     
  0.29769099438289465       0.67032780556940208        2.6978086710353968E-002   3.0340343628938875E-002   9.5673510747658289E-003   3.1956079835432798E-002   2.0241456393551877E-002   2.9239361075241433E-002  0.56472086923599796        8.9690054985896689E-002  0.10476037825575253        5.3493087112033266E-002   3.1632398457399596E-002
  0.77184063601150221       0.94658139585710899        1.1670389116236148       0.91571797519541520        1.1369777187842154       0.97180723200230323        1.0118802438107630       0.95020910523629565        1.3004105332927105       0.93810342689818049       0.91833447560458248        1.0927522285972777       0.92591364904995577     
  0.31391891552532125       0.70108619729766342        3.9414989998249390E-002   4.5272183636616725E-002   1.4437960324896346E-002   4.7543597908213713E-002   3.1832288812730855E-002   4.6004136714735216E-002  0.60103678283691886       0.10829935172709909       0.14673346151846980        7.1495075088994442E-002   4.8103197424431636E-002
   1.1515860784572580        1.0266808474198279       0.96867048421917268       0.87281396349962270        1.3483449030364554       0.85104527510076855       0.94375565010707352        1.0462589165040264       0.84637262178615125        1.2407865249941323       0.97941623158511693        1.0726833535338944        1.0522058117085944     
  0.32785848078534724       0.71253355604026292        5.1951794351283997E-002   6.0470338565679238E-002   1.9271230452130958E-002   6.3080350336282967E-002   4.3906749357637088E-002   6.2589205079420715E-002  0.62786142822195024       0.12251369813753382       0.17995526210898649        8.9351841629208922E-002   6.5105609255841690E-002
   1.1836859366519203       0.85949385774620224        1.1102177192444920        1.0889998782768273       0.89389236377662418       0.99749206686954306       0.85670177508183876        1.0678214030256523       0.94607913639142094       0.96580081972854526        1.0702892593862834        1.0707255235861981        1.1215771805938715     
  0.33610280779518309       0.72421348465362834        6.3781707715227565E-002   7.6809087613015803E-002   2.4486516237351867E-002   7.8072245696728437E-002   5.9415047070722496E-002   7.6528997151660116E-002  0.65249208993844898       0.13318704445058097       0.20103885805794908       0.10895357343429511        8.1439798842635053E-002
  0.80709453377720686       0.93021049134318601        1.0207548442866676       0.95231080882135466        1.2761316903901037        1.1010348145946494       0.95054667928646019       0.84773917559976875       0.90004618997825903       0.89168248456926180        1.0878453619829278        1.1189015667024071       0.96841584522987856     
  0.34548039762808719       0.73404665864352181        7.6059927519603776E-002   9.2769903975401233E-002   3.0012630392600027E-002   9.3231475614226317E-002   7.5330617732291175E-002   9.0791386381189582E-002  0.66946541410602567       0.14316217305454049       0.22194841635184712       0.12829743179988484        9.8480296350685906E-002
  0.98088521805135365       0.87269399293436767       0.88137678271484088       0.88859102642159460       0.97331074910963000       0.92970339148558179       0.82027017159392801       0.89139544386258374       0.88521562077032223        1.0441772081895786        1.0080801525231535        1.3313895385656509        1.0564612684499632     
  0.35669281659942836       0.74361987407821939        8.7360789741281725E-002  0.10806309134279755        3.5869920755208541E-002  0.10834941304316519        9.2025740211692714E-002  0.10722781299606243       0.68631269515158644       0.15217341378598567       0.24132549292691260       0.14518904508399066       0.11511497663950518     
   1.2248176823752521       0.85544099334414070       0.91005480492178292        1.0600988128788043        1.1076569706418855       0.93173904890427517       0.89140530078568980       0.99740445674505374       0.85416957549883754       0.89685845267272934       0.99670754296329078        1.2541659119131428       0.99543045811331599     
  0.36802530195908623       0.75186732207803819        9.9064812231556415E-002  0.12331237699064183        4.2070463827622591E-002  0.12290037887914605       0.10887260377306632       0.12345704548569354       0.70028423449961696       0.16072852209550684       0.26005252894610270       0.16181094936084228       0.13201337685921410     
  0.99048385566423480       0.91078208039245567       0.96511412620397041       0.93048703795701759        1.0467746383340140       0.95681275819971312        1.0863577382780276        1.0114015115409669        1.0028851904962466        1.0358539942894336        1.2598692593171159        1.1191942997750015       0.92629439482217169     
  0.37930404397853829       0.75959247881121306       0.11231846594717476       0.13825373005206301        4.8126493561230110E-002  0.13464899518862081       0.12704433508752563       0.13877342634879994       0.71388653088992515       0.16845171621488964       0.27116664169080312       0.17882201956515092       0.14714885685455689     
  0.93551400411313457       0.88924776792629745        1.0797148866075224       0.97499722787690868        1.0664187910936844       0.84457351249733181       0.95498984547664356       0.90475288150262456       0.94811816723337161        1.0876843722837359       0.87785762055266081        1.0354378839344740       0.93075749640634908     
  0.39046226512663484       0.76646174085629593       0.12526420872264046       0.15390781235299195        5.4081628988884953E-002  0.14747396837112553       0.14551813461808749       0.15403742506174714       0.72587994838596925       0.17610197795928115       0.28270244138983769       0.19607570430669521       0.16281640222889796     
   1.0052730835584300        1.0625199824127680       0.88640531380662668        1.0134019417827274        1.0521449451798350        1.0482854522679650        1.0140384759871477       0.98758550328631767       0.90968145143283541       0.92295913696910292       0.89391826468659974       0.96663855086371853       0.91586307285583202     
  0.40109394172222118       0.77301224715970751       0.13774642733026302       0.17002625541560845        6.0227951241132026E-002  0.16176556059418751       0.16447711891339026       0.16939304222580495       0.73733416476160174       0.18350017909967536       0.29475921686612649       0.21171053467652898       0.18061845122385498     
  0.90317498898728055       0.83059798558265308       0.89735567169633823        1.0619358420978413        1.0969721478034324       0.80612779753487074       0.95536572231437600        1.0881550036280343       0.92981186039112274        1.1896648896390545        1.1680632696523379       0.96670879326456427        1.0264410582088341     
  0.41155253694846566       0.77893796778984403       0.15043946906273692       0.18625310480468527        6.7490950943760661E-002  0.17589419907418558       0.18360845662542005       0.18530610846200049       0.74707677199277800       0.19062895125007293       0.30724852440204453       0.22687085776452606       0.19828212153049718     
   1.1137765117048752       0.86432723986938131        1.0059273345817277        1.0382786487953923       0.97167820314481379       0.83941638592677326       0.89984659573006998        1.0432382778568765       0.80582679356675646        1.0716779189875496        1.0875090725634244        1.0184449533431856       0.96220312786904427     
  0.42189802867056392       0.78487582893282104       0.16282461246764310       0.20168960662663626        7.4356459672449360E-002  0.19025033569188673       0.20194286414437704       0.19901600444721460       0.75639926916738587       0.19643084232480859       0.31826398586950178       0.24124185021897734       0.21424017994529998     
  0.84965251570686562        1.0262267627125412       0.93531765695573110        1.0605978313188382       0.97945236240027023       0.93836701142228895       0.96139519314604571       0.83568837585648137       0.86813292367597050       0.85940650113716988        1.0237448894187489        1.0745135339571474       0.92296939943153622     
  0.43263917916034589       0.79058460034569933       0.17498388408423149       0.21688391719302016        8.0709301704981251E-002  0.20463412622260052       0.21980788304058044       0.21313343775655441       0.76540874271634174       0.20250448780778874       0.32904713479756220       0.25625547706841295       0.23029350950704308     
   1.0795499346286894       0.93283624139015042       0.98132195244790232       0.85057865866726035       0.92722763315131540       0.84854704722958851       0.85388274309794110       0.92093973811287155        1.0606783958562520       0.99875532300051861        1.1379391027441945       0.94147603492345433        1.0425270468629040     
  0.44370971762950334       0.79579778134711554       0.18708089818770893       0.23224753528000558        8.7096855976937823E-002  0.21940865580725549       0.23938776245780816       0.22743432128253138       0.77397279379241468       0.20977516344219749       0.34088702995541575       0.27167281302550966       0.24579892536140452     
  0.97022857220261061       0.90156672744356170       0.90630968111828569        1.0673164113535796       0.80604003780108702       0.86158607618915672       0.92157519385190523        1.0163236320679012       0.95377408116319651        1.0219999794079551       0.94788470811172831       0.91153287643212377       0.90664464071561435     
  0.45499098488474171       0.80076735572594404       0.19901738291372773       0.24805014535503128        9.4851474809820494E-002  0.23453185320030723       0.26002810059218068       0.24198795916703505       0.78185800135574690       0.21707008690068094       0.35290528032862628       0.28752434486799711       0.26158600845871971     
  0.93328718191487370       0.83025146416175133        1.0851568933190046       0.90644578994030112       0.90671303587339014        1.0422313591436752        1.0188739399081870        1.0615530280837968       0.92825355512002528        1.0020272346608887        1.0048698367498445       0.90335357871263833       0.87319039400084086     
  0.46663657126520808       0.80565315601709486       0.21086458806308742       0.26572726024327420       0.10247722729983001       0.24991190661165497       0.27938118418616864       0.25700610472879137       0.78936954053224795       0.22399026027387231       0.36506760368165703       0.30289810309064030       0.27690010100826340     
  0.97724323334044971       0.94843026760085591        1.1948992295816265        1.0675779801443150        1.0128545568217895       0.91397438157083832        1.0161604755020426        1.0420860640399516       0.90229087027556920        1.0466784945770606        1.0069490940371679       0.90594447452890126       0.95128066558662316     
  0.47768742769006090       0.81045608430971439       0.22295381811480788       0.28286782678384875       0.11135277163889731       0.26527423251957200       0.29837616223423297       0.27260431348758302       0.79658077992770104       0.23093668060287853       0.37710368494903940       0.31828274888026681       0.29237495629468913     
  0.89139137744371588       0.91652742933846332       0.96341691980981425       0.96342340525663017        1.0209200523550499       0.97453514705858890       0.95629214992959910       0.95302497672115327       0.83063390382280955        1.0848688416985166       0.99892391255939139        1.0278300086059957        1.0067415242823516     
  0.48812891173176953       0.81518040548731441       0.23518790752184635       0.29775016503006257       0.12014712952698609       0.28052570582889963       0.31775673889099498       0.28935106411688760       0.80342916664688557       0.23737027197427876       0.38847232709128826       0.33274919019631266       0.30823164112961349     
  0.87231847807183582       0.94646301216910467       0.94396078854694709       0.93236790997364904        1.0389428607415885        1.0230223616332901       0.92296101063355207       0.95613997677426299       0.87269595026245750       0.90075268093877747       0.86198430404893522       0.88815511215283027       0.92674844028000325     
  0.49851130040756070       0.81976959888274703       0.24737326392682732       0.31299322562645243       0.12991805796544134       0.29575467150578033       0.33687586601034675       0.30570955662511418       0.80952653169023658       0.24367979959224612       0.39981916586353289       0.34785777941488449       0.32370680511594069     
  0.92278644295643752       0.90479572741709557        1.0940385548847427        1.1003980526117036       0.96182271443118883       0.91017845371830730       0.98139543978787147        1.1310068156617779       0.88095060810697068        1.1300005248962022       0.97175108454858827       0.95444696758031133       0.98259050606332965     
  0.50890424589696659       0.82449348259852051       0.25938089988296875       0.32879536638629275       0.14017704880094367       0.31065038404923512       0.35707324904260795       0.32184023533440276       0.81561854962992486       0.24953721002715795       0.41169390957138402       0.36423432742797790       0.33920843852465599     
   1.0616382563130669        1.0442613518425197        1.0777415189573316       0.94053947242331937        1.0283068028713374       0.85391937375443916       0.93950533489280308       0.92374694188351270       0.94764651318245963        1.0647890212101252        1.0347634241676529       0.89419790510387742       0.98904363219634950     
  0.51977650412303467       0.82929822648710783       0.27182729161858249       0.34411603970488575       0.15013051839353647       0.32606158634968874       0.37768111771809498       0.33754831550627235       0.82177705585005212       0.25532164498839249       0.42367025330617769       0.38028243665934003       0.35391999990060263     
  0.97683608741165961       0.87030404888053481       0.82317322638048385       0.95697088129238761       0.96389143953260215       0.95515979014038288       0.86155364689370051       0.89632965973970713        1.0092663623383440       0.95035623422768700        1.0226087643526074       0.84882202821452668       0.92459581216892994     
  0.53094385229719065       0.83388772688339996       0.28271948668148206       0.36112465313518388       0.15982519557804203       0.34305501158802520       0.39890628546788104       0.35214760437499493       0.82781169896671869       0.26116571744839889       0.43533905183026583       0.39624951624090526       0.36782200820962030     
   1.0906656631965526       0.98406166531109618       0.89173839082399264        1.0025303328706499       0.97249283621417892        1.0249166285152393        1.0507147090079136       0.92631067142621071       0.93043987228691305       0.95043916876143908       0.93727899841070794       0.91331698661172933       0.95604532588702484     
  0.54182310628247943       0.83835614627089572       0.29348344622798650       0.37837537879845023       0.17025140154794738       0.35934578808608952       0.41948595926072857       0.36733710308726225       0.83343501921063701       0.26706294816564663       0.44686054516975232       0.41199270912928476       0.38173908029145459     
  0.87801704536048408        1.0300963100067815       0.93583838585993673        1.0649678393826434        1.0890025914996952       0.93056457328350317       0.95888308159459634       0.86981315516208013       0.84352769658063320       0.94003660876156836       0.91782054472438113        1.0797050203937113       0.88079805853534676     
  0.55254413437823724       0.84280767932923673       0.30644068881987718       0.39461285197473017       0.18103938062682445       0.37308637625544910       0.43996960173453326       0.38297811796696918       0.83906074126223829       0.27337292682729653       0.45882197277485509       0.42684083339458589       0.39543061411503461     
  0.92604090227064773       0.90404419808685843       0.97003070203305708       0.94168020903979888       0.98303388791431234       0.92684863255224814       0.98544883026589880       0.99864709967735943       0.83744447067608974       0.98028111800817463       0.93461709462487763        1.1808641843824836        1.1379155224987909     
  0.56390266320097049       0.84715807273242660       0.31945611956697401       0.41135589991114563       0.19297759575616935       0.38753311841351007       0.46044312199547666       0.39931088305952522       0.84454300722083420       0.27983585761149499       0.47094057971330122       0.44133013118693282       0.40941999388414807     
  0.98611673913688114       0.90875453997554934        1.1685684402713876       0.90772657257035638       0.84668560179508134       0.91611012813579062        1.0814416163036213        1.0164739519348251       0.91168894694992664       0.96830606238549888       0.84991949471935235       0.94712812847508265       0.99242987164766383     
  0.57510125138484558       0.85136718589348348       0.33431344745274166       0.42677197367249115       0.20509026369318853       0.40355499573789844       0.48124590228198799       0.41709946442246909       0.84995196813765750       0.28629802925752584       0.48339541028149063       0.45630327940093601       0.42326852228176520     
   1.1695053174533669        1.0297631162917680        1.1568288446186650       0.79823076792957548       0.99443946768231750        1.0136574545603072        1.0328347674844525        1.1765935316114238        1.0384464052241706        1.0093562195426113       0.97433601548244764       0.93402332257703458       0.90655760504121485     
  0.58662697650551632       0.85539291115214722       0.34941199692062369       0.44215998211329005       0.21733671516752903       0.41993230582329499       0.50225406834348096       0.43429263532744999       0.85517987303456777       0.29285082829923503       0.49588587455041494       0.47190149336645210       0.43684876842802578     
   1.0650154210643770       0.98188827463708062        1.1984049492342221       0.99113541234347491        1.0410915259895470       0.99203959034715994        1.0318021422099657        1.0665526444195388       0.94541582347621689       0.87096759150634495       0.97581892076258403       0.84983845320739071        1.0612656616668994     
  0.59838476321929535       0.85944135371670471       0.36307425733331278       0.45870256350762539       0.22978914272302442       0.43594894513761739       0.52165817266941716       0.45107618190824555       0.86031990799397584       0.29924431883851277       0.50946649465197613       0.48747490048371467       0.45053070028725078     
   1.0054149983878979        1.0346504734727533       0.84507086131751419        1.0711792839899323        1.0105759296330319        1.0070737158490639        1.0594312940859019       0.90513612523868248        1.0073408459778717       0.98889874533811428        1.2398475077299309       0.94525834062461445        1.0968786128270906     
  0.61021288958438857       0.86357316182007815       0.37649101059331941       0.47525193097197893       0.24234217711882364       0.45171378979798082       0.54077100498849184       0.46766703787374841       0.86531082595517350       0.30551324899159127       0.52311609069387521       0.50268195528819704       0.46444036651799775     
   1.0456297016135254        1.0595505888492114       0.95644122911388063       0.97197698297615376       0.91947287682160450       0.90135952525106255       0.83740713609385842        1.0192957290354430        1.0026035114103113       0.97521353495850571        1.0525451000004111        1.0775963448652710       0.91867015114717554     
  0.62184624944977485       0.86781738720564727       0.38935151448928196       0.49064397503306689       0.25528863916263078       0.46733671456994264       0.56030198748111304       0.48393442481904758       0.87028047986570134       0.31195114786588640       0.53726623626878678       0.51695073107938228       0.47828365181418830     
   1.0492870288390761       0.99250990665446504       0.93181996803720979        1.0251141187754931       0.84276098958016377       0.98553987467281634       0.85223242344471151        1.0772575822622150        1.0012992018853459       0.82935409907342095       0.82316784890438366       0.85661698246167550        1.0573320557913743     
  0.63337909094824507       0.87187881678641022       0.40220001793229965       0.50584306761444353       0.26879052622292915       0.48325734257339747       0.57967794129438543       0.50088274654325660       0.87489718109481474       0.31822290210856441       0.55170194565891795       0.53108617906029965       0.49131908218095449     
  0.95708477960734040       0.92653766599887200        1.0663231609185753       0.95689700187089488       0.91595311810429803       0.92180241971001586       0.95051649900398427       0.98835813668506156        1.0317534641663717       0.90611880655254062       0.94565286517826475       0.98446146572450854       0.94866989827959192     
  0.64567057293668928       0.87597397193949578       0.41623498412811943       0.52137923287127630       0.28229274997856280       0.49995124033577043       0.59787334719654062       0.51901902417528767       0.87962451847929379       0.32463421236598772       0.56503095816675064       0.54512865301290803       0.50392744395901834     
   1.0177996286993356        1.0114946973781469       0.92152973672504079       0.98523283677720486        1.0116837191519272       0.93897873979837898        1.0404136686942558        1.0649684204805756       0.97054733228291312        1.0619974114289488       0.88397598493548202       0.95194462007336200       0.92547203306763470     
  0.65824119367029632       0.88007989225007621       0.43036540596076162       0.53717702710690707       0.29639351068151759       0.51723732551593038       0.61650036649177709       0.53700123086610341       0.88412805042384190       0.33107544557788682       0.57819141887265391       0.55943611121799774       0.51805002397118549     
   1.0165467100072876       0.91857565382578366        1.0287956964956810       0.90680408342186603       0.94814839634613457        1.0953774958094149        1.0336376188714467        1.0655906513597588       0.87963384928600852        1.0212529832979023       0.83830103024361369       0.95606841584024582        1.1566250617038289     
  0.67123166620408603       0.88422634856332305       0.44490124711873202       0.55420958988134994       0.31048518434224204       0.53354175685124916       0.63420519567059386       0.55465401626561928       0.88857289927508998       0.33774460842893600       0.59101074037933177       0.57369143457029348       0.53274091894643971     
  0.97107835648199980        1.0248084763651750        1.0070817392916886        1.0742041199876902        1.0145792231629016       0.91211229046797904       0.87975785000977036       0.93636282931687775        1.0821805018548136        1.0055408925904004       0.92981269630233876       0.91922054234654738        1.1567794162498872     
  0.68397042399767549       0.88824416791845018       0.45962105839377726       0.57079312563180495       0.32611821147362763       0.55000187054403904       0.65231764082166721       0.57118283438343165       0.89259694659863364       0.34466618880717942       0.60352247319698682       0.58800816160217029       0.54764175832964179     
  0.91432946018126626        1.0446802932564978       0.98978634931741194       0.99793653509943947        1.0181003184342818        1.1049948810372723       0.97722358528987985       0.93505136309632431       0.96803866393196414       0.87435260131607406       0.95214396144622815       0.97182550032342874        1.1291334806337536     
  0.69498057075278896       0.89220228775551025       0.47486908739897687       0.58791206082660730       0.34262744677170143       0.56559203954274395       0.66905056437626587       0.58653786857525847       0.89656299331414790       0.35185513971752491       0.61795196932970198       0.60159980210191399       0.56281400547130833     
  0.99456971935431138       0.90933319121060718        1.0055580627369125        1.0066305431761020        1.0286394713959703       0.86743653731835202       0.98533953768759619       0.99589251594412276       0.82208383869114943       0.94948075848074154       0.92286759323549827        1.0612146561284417       0.88768262118174768     
  0.70610097723677068       0.89598682195149759       0.49013532817507260       0.60515276320027012       0.36014818286066530       0.58117475183164591       0.68617743570159750       0.60206659421743391       0.90040262077333566       0.35982438330577843       0.63266075802281307       0.61503709991525846       0.57795562194638461     
  0.89931103884900987       0.97379827825186083       0.99620558565522144        1.0320102063994023       0.87187089488022407        1.0526382802904821       0.87950218224443888       0.94100806250494440       0.94079762867060868        1.0567445927250538        1.0144536972802660       0.96639101314247711        1.0623942754481881     
  0.71623154473270578       0.89968645552051663       0.50593797224251036       0.62319392685820485       0.37795292849555923       0.59796656058334596       0.70178185294213646       0.61783553177576511       0.90420046221731376       0.36774024706356800       0.64724888505556022       0.62739031620723695       0.59290237987799854     
  0.91682606112334142        1.0258515942385602        1.0188319934904595        1.1138208310431799       0.97808646130054133        1.0336587162089257       0.89855261754542948       0.93025796474937028       0.89424641112773140        1.0293527510662908        1.0018958707854222        1.0566690858966288       0.91549808639337715     
  0.72654677542896662       0.90333209288592986       0.52198809446152883       0.64059059787408212       0.39661495948000042       0.61411643029231033       0.71756543496723735       0.63456931947822315       0.90795760951352944       0.37574448501070518       0.66192275591987693       0.63968334477944933       0.60777951987227308     
  0.87615848529710527       0.91381486902217446       0.84881064302446663        1.0968650164445242       0.91033351633701276        1.0041767412066804        1.0301556254061959       0.95855218385233565       0.85076989783645929       0.91380358786223304       0.95392518919968639       0.98828076406139986       0.96944198940974635     
  0.73701031510885606       0.90694171715893557       0.53780380761670443       0.65547271656809092       0.41558367759123666       0.62862944719235136       0.73173926760969010       0.64886147966331520       0.91168251466847616       0.38392127930973152       0.67415089395607497       0.65232953419463535       0.62247443351288334     
   1.0112893968014034       0.92070352781786069       0.97650817591316841       0.94846970338261660       0.90715226786527503        1.0629776402688411        1.0651947167405000       0.95417349068268098       0.93040431901717902       0.94664765335647350       0.83316220692658438       0.94049554738744290        1.0265906604366617     
  0.74763104205599329       0.91059285087650577       0.55339817602033070       0.67001218568359766       0.43569460937250026       0.64320793387462183       0.74587996088504949       0.66339249697970482       0.91527594854037742       0.39259235577056134       0.68670056982882366       0.66533804998157131       0.63844233736927247     
  0.92635477868308769        1.0732117289527563       0.97651555461884287       0.86081647803739503       0.96519475624960727       0.92117960342580441        1.0830632394414355       0.91127215420516638       0.96969016106375894       0.94324637852420634       0.85117295207740284       0.94830705450472130       0.87266399001545059     
  0.75823494816404957       0.91423408912045379       0.56913070314711178       0.68503919578079386       0.45688727159627712       0.65957879987265189       0.75953551069583181       0.67689115708482850       0.91876558619487048       0.40136042560109547       0.70142269261970092       0.67828000089009388       0.65547551165476681     
   1.0025520585032528       0.98521177468777765       0.92672920774677681       0.97690745475317564       0.93142016183950760        1.0271753206081409        1.0131523337929591       0.83604786535638675        1.1138906243226716        1.1085340312504377       0.82747601221855815       0.92524813135163209        1.1370783298988860     
  0.76859548224042851       0.91789158547659011       0.58606518253386153       0.69983849578713475       0.47791335222222475       0.67679828599262137       0.77333964940274003       0.69031205286627373       0.92243261713214153       0.41004491541353733       0.71605368626582822       0.69116741457493569       0.67241230361186899     
  0.88097645488268495       0.91584419570373243        1.0518561355068929       0.85166294395135067       0.88594911968621382        1.0055338327718017       0.95506221180225304       0.78878122509222037       0.95576825821254341       0.98349413760447557       0.93557236061261151       0.88062198939553138        1.0647894339459036     
  0.77953649174385642       0.92182090550205387       0.60322024205727898       0.71201802420182148       0.49887285441220985       0.69410732435741251       0.78670299831959056       0.70382584459770647       0.92622358903222135       0.41866490238705112       0.73129832926241400       0.70532438720164947       0.68953821017010886     
  0.99220929759520848       0.99567944437795231       0.93675477531948248        1.0063956051740586       0.84302814268935311        1.1175128139332438       0.87114716541498727       0.82889009412487913        1.0716900059742329        1.0165700169955987        1.0484537430988119       0.99992375917634868       0.83345125553470278     
  0.79051821058141114       0.92572450743054580       0.61958882358624912       0.72417950598802960       0.52111289840909203       0.71072807407603344       0.79998971515070616       0.71778763663063239       0.92980318515560278       0.42703052754550269       0.74606147765056485       0.72065792014892360       0.70670171893818001     
  0.88170322044951710        1.0103350282747596        1.0298503644896384       0.87566577397505774       0.86864346577765295        1.0832847678695903       0.87556161758661977       0.86340503896827525        1.0217901253062500       0.99924042620188902       0.91132634880592678        1.1199664238906077       0.91489734184137006     
  0.80178670603517233       0.92935400769305554       0.63559722118369344       0.73631925321684821       0.54431436177667147       0.72690249471978163       0.81350387697821924       0.73379211111401621       0.93313641137307379       0.43596016539842364       0.76137984917335710       0.73685681330595021       0.72377995176962540     
   1.0090642501661344       0.97930527198717832       0.96695223789066487       0.92782409379022557       0.88106169348880203       0.98522921578008238       0.96927744069676280        1.1325372310336232       0.97492592547264412       0.88601431820141507       0.87394763333212733       0.92924383242628250       0.94938162080525479     
  0.81267781745138168       0.93296078104874935       0.65059408633656546       0.74889024904983570       0.56797865435889305       0.74338739105478790       0.82668575352548379       0.74975891669740780       0.93649363454057066       0.44649784604200476       0.77730744696864729       0.75323642815833669       0.74051605119892006     
  0.95394706700207732        1.0121489814737272       0.90936362248029712       0.79931546352540206       0.91186002295705748       0.97632653344104647       0.84876981563720266       0.90700233063775859       0.93434601481499036       0.88626079522562928        1.0423789134788177       0.99842803506563660       0.92159256921960919     
  0.82333433503795916       0.93649576506260046       0.66630912934028230       0.76141208090195722       0.59232091319237312       0.75858128003528336       0.83868685291047917       0.76545326182753448       0.93989833313968174       0.45693436309660257       0.79517249330364315       0.76977235037426606       0.75681872718907306     
  0.88817870720400527       0.89000805908435821       0.95528206171524210       0.88250414954752521       0.85179604194542591       0.89711187619632682       0.98130277821144374       0.86825268671847544        1.0204893036968024       0.94829576621177214       0.93930886364870647       0.88646221951235582       0.90939732082563518     
  0.83417135349138116       0.93990084963840448       0.68234528612953138       0.77433612647198680       0.61531454981325584       0.77363011445330365       0.85055970479778809       0.78076003628091650       0.94328833966294767       0.46739783380616062       0.81303368410299715       0.78595995841206590       0.77348243433700681     
  0.85476994403174289       0.98302221110218790       0.94636026830840136       0.81377501551703602        1.0972903123919144       0.95869901520173828        1.0291399659218918        1.0696595390833710        1.0344010290838417        1.0378313543447386        1.0757671411339089       0.86718479543850513        1.0537394169623946     
  0.84445439192999494       0.94390501780104097       0.69872997403416415       0.78904070225425949       0.63886823972179529       0.78850859220497571       0.86252606301896628       0.79568036339202275       0.94663317160333227       0.47815216117231002       0.82979340669800072       0.80287197544485733       0.79090847886101023     
  0.85336393786433884       0.91622267621654263       0.93162187310158717       0.97893343316836490       0.88660789264726136       0.87791743722050919       0.90619080000416385        1.0609006513700481       0.99323056365273832       0.82535828016517809       0.99821558669186317       0.90957080907753041       0.87892893108194903     
  0.85505711468095902       0.94790495927407259       0.71624464098974283       0.80369013413731805       0.66392739614305907       0.80337887426769106       0.87459353113473681       0.81051835030027619       0.95000110512308689       0.48985938579311267       0.84617967734805832       0.82023227158571932       0.80868913285207988     
  0.90256510686706870        1.1786695614410945       0.99264570236577609       0.89259061283694863       0.87011673049042171       0.99814425531269502       0.87652740115311212       0.98296995843081059        1.1250006667703143        1.0181238996441675       0.95652755580028126       0.90547321155509830        1.0257407976699908     
  0.86577513588376465       0.95187782338454863       0.73413723980830992       0.82046296398213381       0.68956334705767830       0.81835818623040135       0.88589251286010140       0.82500401743066309       0.95319986822105829       0.50250467710174362       0.86043808740990135       0.83650843869893299       0.82599559342620887     
   1.0684612232097892       0.98887266270072738       0.97172050784384778       0.84246756378701904       0.90529219339987876       0.90679753912032091       0.87872323374799455        1.1518302423954898        1.0331980038254185       0.89098803900090839       0.98701050458309969       0.96064611704379643       0.99275614366746645     
  0.87689356392621731       0.95565839676014974       0.75272509648790376       0.83711782272100677       0.71580126094150054       0.83350550680618829       0.89661862420092275       0.83895097330159141       0.95640446964312709       0.51695111906083013       0.87477941992772623       0.85271516035237505       0.84280097651817376     
  0.91511402162744260        1.0518749152173386       0.91196984483260612        1.0984596808981975       0.99607135458233853       0.96492807238049794       0.96228673964722922       0.93067689212901694        1.1271479035769665        1.0428635803521620       0.93158342089944035       0.99134163006951803       0.88150050579444261     
  0.88885397505638819       0.95908960435372714       0.77172963702517916       0.85283497536222330       0.74230493694629607       0.84877758507871859       0.90659026717173918       0.85250474749359850       0.95957991569764522       0.53221838055493653       0.88958820083559209       0.86768789699023829       0.85968138438972541     
   1.0413016062544214       0.97013151823648214       0.80746333204049869        1.0349794539198733       0.95883776490465811        1.0252855842113584        1.0366903862186516        1.1114718990401047       0.93427688051585178       0.91701651424965369        1.0374717824639639       0.94958349026551792       0.98208383054429926     
  0.90067127804845271       0.96248552804897924       0.79159728472060120       0.86847671582640562       0.76917217764762014       0.86357187287153048       0.91676662650169705       0.86653270411145233       0.96286308261088194       0.54844382887994780       0.90425453037528836       0.88246867775711801       0.87640071194307978     
   1.0623431161979360        1.1769773543692246       0.97960195519320059        1.0295489053016680       0.99517296996893601        1.0206093187110019       0.89650418308367508       0.90523001636558953        1.3270396305940009        1.1017539461752566       0.96889369725147367       0.99942742361239745       0.96797744031540556     
  0.91283309364317122       0.96617694974896606       0.81229033670406936       0.88328323627647520       0.79734338050702869       0.88010249312929900       0.92761242874703087       0.88131028776959586       0.96643191679746854       0.56568364272044791       0.91669748163839837       0.89699750432233583       0.89220136027854069     
  0.92179963472147053        1.0478819372769526        1.0058593665895745       0.99226040509028079        1.0221394576669627       0.92840449704182715        1.1894450948068389       0.92628714985239347       0.99705530031939793       0.98185294355753405       0.81550875202440498       0.88389264818912117       0.93730172384223043     
  0.92505868605517227       0.97002423822850425       0.83409364911297945       0.89832322768648720       0.82611369700709769       0.89653965089382215       0.93859175859351562       0.89634101305450820       0.97010041538922742       0.58440213673000529       0.92929349743532608       0.91117866175305195       0.90825744949301079     
   1.0655001485668101        1.0395797348088767       0.84109862513080547       0.92609976364392921       0.92743537280695620        1.1623513259992846        1.0038562252612877       0.99951216170661272        1.0176404279367526       0.89325876415862882       0.98359393587650890       0.99194121491518195        1.1109127283374343     
  0.93786230404382120       0.97435985335708664       0.85865312538889149       0.91448192839212084       0.85590991916226067       0.91455852065061594       0.95013810611954275       0.91364775451727132       0.97402889957025907       0.60589641469110422       0.94141201779627726       0.92559338430099602       0.92353546609952875     
  0.97693523682743288        1.0692993152038710       0.87259610713747582       0.87071917932052212       0.99977575930505058        1.0512933370595678        1.0698598378647211        1.1316616941279152        1.2392529241311525       0.93275210782609141       0.98163701759569699       0.82379162044125365       0.86316702887789032     
  0.95054860674348951       0.97862702657959344       0.88346273169643930       0.93071115773838253       0.88561216814359867       0.93227587146414193       0.96153683248433020       0.93081132057037497       0.97796806685864712       0.63014147453184877       0.95346503431890806       0.93996618182671665       0.93907692622133265     
  0.95104210921865873        1.1803317046334354       0.93181605798202050       0.89554242673933082        1.0123187409607732        1.2461317527958065        1.1392982784820676       0.86546115097324650        1.1232272886206993       0.89699951490108831       0.96463628017297853       0.90674513011457480        1.0402849495489315     
  0.96342468272627224       0.98305679771752585       0.91027845114240424       0.94794148199835693       0.91560013719323796       0.94992259982702187       0.97208174268828429       0.94808190409441928       0.98321298533912849       0.66944766050160631       0.96413669577006689       0.95581514838910797       0.95540673769970053     
   1.0071465337754337       0.94883803974517378       0.93634118622694840       0.91770296850890953        1.0257368953215442        1.0843064870876153        1.0717501121774244       0.88990701810001194        1.3310835032523780        1.1073663604663215       0.92102746614732289       0.96753221075325413       0.99023584881003834     
  0.97641762760183159       0.98764931944939904       0.93756457139858729       0.96568022663071695       0.94575098643825461       0.96778918063957375       0.98269765364969364       0.96500781521747103       0.98867538242739239       0.72444196143870043       0.97518022426519957       0.97198378396043694       0.97214359628746227     
  0.92312816548902010        1.0461064036921970       0.96809343365451128        1.1655129457256403       0.89744890204442662        1.0423576748184171        1.2144675626504053       0.89080226412814734        1.2624323708780558       0.97493226833024660        1.0324627826232535        1.0313736519972181       0.94095832950206293     
  0.98825766640538737       0.99316722994040862       0.96834421028736894       0.98278911544026881       0.97310743789351684       0.98369471199057168       0.99127239989210425       0.98266759320470409       0.99402391952893576       0.83769915839397446       0.98748622827187993       0.98601198021680847       0.98617161281542942     
  0.91438241357365968        1.2283302101534843       0.90384435709262967        1.0796991912732297       0.92155963315901768        1.0751992762491676        1.0468680247908480        1.0634874692523635       0.98872721442285672       0.97020337205824958        1.1014093980237809       0.89641489424907095       0.98784071916337601     
   1.0000000000000000        1.0000000000000000        1.0000000000000000        1.0000000000000000        1.0000000000000000        1.0000000000000000        1.0000000000000000        1.0000000000000000        1.0000000000000000        1.0000000000000000        1.0000000000000000        1.0000000000000000        1.0000000000000000     
   1.3686444265151831        1.0620484462390121       0.87158064254134160        1.2953433498370366       0.93954821260301180       0.95872298359375563        1.0827885868528391        1.0750078040520419       0.87335489259535726       0.77184063601150221        1.1296724735398145       0.84269935013043340       0.81905182313772595     
   5.8734583942922969        3.5951956999405250        6.7062174306530586        10.402832906524250        16.432185057526759       -29.018914167812891       -35.204877626518069        5.3115232904688430        5.0938181887757086       -1.0611959811760843       -2.2647130583496371        6.2532509122312865        6.4760518223298771     
   4.1359790758195851        6.9348320440850317        8.1495292092015017        5.9185754486604933        7.8459833004586859        11.764117570707340       0.91310682881476779        9.5754080980219758        8.5933165321256233        7.4096046077572755        4.0836505005714239        10.591201885636831        8.1795320968806351     
   9.5230943735520839       0.79194072241458990        10.354167937384462        5.0492920002855382        8.2130259453622951        3.7364962501194969        6.9735870081444578        4.6158523634140280        16.856824654408019        4.9552897329216190        5.7545167255715253        5.5728684356592941        5.1437747745480484     
   5.0023762813899575        9.9803954030098385        7.9920211693423520        7.7434166466731229        4.6822025468592070       0.78981992375167231        6.7543008775759681        5.5942135352955482        9.3948940289677196        11.084766640513282        8.0725395208656412        2.4289437709482580        13.149333109793055     
  -6.9968830151138599        6.3370070867524113        6.3916087750311910        5.0784779205751516       -4.4534803693992320        9.2856567025907175        3.8484835968101367        10.674745574346995        4.4037357800129087      -0.66220502363946387        5.6109052879790928        9.3647497121388490        7.1884923851729763     
   7.2905813176673169        9.7798092592356056        7.6599414944580353       -11.386343807664074        1.6147825627614407        5.5427031327033252        8.8927407134373357      -0.49633338806478672        8.2094531828147979        8.8076788809010971        6.2774542755257823       -1.4714924564919312        7.1435403218470146     
   5.8707057256227273        5.1862866002027896        6.6210948551561222        7.6755709697498382       -2.4552189013725925        6.3655695427757264        14.654491505133384        9.5491938209133274        6.3138935961258760        12.824144875019988        4.6465615035046888        8.9147896918304284       -2.1717420744388156     
   8.2008561223843817        5.6035013688200701       -28.207311945247596        6.2909456570725348       -33.509193834069855        8.7278706401664898        16.644987841761452        2.6984557175841268        3.5934219852179261       -1.6523373197888196        7.0481397897036873        7.4066672939142713       -1.4269368780846443     
   5.4975721007665006E-002
           1           1           1           1           1           1           1           1           1           1           1           1           1
   3.3667370716033589E-002   1.8067129518073433E-002   2.1270075067113852E-004   5.4598473580601681        1.2619472613440205E-003   3.8007705706857827E-006
   3.2041938276714129E-004   2.3921670273885159E-004   1.0593233863577291E-004  0.57456240501819411        1.0582326945127576E-004   2.3974925174784364E-007
   1.8940125102560983E-002   5.2672095995630803     
