   0.0000000000000000        0.0000000000000000        0.0000000000000000        0.0000000000000000        0.0000000000000000        0.0000000000000000        0.0000000000000000        0.0000000000000000        0.0000000000000000        0.0000000000000000        0.0000000000000000        0.0000000000000000        0.0000000000000000     
  0.10912858657660439       0.12380339101338035        7.7393057259819206E-003   1.2789058692373682E-002   1.8065598397620907E-002   1.5409648545318464E-002   1.1712867142470183E-002   1.4665948486639314E-002  0.44921318924918641        5.1512845566880135E-002   5.2937084391574213E-002   2.5269417160838609E-002   1.3004596924396121E-002
  0.41390981832680490       0.43217767718845018       0.46300467833932629       0.50604225256993229       0.59136329523054032       0.52093995758864209       0.56071777683084001       0.48671805794856132       0.41390981832680490       0.42318790718351579       0.55993805593062507       0.59023027105447812       0.42421071634898760     
  0.19701233638663140       0.21839384296952194        1.5494502171650000E-002   2.5392294627577711E-002   3.6194380002337170E-002   3.0131608595698946E-002   2.3850782230311160E-002   2.8677363110059542E-002  0.75618651360366462        8.7295575046302878E-002  0.10590177134124956        5.0415995576430235E-002   2.6481003889554534E-002
  0.52645976048508636       0.58139605341749678       0.50016013481080512       0.44940218130040915       0.57347896562353773       0.52987317716549409       0.53076753194524684       0.50525312151376600       0.60114237376482182       0.51653692017800656       0.51330712076476481       0.68528171121610326       0.48186109820700307     
  0.24152807285098887       0.26935109380916311        2.3304946683574117E-002   3.7998654186516136E-002   5.4298098156192104E-002   4.5479126039221898E-002   3.7370895635311305E-002   4.2051363787546314E-002  0.78462096460250019       0.10279443734791821       0.14010403346430625        6.8220800173672255E-002   4.1086024495531864E-002
  0.53520857395065391       0.51167896653113532       0.52433763815572776       0.50115185439935539       0.55862343223284294       0.49014848422308144       0.57042648334701829       0.45744915759964416       0.48303565397520665       0.45841420862503168       0.47856424844915280       0.51260518894470153       0.50733904815846653     
  0.27840860560715480       0.31117454799421651        3.1783273645797756E-002   5.1158249477399720E-002   7.1688185678609379E-002   6.0811548084990230E-002   5.2095869231957234E-002   5.5581772222109166E-002  0.80685091118764596       0.11785374848432906       0.17130085059674971        8.6392965012781084E-002   5.6339378966788742E-002
  0.58441792418822658       0.49491891219439305       0.49817022077791734       0.43344146346253498       0.49926686385052133       0.48967376239513632       0.54979868558460843       0.45631408724831085       0.46709628001306680       0.50985318507181687       0.73753161851767723       0.55406742691046718       0.54854263476116205     
  0.30243509651345202       0.34332761200315431        3.9938806762424416E-002   6.4880283629457955E-002   8.9228994414838197E-002   7.7201740821176992E-002   6.8510871921863878E-002   6.9908510050518707E-002  0.82485603611037162       0.12745895588492967       0.19379008360471814       0.10296647296020529        7.2481303274576345E-002
  0.49913064730313200       0.48252853888746150       0.51517227648568642       0.50560141930926961       0.52725755132661434       0.49007949698950692       0.48455777899263314       0.47497318086582424       0.51006294770229232       0.51834378122088909       0.54164108444319825       0.59290412209364418       0.56737573038985234     
  0.32414719139438808       0.36797733690740508        4.8177103438348703E-002   7.9173391927559150E-002  0.10751890685768710        9.3384538196756045E-002   8.5708720083513268E-002   8.4391655493300063E-002  0.83723343302535547       0.13803521691839463       0.21374371021664193       0.11951604757425384        8.8111895910399030E-002
  0.46484792794798818       0.53467428689757601       0.45089773112625164       0.45335511882995161       0.65537541705073565       0.51791092700552266       0.46697169894429547       0.47081273586440697       0.54291973392040827       0.52443052454103023       0.61631990336271913       0.57050603027879787       0.62176293427902551     
  0.34360101045099295       0.38765807963268778        5.7197115033907155E-002   9.3624790983929285E-002  0.12540384449411593       0.11023445306566738       0.10419170650706032        9.8221834018063808E-002  0.84887752139469119       0.14847844449836711       0.23091609614271305       0.13627144910742972       0.10330183967007858     
  0.46993369742210322       0.53740126784985809       0.50291030369240464       0.55349110836366344       0.52606868396347839       0.54426881783194514       0.63432791298446833       0.50120954901178139       0.51975623187715059       0.57042085217204641       0.54991581892497421       0.61784014522890207       0.54437417332572413     
  0.36260700670058105       0.40492989635177029        6.6074516431250022E-002  0.10840059181997438       0.14324236138275584       0.12664491555233162       0.12357466499656311       0.11279747409287114       0.85733790073968397       0.15877598229557238       0.24638264322721945       0.15374464517969874       0.11832298146747948     
  0.48341531965133400       0.51717846161875491       0.49732952277273274       0.45155952260051763       0.61615672746259120       0.49197370672726198       0.51898254536197563       0.49857920259079747       0.46024761869018832       0.55345806552561272       0.50130651538961291       0.68220955620991641       0.51296626498196662     
  0.38124019168070050       0.42147921122839060        7.5792020378182973E-002  0.12281434724230941       0.15987857778402553       0.14200205123364640       0.14344057078298175       0.12992656093837709       0.86580290712181740       0.16761511290419270       0.25919948650277486       0.16932896332495884       0.13356435528323041     
  0.50314672380043057       0.54058454930674982       0.47464656742170069       0.55003799990568458       0.59196208120172111       0.54384234146280153       0.50996853505781525       0.54774154077128701       0.54821863303210572       0.64544924961159089       0.48439901497868521       0.60711476957512123       0.50284061906277888     
  0.39761091582497815       0.43422755880907654        8.5790368767625122E-002  0.13670464830942197       0.17547829779862339       0.15742967411060849       0.16353230140731193       0.14716889592448487       0.87289026887941079       0.17490922567635261       0.27233994904243530       0.18488210277260025       0.14941798584277086     
  0.49556105101450248       0.46254070300462308       0.51886003332518693       0.53939790961298140       0.55869241476441223       0.61670243412452197       0.49109065371968624       0.55902715617429555       0.48531678164481867       0.62041467764236646       0.51569429610246920       0.48163476806691263       0.46541731737069220     
  0.41328339207731574       0.44659281547682106        9.6647443646312545E-002  0.15062044602403551       0.19067041580952337       0.17268725098365903       0.18330620533233255       0.16413774252280619       0.88043455490419931       0.18206147476958423       0.28500520796387713       0.20019334040624825       0.16543247402086381     
  0.59104500900507828       0.46795379659206521       0.50970612007778127       0.45532868036048857       0.54072509348389330       0.58978907574124118       0.49214197220159334       0.52336639048858158       0.59619819678955621       0.54386481840078227       0.54676073314969442       0.54899576422100471       0.48466682450914395     
  0.42793529047122031       0.45882364130153014       0.10791336221998642       0.16464536170904923       0.20607994870236346       0.18842349427373092       0.20296862592314113       0.18073788257425233       0.88541065317010925       0.18898891150861827       0.29765526412792143       0.21480105213179088       0.18174874748459519     
  0.48025349869292472       0.48742175192874360       0.60577385980491616       0.52399352016250844       0.49666420004126105       0.60758212316755333       0.43853625820765230       0.50704461114447408       0.44394942745360744       0.54898307330703722       0.54620980078817993       0.46822770046141249       0.53458732306177448     
  0.44152862086572631       0.47072668574998944       0.12007066394838387       0.17910398945468656       0.22203075701013211       0.20290931674270782       0.22373391401479548       0.19730650524264709       0.89034582563735210       0.19605353674354209       0.31064149918611622       0.22946772825146700       0.19795515755285817     
  0.61491946261792529       0.50032417130093243       0.56879797194538795       0.51238083492511877       0.56712822241898964       0.54079587580678823       0.51407209882584670       0.54208212980412707       0.43538828368467941       0.49734548841155768       0.54528195234824661       0.53027673448558588       0.48516162459235068     
  0.45383765560074585       0.48236114128207491       0.13213205198285255       0.19412128927988875       0.23803146745249548       0.21622038761828458       0.24442351835274537       0.21384868155376421       0.89483063446778610       0.20325203140365236       0.32343796500030464       0.24419294785575887       0.21717131821893404     
  0.46930514112105887       0.51091466859077717       0.53772693227782731       0.53348801239333277       0.53415493062462649       0.49529542512125663       0.55644934176541050       0.50523215875998728       0.50680464012887205       0.57637843434226277       0.59504931135679484       0.47985871778284889       0.54096782844055291     
  0.46612774567708432       0.49415411670131404       0.14371186939069980       0.20929993513724174       0.25332963411023385       0.23001484163281813       0.26491259381599280       0.22983422326670461       0.89904367586927769       0.21039660421937625       0.33530319292206462       0.26012999941207948       0.23616961170547901     
  0.52529212806329939       0.49996585644860247       0.49428833570668840       0.52453864549411877       0.61925060593409209       0.46048777381689654       0.51661274722726569       0.50910772164048901       0.49017518168252933       0.54837241817168603       0.56153099331846190       0.47066728387899293       0.47897729494954677     
  0.47884854283695022       0.50552277653652644       0.15538986391160969       0.22441720179886596       0.26751780742481540       0.24333502862435108       0.28639607124117095       0.24611695000418590       0.90271505982387201       0.21765911342553898       0.34720475563635844       0.27541558624334794       0.25462017514580393     
  0.49334228149930170       0.57414597660784417       0.49983357455499788       0.55211605803718389       0.57315507063702875       0.48964535328644559       0.60557577015827968       0.51271111325641405       0.52429130255736889       0.60223210075409173       0.49632120973910498       0.47686209648229683       0.49970819552944779     
  0.49144699053283675       0.51598342683861431       0.16730655207639974       0.24054508719734710       0.28103632974227166       0.25650621797762269       0.30640549273130691       0.26272538011498325       0.90627014386422389       0.22507716029921285       0.35827077266953605       0.28920227792978892       0.27241728743978200     
  0.48514652109013490       0.50773578174051193       0.47367497937856090       0.50101268151662026       0.53811455424153920       0.51914294977344488       0.50337302397105521       0.51961491137558158       0.48221406787646742       0.51603219331538208       0.50486807566150893       0.44570724101498288       0.59006786556498891     
  0.50388310839185924       0.52636795230091893       0.17959281247931483       0.25705146792020639       0.29424342768756762       0.26994584392121490       0.32659045790608410       0.27979345265775846       0.90978801433850165       0.23236722502472909       0.36968932142768024       0.30293861116655285       0.29010124364006840     
  0.50058167309830814       0.53045950029724076       0.52466589372260397       0.51564363216468923       0.50092463435162327       0.51067765152409295       0.54632167668404608       0.53814858450254033       0.53885068444083983       0.59983296367851979       0.49670130541862406       0.48784833662156002       0.51997048266833557     
  0.51627752214991007       0.53652580004849704       0.19190721943649550       0.27278603564132925       0.30748910301926091       0.28414518209094392       0.34556458077215835       0.29668485702689357       0.91313910051405045       0.23978039097247009       0.38175035139701230       0.31634193157763157       0.30774968844619766     
  0.52297699119723062       0.48795335095439640       0.56541577077228988       0.47844677593944795       0.48430630402321118       0.48104578284634358       0.55219973903864761       0.56851332618764816       0.52864699123605408       0.57029892978469610       0.48299189303348955       0.52952315488548363       0.48094048182741828     
  0.52778744766008057       0.54720418908588364       0.20409379593439461       0.28802464046185711       0.32045815995768906       0.29864126483572540       0.36435782210358114       0.31371984408601844       0.91636310704645296       0.24694745950173641       0.39285410817794103       0.33069134057913341       0.32527336928853101     
  0.53678161352052201       0.53318984626945221       0.56323729511015086       0.55769770154272469       0.49451353393573083       0.55218559733414274       0.46918426232807708       0.60805091603161854       0.50945236410936168       0.55502465267914070       0.56678452148179126       0.50333192779534497       0.56279242273411445     
  0.53924439796584567       0.55782134782256165       0.21611887395623969       0.30308910311964971       0.33339949024961957       0.31194356021619540       0.38332073323913846       0.32848884669890444       0.91932939758489685       0.25405677649061714       0.40499120446850956       0.34592959717881649       0.34318073041740321     
  0.63800302760821392       0.49091224097568448       0.55299430220624080       0.59942975887152650       0.52581189152292074       0.45910551471616007       0.51620684567870145       0.55152387057727847       0.50651018629666222       0.57196119947190616       0.47187315496289794       0.52300157464540886       0.48236119550453638     
  0.55010562395478668       0.56757110827993229       0.22838439822839005       0.31722865473025008       0.34663347780037701       0.32519065353429560       0.40178625017737429       0.34356445516205619       0.92225726260604690       0.26103470906166587       0.41715332483811379       0.36166711171075727       0.36067395762548243     
  0.51986290758465259       0.53287197450087831       0.47804645944290575       0.57122399755664088       0.52777958546534209       0.48835479268316823       0.49143444838290501       0.50996249962948204       0.49279100820323701       0.55251015989197794       0.44965804461362235       0.56599241192487060       0.55744833715972686     
  0.56088126224134793       0.57727916098835630       0.24075735522715794       0.33059517499283858       0.36028964630689370       0.33886564317011597       0.42135052163231729       0.35819067010580541       0.92497634404975004       0.26811981053249384       0.42967304453287508       0.37804915615514950       0.37710202599718984     
  0.62757016649475239       0.48994278683187853       0.50573437488782880       0.53455473253780761       0.50715213121229585       0.52450794189154493       0.56655852297901355       0.49095257121980607       0.46167816212989710       0.48796827201596271       0.49196915612734399       0.58073590749568260       0.49523368982079774     
  0.57100046915049041       0.58630674212412981       0.25307265761177355       0.34388088070668343       0.37472994857227299       0.35302563031474532       0.44070848973070276       0.37319898605445884       0.92766030843554137       0.27477973595396293       0.44241714239415225       0.39441290278865360       0.39194379346694369     
  0.53472793660478035       0.52202110037923533       0.50977791128578831       0.46971818127519488       0.43777855457063747       0.50101045637417774       0.51504539452944131       0.54468712352976834       0.53012119663802115       0.52432446708258373       0.51447077398226604       0.50806896199817553       0.51079365392160947     
  0.58116297360088409       0.59503877200701694       0.26708151976922012       0.35750649518169048       0.38947557651399783       0.36848450456948251       0.45920899486196959       0.38741838013919772       0.93025212910010446       0.28123124447032738       0.45580905886291151       0.41032695754504539       0.40601243649879204     
  0.55121110887689329       0.47688764738427375       0.53823053020496092       0.48642275045880534       0.54000306816627686       0.57660675970268416       0.49533563773970540       0.48497431696726012       0.45778606223733603       0.49629396809219833       0.55399002370272399       0.48446194524134001       0.52922275322255730     
  0.59053428608465730       0.60364134765129507       0.28100271090082007       0.37233422491430540       0.40393514851126122       0.38400129587152304       0.47711580406002263       0.40187869316882641       0.93286809674684001       0.28791152005964088       0.46943884980413358       0.42574894331609159       0.41969010870050244     
  0.50740400123426954       0.48153399544343889       0.55341031776142380       0.49128483498238418       0.51606600282013693       0.50481903032683861       0.47244185626328045       0.56361707475709721       0.51065224842459367       0.57819986582898530       0.50880248668294970       0.55471388162220359       0.56651705109269568     
  0.59979656139404225       0.61226602382147988       0.29506932053776103       0.38744301342831211       0.41892062615654346       0.39973888444755434       0.49426210208728449       0.41651558465138572       0.93525275449167122       0.29480368896008002       0.48301225555387506       0.44086145896404272       0.43348084259525871     
  0.59270596375344065       0.49547777831363254       0.58518248367054604       0.45526897496739288       0.56348072392202131       0.53407518533397147       0.50833788472305241       0.52938151799049593       0.51803022319480707       0.55524554111960611       0.53033983002929574       0.50215914683393614       0.52494493376007845     
  0.60881710154677315       0.62113032734082352       0.30901661470140779       0.40281611739418505       0.43458115447832035       0.41556744435703502       0.51123477415313745       0.43105421239098796       0.93755543527753560       0.30156578938097667       0.49683803957148348       0.45628814991445421       0.44703235844775630     
  0.50664880641283982       0.48155502473972595       0.53700614381512735       0.53187821676193126       0.55673105407988244       0.49768419653216012       0.57406937239727773       0.56085304184028451       0.53104073371514171       0.48923386206158992       0.59268836104933220       0.59613420385523319       0.55439079770931121     
  0.61762769383618277       0.62993291932163109       0.32317546507640260       0.41811749412563937       0.44957056911446835       0.43234619210442582       0.52673087652869510       0.44455040789839911       0.93966123181566852       0.30808448874724631       0.51180649001803580       0.47199383640002063       0.46006288059684530     
  0.54663082469972712       0.48390992517718340       0.66563030312512350       0.46040495185051122       0.51272768546993197       0.57528280066284887       0.48566702885094326       0.50283652333762541       0.46944880745682038       0.64559915836106441       0.50037378255812259       0.54915279824468888       0.53552401211248346     
  0.62631664696153733       0.63845611521813517       0.33770307049760251       0.43392737260407865       0.46434321059808398       0.44974110231014730       0.54238666871927277       0.45866575729637737       0.94186518808091679       0.31455206983511419       0.52665105048149086       0.48597613372249054       0.47320227137397208     
  0.50997258680818724       0.55497158652602996       0.59728873804871907       0.55988337722982695       0.53337988765462541       0.49186936531917508       0.49058400721995915       0.48570680581420383       0.50752867472062113       0.55411727422710311       0.55163403668957378       0.47871344413296091       0.47799459629575580     
  0.63519916190536818       0.64714753352145316       0.35203150076370454       0.44924288673031060       0.47757340163499995       0.46756205772254322       0.55830892900719387       0.47327735790612652       0.94390970160136045       0.32108242261749087       0.54256464929093806       0.49912619510863482       0.48642640706151369     
  0.43031937379617480       0.50303241698493839       0.53008892762439064       0.47798250121022512       0.49341061719598567       0.54524105427416636       0.43962165275032727       0.49642703857292458       0.46567873543717453       0.57920026552766402       0.49206206853806372       0.49789433292958946       0.55090666763858764     
  0.64425296805813215       0.65575025934621300       0.36591679116149733       0.46361168860893764       0.49007275133662920       0.48552687427598318       0.57458874192552833       0.48841718512554366       0.94588090187859009       0.32784717076243192       0.55867310335309728       0.51157422117729257       0.50041866935729251     
  0.51833845496050246       0.52387039574321770       0.57847602928106401       0.45294356700774152       0.46073345946549327       0.56948023761645450       0.44914848891122433       0.54632845762094695       0.54892113603325587       0.51745398983461666       0.47867316414820010       0.48132802940159664       0.54766957487286760     
  0.65315892713601376       0.66400155426891527       0.38260443288494628       0.47883113772479791       0.50357862502275186       0.50372155024818499       0.59083486073953562       0.50371294701234082       0.94783989237180322       0.33480814177637974       0.57345735875833181       0.52375193603752779       0.51530480013622681     
  0.55121647063272805       0.49916947319065808       0.61871357364738766       0.48234905287453039       0.51542688546901994       0.56731374673529178       0.49523367394966594       0.50599380268234084       0.47008280806696934       0.54341440261564089       0.48822657899679928       0.48045725064864714       0.56409970954833277     
  0.66291295313840493       0.67275820648880280       0.39926922816946619       0.49360305391124182       0.51725074047044139       0.52154389709997462       0.60744979504969498       0.51961843779376304       0.94979788274724952       0.34169874149693791       0.58794084476545194       0.53605867169118304       0.53006230427838741     
  0.53346847166009081       0.50875779744678662       0.62363402369466159       0.54474262847442245       0.56079511964606976       0.51795743010307382       0.51926732998153591       0.54321982020062731       0.45560507096700870       0.46771189156729304       0.50137616381623296       0.53031362822527273       0.59965255176581633     
  0.67239683276284923       0.68116169892300604       0.41601037543228564       0.50850216764674250       0.53188777876277193       0.53901681032482107       0.62362610081503977       0.53565403077332729       0.95161298795937022       0.34890027937040841       0.60309475440757554       0.54812237432910205       0.54496807151732651     
  0.59601323638647885       0.51902729808162773       0.51459179724889537       0.53978698736813480       0.57049939684835116       0.59922775325769129       0.49496766757073790       0.51250325902976446       0.44918207505189695       0.48570848284377072       0.53291941484905447       0.50468992985405514       0.50710336504619158     
  0.68128195469154429       0.69022188825159159       0.43265998998942035       0.52392902360075211       0.54636734610180482       0.55643561274812681       0.63989100146141054       0.55357763318599462       0.95328849509300240       0.35656862179609872       0.61800704358117475       0.56108878203274504       0.55971974648412559     
  0.47243742165207420       0.49907207249814722       0.43120747582420599       0.55072811818059464       0.49133892069284596       0.58047996170608052       0.47620198741009884       0.52516312263722986       0.53262156614712342       0.49159990694057309       0.48204216904678576       0.50466286697052420       0.65025254757234796     
  0.69016566844271998       0.69928839759335315       0.45160391019699808       0.53916299813534663       0.56207597718997981       0.57411747192374740       0.65650233546623227       0.57282797754732351       0.95500299067631789       0.36446944630051298       0.63269622712695317       0.57403532883026531       0.57325235813745601     
  0.48483733967952919       0.54217383041170431       0.53783396345998513       0.55838484539581745       0.57136372129680013       0.54040066297195533       0.57007812640998734       0.56332378157863683       0.46035494809837113       0.52174851391444710       0.50263468694861080       0.43986145700879248       0.47846937157897568     
  0.69907125362302358       0.70739171283518587       0.47054583870379102       0.55495757902226905       0.57717096505443477       0.59116969658693219       0.67269742238447827       0.59177411151337334       0.95673743832462754       0.37228877116221887       0.64746847486768877       0.58703355325575801       0.58742551096954443     
  0.49151414615357025       0.59191413669055293       0.57040865176856714       0.56388241960301899       0.51220022796222386       0.56078210013391194       0.44768938603733488       0.53421592952171404       0.47799813243150624       0.48576950689529774       0.46879902287819075       0.48013208251976208       0.55022111022482822     
  0.70781643784136505       0.71552911496521354       0.48906724797803813       0.57048172566549282       0.59172270643942615       0.60724123524160867       0.68841757553327687       0.60997950341355978       0.95851116642102552       0.38056976251405361       0.66226003425630420       0.59988264579801143       0.60265400995590745     
  0.50583442086105901       0.53484900466787755       0.53669822644460730       0.48225616900972090       0.48869917305093252       0.49378866255109022       0.48906273154208008       0.52444400627712517       0.47931347465392987       0.47898077283258056       0.49979797253883845       0.53988624657005824       0.44641102816383654     
  0.71727985578947506       0.72417038064450800       0.50719854184577018       0.58586679436394651       0.60620120954990775       0.62355738290617291       0.70431748342051514       0.62713605637130976       0.96034981999047897       0.38899621997549672       0.67708430207155701       0.61387587005195943       0.61717891202814334     
  0.58000985598738530       0.49418517324803035       0.60253515666260060       0.50352606542018852       0.52430606787097478       0.51389898326557093       0.49095219201126611       0.52541454320686731       0.54176933895303225       0.60571832541920834       0.49908550911474348       0.56688383732553260       0.47934044117964808     
  0.72661742142474295       0.73291257288947131       0.52502408768135611       0.60084796173518640       0.62133217271765606       0.63865385439629829       0.72005350857667227       0.64356581486300246       0.96208788106897847       0.39711331230959973       0.69271471615961255       0.62829725698194594       0.63143954217372866     
  0.51974133109268483       0.54844046661784618       0.50489897999406530       0.52527068756865991       0.50529478368978342       0.48377543386511734       0.50732083218583235       0.47129298655403096       0.51807220040234081       0.61846588962330273       0.53407301747893554       0.51401761680979485       0.44790349832763593     
  0.73517866212407035       0.74103893146394229       0.54300581190421116       0.61632492661887439       0.63646658891316821       0.65461445328196377       0.73571734820483703       0.66023323641701281       0.96362062944148630       0.40506402693224552       0.70870674579853921       0.64309601075356482       0.64581490573895040     
  0.46107978706828712       0.50298146510549635       0.56596300649369613       0.62332644181279739       0.45373050035296558       0.55539103854362959       0.50496359120312651       0.58059358993435672       0.62885231925271812       0.48552013886820655       0.47117975108292093       0.56574440451562225       0.60290482117555078     
  0.74379904925568296       0.74892516550197574       0.56069058035688513       0.63216961822266093       0.65178130267966772       0.67301149060848120       0.75139873274039792       0.67840086642449071       0.96514388419706088       0.41402769947452922       0.72481326706140381       0.65758426996982433       0.66137500301443575     
  0.54006702220838387       0.54224162095033390       0.47563311613557091       0.48287782034088000       0.51172331784577385       0.49033731416725684       0.52318636726768342       0.52085900066434843       0.51839272869599551       0.54052737146270735       0.50374830592747755       0.46519356338103807       0.54165842659018348     
  0.75241597063084897       0.75688773984845381       0.57811854526733686       0.64999095567582510       0.66704831729724501       0.69107412200590235       0.76657447699015768       0.69689333854310898       0.96662582601708502       0.42288479889187797       0.74051787711247608       0.67073479402484926       0.67718786300003653     
  0.62877016170920819       0.51855873583577594       0.52008201538088283       0.60081396806152187       0.53279012694550554       0.61231014185510202       0.47886146309718469       0.60541277300819907       0.56988464185517762       0.49621793956754739       0.51731888812999161       0.58417130371704185       0.60538846593124707     
  0.76110451122424916       0.76485981399320413       0.59708169871463812       0.66763389933292183       0.68292270729231164       0.70792415256522268       0.78150745524007770       0.71411335016621746       0.96805867542358082       0.43198264689066995       0.75556290758653133       0.68272754220389631       0.69550633537234197     
  0.50115319059584129       0.56260283870520689       0.54783292179223952       0.52396002751902204       0.47002754387605106       0.58393278944731375       0.51900392881366542       0.51381232950533662       0.60133770086083238       0.46179723656909133       0.52722098699322928       0.55733357632022362       0.63312736459229724     
  0.76982606692434674       0.77289044150572539       0.61731420266215742       0.68562704841709610       0.69823882614856769       0.72481354435943379       0.79707125434373760       0.73128008297853098       0.96951114532361393       0.44113835282864056       0.77021957745372349       0.69833732224485534       0.71348537997199990     
  0.49481653968567491       0.52844476582732403       0.54970266877088758       0.53679368981746634       0.47453807198879694       0.60617669720755740       0.46707735706940212       0.53896293214032243       0.58930143978112459       0.46505860256941978       0.58190070136164218       0.62061631127580907       0.47316983289528503     
  0.77864159092857743       0.78101198836746311       0.63779013636112758       0.70360029748388253       0.71478003961084768       0.74074593922740062       0.81331992551085308       0.74744079628378846       0.97100183042545696       0.45071570834755526       0.78426679778265174       0.71418993583680623       0.73143881686292067     
  0.50841147364938755       0.53152690332832953       0.52658035601628095       0.61460693676587086       0.48864872738379511       0.52042911344244547       0.53478812507715967       0.51835093848726665       0.55288713064195072       0.50844873487578868       0.45058769270124455       0.63941299918555250       0.52702199425245111     
  0.78703759401159101       0.78906524560333446       0.65860063994634077       0.72129337728288878       0.73139813073076998       0.75764427238000398       0.82864113444559939       0.76333176250452306       0.97245974764481680       0.46060161386528298       0.79869107719236487       0.73178468395972562       0.74975461293383083     
  0.47083145379865621       0.53160562318395932       0.51539272956451676       0.49328791026159258       0.51145169052097694       0.52880448830068005       0.47573091605124312       0.52912021238810902       0.55642892086284357       0.52025900570397465       0.49372430238242687       0.48152803859232401       0.59292067447535146     
  0.79535180194231414       0.79712245963485684       0.67879025987605779       0.73874948411985164       0.74765187620610629       0.77368717768966011       0.84271561516976357       0.77928879661019212       0.97390846814759746       0.47140307678136012       0.81224658330312638       0.75017181340835770       0.76669436557079995     
  0.51032975423231264       0.56730380891695864       0.46757207281741076       0.59087193489244794       0.45705363862206777       0.56174924104299406       0.50788520945344029       0.49436011542730279       0.54568283186492172       0.50638249938783508       0.44291409964143552       0.46741218269232832       0.49925703535589072     
  0.80399239320388116       0.80575725472344661       0.69789901936023613       0.75629255943118356       0.76370043094567119       0.78963643073023237       0.85573958276171647       0.79545494287532748       0.97534300520770378       0.48219415956800210       0.82591874321297198       0.76809084059840782       0.78379282176461307     
  0.46696774883022446       0.51320800809169753       0.44458513608934597       0.55779208799713598       0.51964861960877273       0.53944448781746257       0.65018223683523324       0.54409647148466822       0.56607525383253732       0.53965303096143002       0.51165993069691185       0.52006924371496344       0.52470200831082381     
  0.81287712241446952       0.81465313171848630       0.71837680462212694       0.77387800113807637       0.78026302961828664       0.80401551567203777       0.86829132736770931       0.81141594297519504       0.97674947363170250       0.49274986656788750       0.83957369544757199       0.78563784249849755       0.80117330142106646     
  0.57213649963692992       0.54485067333567727       0.55210383659636908       0.53819264726123039       0.45327570183793087       0.47658743466510600       0.55295783470921733       0.50651796916305925       0.51597344613505536       0.44354108947364240       0.55818611226550163       0.54296960828514340       0.52877357723659424     
  0.82231193954391091       0.82288901336901599       0.73968198579484745       0.79156659334619806       0.79653497722962541       0.81824121163602148       0.88058091279188500       0.82770371242270491       0.97816085390012597       0.50443111061107782       0.85317407879088791       0.80332967869074856       0.81786677743308434     
  0.56510356115627391       0.58812387275955935       0.54530655086709390       0.50890732870580824       0.56087316742648030       0.44314033300909772       0.57618226260002103       0.55967232371480480       0.52923498874013675       0.49605525145599311       0.49488707687365679       0.44217816412286692       0.53454552097339292     
  0.83190532789169558       0.83063855933065500       0.76013575072089778       0.81061694148158159       0.81358446397395423       0.83372726648028084       0.89266669584770475       0.84176288024018897       0.97960682274547617       0.51756456330964973       0.86662917282539986       0.82137584359742266       0.83483002243483384     
  0.45124133298007774       0.56218927405194186       0.48143547393317104       0.51072414502516372       0.49390670285373611       0.52194249923936997       0.52171840224057286       0.54995317682545564       0.63151681207365962       0.49582322499171416       0.49820689812056623       0.54746311901659417       0.48404656068211149     
  0.84200908001577623       0.83876290131582598       0.78018136623102918       0.82993172953933325       0.83113417533343448       0.84951028049971467       0.90423457193309309       0.85590141716682400       0.98105778961158641       0.53079703028149383       0.87960010500350017       0.83910948899631654       0.85243020787999724     
  0.51819970154624595       0.60025163845073659       0.49322481392942680       0.65489662823060879       0.55629353210648413       0.56587655919687996       0.53948306044544703       0.47095733113653315       0.53198044786275478       0.46257109482960285       0.56413321757708756       0.45331961859047654       0.53478381245338491     
  0.85220914961105043       0.84757189697901514       0.80055575408985202       0.84787370320331668       0.84806769671391780       0.86586251914367340       0.91471964606867029       0.86928634647079772       0.98246433421452484       0.54417577594090871       0.89304839288379823       0.85641605045619529       0.86976652484031880     
  0.53484504300404112       0.55066773366331290       0.47195289751819036       0.51934641087220179       0.53844583985553507       0.44887311905566690       0.56441202964170800       0.50118460847117852       0.55786920433767850       0.50733312677795195       0.50114220855401470       0.51052163941439721       0.61490306103226855     
  0.86289562542600917       0.85663423223061186       0.82141759798486147       0.86621162877821722       0.86525494181614870       0.88217261962121241       0.92533075784854857       0.88394566393908103       0.98389309364805322       0.55966044430810957       0.90652190626495910       0.87361913366267951       0.88755842854174871     
  0.53200288836617349       0.53479096134912674       0.52434184923013238       0.56326357452195674       0.58126886379274501       0.49393527421400119       0.56167295536769180       0.49695141131081805       0.62158768243780116       0.53179846516350027       0.51151485731745450       0.53620259568054007       0.61105422315180524     
  0.87465980251241449       0.86845376969385391       0.84471646228569564       0.88385496673689445       0.88215155158475922       0.89758261437916631       0.93508654308973116       0.89902768634826469       0.98535665267827544       0.57491853663765047       0.92032606710789888       0.89028398842630552       0.90114005877046466     
  0.57734178667141545       0.58431934325968204       0.53280241903688885       0.55253368789360391       0.46956070519741416       0.49911451782182981       0.55707076749084627       0.52024521578614125       0.51944713523637220       0.47705166389474496       0.58931697773676683       0.51671654681348378       0.49271048743670659     
  0.88590835849826821       0.88006245566260721       0.86759659044729365       0.90230940734802434       0.89953651502868148       0.91328426254347705       0.94470930145445875       0.91220003210615186       0.98680378138761715       0.59542717008932777       0.93387675084749699       0.90688312818679773       0.91493496722912704     
  0.63502414110994354       0.53108550582593328       0.49662860643681633       0.52952041928623772       0.46048770115394899       0.51494075760430069       0.60919640745568493       0.50351040934153268       0.56237289695488468       0.48314562528363880       0.53800501700758530       0.49714061986303576       0.46223680718637317     
  0.89847515838241432       0.89174015276525453       0.88942793429525735       0.91977531011656388       0.91693448507410835       0.92737398172800201       0.95399107437193831       0.92590364934457015       0.98837553057964755       0.61710928146520472       0.94641325104803498       0.92336534051567809       0.92965156211473499     
  0.50258146301130813       0.48936438321170300       0.52344987571856294       0.59006879920367361       0.54052667903516061       0.47832032276452641       0.50535173696042457       0.52156209899759476       0.49026585591623040       0.42696778340845942       0.53601604169030648       0.50109712538569284       0.47101878613195619     
  0.91085280206458763       0.90403810743416235       0.91122177390636294       0.93740183849125513       0.93275962414371105       0.94154620565137948       0.96299571583719035       0.93943872856727262       0.98999374510721927       0.64761281503169077       0.95861446365046121       0.94029099788460291       0.94371577917744087     
  0.52215657148211292       0.55184309884356508       0.50406599072120595       0.49829534896011535       0.51006182024826696       0.48588382534393310       0.56188935173019894       0.60916083433094881       0.59704537812239966       0.59782133804937432       0.47925448174233021       0.57330788191615079       0.51622235491013235     
  0.92689547468046574       0.92126626077269780       0.93302527011831660       0.95272014322443943       0.94892521128590057       0.95664509247364060       0.97138248679327999       0.95521897587157045       0.99175510852549142       0.68268419115016643       0.97017964496043363       0.95555341001949512       0.95718136942171594     
  0.51756995109845916       0.59498406418675076       0.54700091846260435       0.60347540162314517       0.52422404738626849       0.49498957200990662       0.53469409039453275       0.59068015691162445       0.67655860604303419       0.54033764938070727       0.67745088045178248       0.48076875307811162       0.46775729989752696     
  0.94308838108956872       0.93967945217244253       0.95495045455259364       0.96872002343118513       0.96510396839004542       0.97152282033210302       0.97999149322060475       0.97098165246757362       0.99365177825905948       0.73377020520382374       0.98110960186770579       0.97095064720675051       0.97073763449552697     
  0.52151711978944526       0.51170951496826300       0.47355886052418456       0.48882992696164379       0.46797058823787485       0.55382063255884550       0.49585301680718097       0.53669186895980103       0.55402144418125931       0.59505171140514823       0.64009349329003173       0.47068480702066257       0.46419050903887249     
  0.96930821652559251       0.96791211761644746       0.97719209268187146       0.98427684250624647       0.98216227567312331       0.98597541314254655       0.98986200757554810       0.98562904994680722       0.99644745311974703       0.83496204443169386       0.99060435540274983       0.98542144657543129       0.98440297504514507     
  0.75869716943701959       0.66968506566913411       0.47299447820417329       0.51816425484183504       0.59133282202761495       0.49630517435079019       0.59848676563670467       0.57151734617726380       0.69306956092986272       0.46003516804875449       0.53937614414738932       0.49611988373334437       0.48890333473879460     
   1.0000000000000000        1.0000000000000000        1.0000000000000000        1.0000000000000000        1.0000000000000000        1.0000000000000000        1.0000000000000000        1.0000000000000000        1.0000000000000000        1.0000000000000000        1.0000000000000000        1.0000000000000000        1.0000000000000000     
  0.43931178163020812       0.46765473506239225       0.48728350122278391       0.54831899092673664       0.44971130280330773       0.48217381186761410       0.77746726296716639       0.48149467017588704       0.56071936201107031       0.43049120067115215       0.49186495627948273       0.44703159199107234       0.52183806118836973     
   6.4243338119226063        5.6331620844712420        22.446489702132897        5.7800893096307959        16.697226724513452        7.0370087378040953        11.809722384172675        1.4571617492152367        6.4092597823760054        4.8332445883691735        4.2380028237063643        3.0393648759974310       -1.3304708818112621     
  -1.8404592964619675        8.5960819101350392        6.7670901633282829       0.99266872729180544        6.7363004793643633        26.652570572041288        5.4618773557837699        1.3385777333941093        8.1904520794081712        4.1807642269940919        10.012459872739436       0.82878329968314290        7.3861913171607423     
   12.310570117823987        15.134470262524184       -1.9792908107936438       -6.2440184110018322        11.933227788627068      -0.50790339080578673        2.1085613687688545        6.4017931294855446        5.5592622834639771        15.137770995497325        1.2358638964007587        5.2647224785183981        9.8337763410625136     
   8.4728912591815266        5.1531050106417036        8.7586818966290494        26.651988613873655        7.6870688437131616        4.8654408010312746        3.1348848136897982        2.2244417453050231        2.6472178266396331        3.2127585465506496        6.5192308774028129        14.487926430669019       0.24332864074662305     
   5.2942864137716157      -0.10692466130711893        4.4768859226771012        6.7631587891629126        7.3634503717894004       0.99884215669919929        5.5976656665674405        3.7820645316741324        5.3146157635682210        1.4826684115365329        9.1411746845936399        7.6387719864281314        3.8178599317693962     
   1.1037373306601053        2.4812961147419927        4.7986549881797629        5.3318509270997136        2.6614628579044601        4.9330900951044248        6.7195634488983620      -0.63285422843947037        13.279906793890801        5.1076787593245552        3.3290796410879242       -3.3614471495492384        1.8321016828574208     
   4.3355222821053125        3.2657050173438016       -5.9496138258555424        5.4719817585198296       -5.4128443566766009        2.9139221617428062        9.9394536589936120        22.951789713268358        5.3554568313421953        4.9745493577547206      -0.28740564228403737       0.21992400555918495        13.962065288126290     
   5.2332659730180531        23.584143573371048       -1.8912840105051665        7.0473536053730967       -5.8512612258739454        1.1090341576672069        11.423226365781368        5.5338285336373350        7.5052274542594004        7.6730263323957208        22.314195084970674        10.178423412890441        5.5590163434091489     
   4.5163667778069855E-005
           1           1           1           1           1           1           1           1           1           1           1           1           1
   1.0328540670408106E-005   5.5305344717678379E-006  -5.3389112159381132E-009   5.1736714915437592        4.0158936020664046E-007   1.3919266564272003E-009
   9.3401575225190629E-008   7.9983952503799522E-008   3.8583957353049023E-008  0.45113490020070146        3.8523734292777715E-008   7.2720553504580598E-011
   2.4668272637198303E-002   5.8174443036429331     
