   0.0000000000000000        0.0000000000000000        0.0000000000000000        0.0000000000000000        0.0000000000000000        0.0000000000000000        0.0000000000000000        0.0000000000000000        0.0000000000000000        0.0000000000000000        0.0000000000000000        0.0000000000000000        0.0000000000000000     
   1.4817787099252494E-002  0.20801748588147928        2.8386344912623294E-002   1.7168469167160447E-002   1.3932618779013427E-002   1.5656460858406517E-002   2.6027934257448070E-003   1.6168495532958089E-002  0.30730097686026847        7.3243361140550883E-002   4.1925900612932852E-002   3.0083655227504839E-002   1.7395830808794199E-002
   1.1056730246051085        1.0018199891858932        1.0862298807564816       0.86936320441638337       0.99135941675674599        1.0345313210189220        1.4134976669516639        1.1066525695032141       0.81372096694340235        1.0494861072800887        1.1940119901538104        1.0315386354558356        1.0827260090813158     
   2.9551722042868295E-002  0.35185927524873667        5.6696700064631664E-002   3.4735865908418040E-002   2.8073399510313766E-002   3.1509186348193940E-002   5.0872533732965238E-003   3.2198467380169842E-002  0.51939547141010800       0.13160645430332410        8.3651260681494852E-002   5.9335816636729204E-002   3.4709370393125216E-002
   1.1521866507519103        1.1263362382236219        1.0756952908227979        1.1860166883676899        1.0340062521245377        1.0418885102097533       0.94849487436057800        1.1945351260286452        1.6151295013484970       0.91860310016247748       0.98266597571746617        1.1536824762954290        1.0190625793528305     
   4.3852135520784666E-002  0.42609254932242879        8.1843825964127800E-002   5.2110125442718647E-002   4.2636457925746031E-002   4.7616254617496710E-002   7.6689648254475926E-003   4.7614330429077437E-002  0.54769354858773478       0.17380925342002046       0.12019906758299767        8.3872001685918712E-002   5.3158825722269043E-002
   1.0670966978454659        1.0421374214667789       0.95785926854918013        1.3245517280109813        1.0860857164201960        1.0313330142810200       0.97897214374595454       0.97888176187786269       0.98514005045585906       0.93441968266682940       0.90900754124076510        1.3990677042621085       0.97172435777057031     
   5.7904119712882597E-002  0.48031627444463670       0.10685971042975939        6.9557377622744165E-002   5.7914140810912410E-002   6.3293335647682122E-002   1.0298600574371694E-002   6.3157923381826700E-002  0.57445501907446717       0.20668466916349215       0.14827205451617714       0.10875407761230618        7.1686082561135261E-002
  0.96357029381376991        1.1322687425617062       0.94036623495785787        1.0416371279088183       0.88441401903829819       0.95668006465099487        1.1042368215416298       0.95160035029019718       0.88571326875288903        1.0322101637424670       0.93777517691994705        1.1034847423205765        1.1135165098573123     
   7.2221606532537758E-002  0.52432346682627162       0.13067478751709657        8.8840555086822176E-002   7.4871318663768727E-002   7.7325358703779823E-002   1.3196508183906677E-002   7.8706010586725689E-002  0.59822041059045117       0.22961816474591240       0.17156449558166398       0.12708569796335387        9.0179253929623629E-002
  0.94054356987520271        1.0791998747134490       0.92413247646197105        1.0836930571619658       0.98123594982998619       0.93145405831364436        1.0876303384005523        1.2158507333625410        1.0975846605434441       0.94142496941719189       0.99915401257120984        1.1311495086675203        1.0993310471283977     
   8.6966022797842463E-002  0.55338805244906208       0.15393485841555543       0.10735337852667122        9.1330886790020507E-002   9.1168037238223698E-002   1.6419758497552409E-002   9.4532841633020004E-002  0.61907752952634265       0.24853518877801375       0.19154494195128735       0.14637408755590553       0.10882937148285621     
   1.1038562423168443        1.0251624793770737        1.0646336997813151        1.0775241979346970        1.1879789122575848       0.89755907993506390       0.94402053815903375        1.1469970724706087       0.98952531267297561        1.2162330799086423       0.93259976841495595        1.2956551181378324        1.1614008522652288     
  0.10246195424885282       0.57806065428837028       0.17640411568094050       0.12548078518506692       0.10747640486293676       0.10392346229345387        1.9792857556932240E-002  0.11077559746487349       0.63703279681374991       0.26449852330701346       0.21010555826672775       0.16403767743875414       0.12684989014171477     
  0.98091886347152868       0.95763099626369952        1.0860284105956850        1.1284927544081638        1.1433327952135837       0.84385994734224434        1.0203231838227709       0.88647761162971384       0.97259925805676772       0.91124874164822334        1.1981334209587273        1.1821080648167228       0.99695062933651957     
  0.11823417416307255       0.60214699290801377       0.19836633860698863       0.14341624259179711       0.12321375484501962       0.11681243427419688        2.3689448278234167E-002  0.12689804591586465       0.65310755359300920       0.27755227931378701       0.22671507587564929       0.18199189306723690       0.14502777329369859     
   1.1071685156017306        1.0227150895547883       0.96924147442828490        1.0597463763792176       0.89660621878714430       0.93325215177014686        1.0908326762599192       0.93973963863437115       0.95005652269849150        1.1193443919994253       0.96887776571996542        1.2127717073747173       0.98437220691598870     
  0.13430728537397912       0.62661896732299716       0.21903923452589738       0.16038958931077404       0.13755152025448342       0.12974488793355199        2.7658528280348142E-002  0.14340770117198523       0.66815335527792841       0.28770473546154496       0.24211557956022686       0.20037489427631830       0.16157251445649537     
   1.0677165248895333        1.0614582866196738        1.0101695330389455       0.91233631037704888       0.88875204935693830       0.99438421433298474        1.0025832300932680       0.98511531920750861        1.1743891678108704        1.0132718574529420       0.97594050079151273        1.1415726260475727       0.97425605214843680     
  0.14968910235812669       0.64379751828949916       0.24012736081547212       0.17687452560240088       0.15208126887838194       0.14286212851393978        3.1914955466701846E-002  0.15958279924581964       0.68174642331039614       0.29766103767710106       0.25617257989320358       0.21881292453694956       0.17790794680692923     
  0.96122147225483690        1.0072296222046544       0.98360727940687454        1.0258984785290159       0.93094983984883617       0.89504422029055575        1.0886409196903177        1.0761443095035577       0.99904835573841932       0.96861984244281163        1.0294459950436130        1.1475878994784989        1.2229320820739378     
  0.16385381320445958       0.66096408484972691       0.26140790293876287       0.19299680928453308       0.16691298225232690       0.15652389285917195        3.6181821193741033E-002  0.17467260917988284       0.69426901167687649       0.30740824782850101       0.26921959577318427       0.23736885591051315       0.19479104139219047     
   1.0158795378780796        1.0008517201277292        1.0113411829127705        1.0268777825672248       0.85819991735818435        1.0991502329175205        1.1142766334590539       0.97125319165425061        1.0009360296445402        1.0076639520997128        1.0896638524901772        1.1757017118337325        1.0209153935276256     
  0.17819837227320134       0.67648827298353909       0.28121931155739277       0.20884232884290441       0.18242604087155231       0.17120138106439123        4.1242118511511924E-002  0.18979948928235643       0.70604548583641735       0.31700552488891598       0.28182154240126223       0.25534698034861419       0.21212573995679407     
  0.95691032574283785       0.97834418474707607       0.98545590433036034       0.95406530671714740        1.0729915335943891       0.95836461596526579        1.1373414564787634        1.0083347576613835       0.98014616640846020        1.0907371294987094        1.1089642593269462        1.2332764791177961        1.0265405413394175     
  0.19431522825068412       0.69188184182537038       0.30009773738782036       0.22426913256131342       0.19888291209874301       0.18793740214933347        4.6402089611863873E-002  0.20768208814046749       0.71726005520251412       0.32653281550329616       0.29443850760371826       0.27288093447819767       0.22852672001908392     
  0.99708858501262831       0.99527299366639876       0.95936462838156444       0.93845692166247607       0.98962723841082090        1.0768656665570313        1.0764823565408106        1.0479766467937384       0.97422848219838010        1.0472959647487783       0.91907672137181440        1.0093190921838777       0.91453034488881602     
  0.21062968379821079       0.70616700655869535       0.31784651742311848       0.23940986843797457       0.21499220703119656       0.20434122712339259        5.1739803013540933E-002  0.22461675729775840       0.72729277274332171       0.33561016609089878       0.30722388926567462       0.29060614743416519       0.24538796284456615     
   1.0610926656165729       0.91487272099874295        1.0555569983941073        1.0841348413083174       0.98404938121648777        1.0677725405850909        1.0653935258518312       0.96761248839631941        1.0020420105486301        1.0128047636467581        1.0807084964872051        1.1447251750644571        1.0174756720279794     
  0.22601354095255441       0.72087193262032945       0.33516147244641087       0.25470618075614726       0.23055442129845954       0.22020926440153171        5.7232458120153817E-002  0.24122274908670763       0.73653128605734264       0.34432355974802337       0.31982019769558007       0.30664742431133241       0.26097797679338958     
   1.1082677573708397        1.2120583965483722        1.0639348468783960        1.2888240132238913       0.94255121702678168        1.1150524863185869       0.94201780207195540        1.0725248900548374       0.94373382907513759        1.1469575535546006        1.1144873309295176        1.0300383789535354        1.0105578561180655     
  0.24173872873441779       0.73405058047431593       0.35021995446033277       0.27020431875070572       0.24643431214324538       0.23602570142381143        6.2522018511235553E-002  0.25730977757622853       0.74531431326068642       0.35282471667356274       0.33219858775986072       0.32300694320541912       0.27661243306927985     
   1.0316824139191487        1.2063528635164160        1.1068906177827327       0.98891964030746737       0.98804269092008756        1.0870544153098449       0.99591383881699813        1.4193269237103110       0.91512130343940079        1.0284715227643653        1.1005685434203709        1.1445460294513889        1.0466284491948377     
  0.25685488258106548       0.74776359482579591       0.36469509861796201       0.28668160893986167       0.26339543963591411       0.25196071429635863        6.7659639710837355E-002  0.27446729157970956       0.75384702070009113       0.36102270062669056       0.34418902946675217       0.33732644872183731       0.29448233403872121     
  0.99767969284508817       0.96950003328616097       0.98120984434656466        1.1139490325241532        1.0773462073062614        1.1022917584730167        1.1036890492912903       0.98472748106399188        1.0874626884885750       0.98131106148438729        1.1772788611940703        1.0102545059225163       0.98554878883663699     
  0.27186827764182164       0.75863285510168821       0.37944343844949102       0.30377652384764225       0.28095367601871629       0.26807137373793444        7.3213641911279936E-002  0.29158506474603652       0.76135365228433438       0.36937584487845687       0.35648332301944813       0.35171945605250637       0.31203728082644494     
  0.95187124681412894        1.0195619571578285       0.93275197432670032        1.0507575144928227       0.98873260283574127        1.1912392741164268        1.2411435276952330        1.2711283832802569       0.88563538795703189       0.95095386077418265        1.0507840091533014       0.98537022488752202        1.0602353288592183     
  0.28580001949229972       0.76962993451648021       0.39428149342992280       0.31971585868033736       0.29838664107643731       0.28460664181541556        7.8867268674778779E-002  0.30862994610075256       0.76829797545879586       0.37777123824756909       0.36847551929045436       0.36664021522681484       0.32981563160345345     
  0.89202168871964660        1.1639623795051646        1.0605509381411085       0.96442297429591084       0.94365451887884211        1.0150358348461086        1.0419723363194608        1.1620255574330283       0.94868722829965857        1.0478505541001453        1.1599534493687478        1.0353118594764561        1.1089910745193792     
  0.29950246906299327       0.77963186606370072       0.40933653758365585       0.33516164774028018       0.31565713068749701       0.30138513789953658        8.5377185695073673E-002  0.32583163857260139       0.77567792221282594       0.38525720423351673       0.38055657919944746       0.38281229270015815       0.34777063362956950     
  0.99129221359715214        1.0735407660710152       0.98479457847384055       0.98517474951332717        1.0878837257399183        1.1331434496463830        1.0170198969995030       0.97717404563461141       0.92112302726423734        1.1083132245752194       0.99755522544928088        1.0707369541327980       0.89426095908216041     
  0.31580961033801291       0.78969981502149289       0.42368201183497811       0.34929528219232608       0.33186431651180087       0.31832977319092942        9.1828591216842725E-002  0.34027153589100889       0.78338346739729081       0.39212652833070516       0.39233571760894581       0.39757125830925200       0.36195294209068229     
   1.0218267516369468       0.94298787785055205       0.89076815038206469       0.96557100745641056        1.0114919794627264        1.1432522425650717       0.95281190301942076       0.92765688689296677       0.93732679540426389        1.0359132164543086       0.97923757835790137       0.90239676522490153        1.0040621285049485     
  0.33158520819902138       0.79905214873688390       0.43706737912819638       0.36268153304830097       0.34797836882331917       0.33534497325959495        9.9415967004352443E-002  0.35405705757217221       0.79095019252515253       0.39872609055793806       0.40428043515385276       0.41188270559189927       0.37517112331970714     
  0.97523315766737928        1.0861423712833864       0.89841515174364461       0.86289596231939270       0.96068994010899433        1.0273483216909061        1.0770233754579845        1.0236335566989401        1.0475956032349620       0.95494286753390045        1.0710360085175834       0.91336513939876762       0.87167137806320616     
  0.34751903963150699       0.80817200582022564       0.45087680533727276       0.37573865660689981       0.36416955331482459       0.35235581974358515       0.10717600430067173       0.36838353960361175       0.79829906656821592       0.40483902159779994       0.41601035260582087       0.42490922771969974       0.38695601843138383     
   1.1662619053926104        1.0367737927777017        1.0296790035554635       0.96829258909530924       0.95530090732832895       0.90104164113487251       0.98054906277083087       0.90925722414963006        1.1188989141059185        1.0281883369082134        1.1495481008881494       0.88481215081668618       0.98258960915638438     
  0.36374801228353848       0.81619479013653051       0.46427809323868291       0.38873600839124661       0.38043510882392700       0.36982282320446219       0.11524415567095590       0.38181383192350121       0.80526026629642644       0.41120485757514658       0.42829541968232165       0.43759405811689123       0.39899520752041207     
  0.92631526863621272        1.0334383013469470       0.98978909675808635       0.97187406753313854        1.0378403859467911        1.2018415318449160        1.0576143310374502        1.1737694920663009        1.0524789697482948       0.96295286465757723        1.0365179438070846       0.97197248175563256       0.98555770401671283     
  0.37969533682305562       0.82390173994160176       0.47845877484692600       0.40342948170523218       0.39690275574494260       0.38760494680890439       0.12344440695672020       0.39388768694152543       0.81197446023246478       0.41790953697687550       0.44035337664020829       0.45117265810324170       0.41032553262645516     
  0.93621212956119659       0.97292046406149002       0.87149499048525525        1.0133905262853913       0.96435321968878085       0.96678218371873237       0.99231292343622968       0.90783223372188726        1.0207355910198648        1.1574728820264701       0.92654503713914305       0.97494641732248066       0.94277008063645651     
  0.39539409086271438       0.83131209093030511       0.49330050476300075       0.41823863025838209       0.41375346230444549       0.40512365956049851       0.13190680752975073       0.40596650621086405       0.81837350299713107       0.42479883858276590       0.45240897915514927       0.46488691953581457       0.42168193622485955     
  0.99914077986317085        1.1139697357002019        1.0225332160382925       0.97490940616428690       0.91893255624742665        1.0776664926998270        1.2390408508591264        1.0767171195476644        1.0079087421678523       0.92806764001028685        1.0302463098443964        1.1269438888442753       0.95265135862482142     
  0.41277706066780856       0.83861928329184265       0.50823937510454253       0.43436474197260766       0.43136238712520075       0.42195172046428064       0.14076939667930469       0.41997713380498813       0.82449446943833304       0.43209525361548784       0.46496097557413385       0.47902361658772458       0.43340991970779480     
   1.0890655034463055       0.99909274799778514        1.2129166313782647       0.99358102176022134        1.0336826578247955       0.98060894830414591       0.94864904435737563       0.91888599799254200        1.2589905313069525        1.0673684865563027        1.0433488709497563       0.95486381123271102       0.88981393491942418     
  0.43060296249532454       0.84518383057166846       0.52297548752635525       0.45077065150219464       0.44882598676226731       0.43794718782102920       0.14906069160845278       0.43375594988807142       0.83050622773009175       0.43937112864855393       0.47746800272196699       0.49274066049637316       0.44541760840168193     
   1.0383135719800034        1.0111328150776617       0.94898164508970795        1.0353770668703175       0.91601375358497317       0.90468699639652417        1.0027785596759013       0.96552948659802340       0.92839957078263058       0.98573549745849953        1.0406589120534344        1.0910206231136508       0.93213988953166571     
  0.44857584111674842       0.85140247318777607       0.53759035978623548       0.46679197067364681       0.46732496892701747       0.45270751125908698       0.15717313857493836       0.44763794254761285       0.83640902223884539       0.44663853287644723       0.48989839721294676       0.50629098326333821       0.45579824890293541     
   1.0124866755827093       0.89466577534151470        1.0891654911794642        1.0745708841716559        1.0139788363266973       0.91936793207625345       0.93513546887178478        1.0590917273121385        1.0652128826637959       0.94035268752588030        1.0109205443920177       0.95369564756044434        1.1068626041541201     
  0.46676506484841684       0.85769447492180106       0.55241659959082345       0.48191128349910184       0.48579945300040733       0.46817935565880203       0.16469139177305286       0.46165571537595484       0.84215989677594238       0.45398150315377245       0.50257144793572484       0.51983705710134487       0.46646003044998902     
   1.1896943302079559        1.1276404889110507       0.97805394448219141        1.0160707416992085        1.0515318736551884       0.92886354650685066       0.97517196605608858        1.0378241923041822       0.99552218375166046        1.0472871470130634       0.99752093550777265        1.1065390509113577        1.0418500182753196     
  0.48535825254490950       0.86396359817709023       0.56711179635892717       0.49566365747857127       0.50554851505108178       0.48520113900236833       0.17238741694940821       0.47552717389782501       0.84758107063487631       0.46175967327745082       0.51550445774201026       0.53230701240321687       0.47735034318448605     
   1.1062943647723800       0.91596779827854802        1.0984811691594634        1.0067774690303941        1.1404694528434736        1.0258404992513579       0.98178737624842261       0.87825505203111254        1.1009457355141292        1.0387405505580620       0.98409747438652750       0.96649260133837411       0.99056437257712326     
  0.50488066107628871       0.87013878749779638       0.58229972135562491       0.50907844987905992       0.52503596373660533       0.50251614131024180       0.18228991593839530       0.48955851061589922       0.85278919174969814       0.46947164231037913       0.52866398873909148       0.54432724932224608       0.48849398818584144     
   1.1265173646323676       0.99660547181040804       0.92142250898216593        1.0069982459622044        1.0596884053595594        1.1238792221338327       0.91600681508658821        1.0167342902223331       0.93837265176466478        1.0100653507293902        1.0017658610996594       0.93926654191949566        1.0763835666866242     
  0.52505234805292478       0.87614326652850927       0.59703267391593118       0.52360571069687378       0.54392239377576190       0.52027579472455898       0.19251406169065383       0.50329149615754865       0.85789662425899460       0.47731941079679036       0.54220907957221554       0.55787804335664082       0.50008053799587115     
   1.0098176835213242        1.0685970659587196       0.95563877448008228       0.95904352767486090       0.99100490430295862        1.1649847311148824       0.99989613549790946       0.84399129049665578       0.94235997687323847        1.0929195506055560        1.1046522635371849       0.96662692571972497        1.0017236054263126     
  0.54541710739663929       0.88180634780693845       0.61041230879510644       0.53922598292432189       0.56242702500686803       0.53811983064629965       0.20377076638792230       0.51776891039530104       0.86298495924520346       0.48505165615656454       0.55560841473423472       0.57160578182738253       0.51203109894224585     
   1.3075838374080087       0.91918008596500034        1.0152741014316398       0.95353823437357377        1.0758290365417931        1.0766272367637764        1.0737015561414824       0.95262109772252834       0.95948783402817661        1.1751186347817901        1.0414717432085099       0.96397612339529237        1.1364525107393308     
  0.56297330632521192       0.88717322730041448       0.62346794002843553       0.55552810453601809       0.58028954577378644       0.55593456242002770       0.21537468088095754       0.53280427050007451       0.86837490148180174       0.49202070399973036       0.56914608960449931       0.58553327348218243       0.52424067470401348     
   1.0830284665403080        1.0851530954727291        1.0962568938529575        1.2049210298006072        1.1163998460087821       0.98293892134610972       0.95662627830028291        1.0218731614488865       0.94044120854999602        1.0518159061098380       0.99222768448503018        1.1208276116464413       0.99809233069348247     
  0.57850103138248521       0.89245394260876099       0.63632605769380313       0.57268270336477201       0.59861958603032972       0.57309275617704203       0.22775269801126025       0.54848577031328916       0.87403379603839904       0.49880995197088668       0.58262621219434052       0.59983259267682332       0.53685419579908522     
   1.2089342956105300       0.98354051236449314        1.0863685258244131        1.1555801261133865       0.87235861070340137        1.0618157076765429       0.93745236161540013        1.0343912445412407        1.0725240022354652        1.1019021783003657        1.0168317810153156       0.97999442343740584       0.99308107835595805     
  0.59364850247469236       0.89727971041853161       0.64956036599131217       0.58991836509834839       0.61575926256509683       0.58962622979080304       0.24083778308441561       0.56455164711856587       0.87825826180437772       0.50588637809158599       0.59543724155321753       0.61226083524403230       0.54963742087486178     
  0.96576424978054953       0.93873820533861485        1.0805542789668758        1.0465942531539507       0.91944227590160921        1.0165105723511481        1.1389558076922970        1.0466630493076925       0.97056348201796339        1.1575805364674296       0.84981003770393682       0.95719968441068082        1.1214255065788659     
  0.60854706347110021       0.90205841986833779       0.66360284653416168       0.60711105605261828       0.63252609476228350       0.60594396863625255       0.25496343415116002       0.58080370509236068       0.88241309048391448       0.51291655539290248       0.60868640518596728       0.62471067342171416       0.56290456938409994     
   1.0152374518347451        1.0092273296165599       0.98777743659294415       0.91841735569598326        1.0207687050315253        1.1648983079561837       0.91651329075570909        1.0137445191620817       0.89832660781423657        1.1739672130851024        1.0326616305664544       0.96591674756103107        1.0387214975247387     
  0.62390995639333957       0.90665158752158703       0.67727450906593023       0.62444722538061181       0.64969559990277914       0.62198945408798278       0.26979199315316565       0.59715631996363239       0.88651889981795495       0.51997644637998552       0.62285031548758074       0.63690033626718490       0.57659451801361872     
   1.1644366936377193       0.89739852444152812       0.93778772828360457        1.0642892838588272        1.2413609941600146        1.0260668224719700        1.0360572434311128       0.97216137944671732       0.97799913869807353       0.93420651198472782       0.93041023614030427       0.98508625329419020        1.0960708945381472     
  0.63941409329985488       0.91115636887864959       0.69070443491474309       0.64204806954190530       0.66721616192833355       0.63796674990448432       0.28567042705686052       0.61365458621477431       0.89051817571603409       0.52721846690034557       0.63722943328370152       0.64922906792615431       0.59054235303304292     
   1.1597830850882722        1.0241190636304618        1.0816291275980436        1.0215144700185086        1.1822409503914098        1.0029347691541175        1.0381724548060567        1.1410384980938395       0.98802169171356891        1.0252750306596194        1.1184488457424588       0.93327805148300036       0.96434008871588850     
  0.65494350855412475       0.91546466594052811       0.70417283427397259       0.65912564410335583       0.68406331284586397       0.65408597535453950       0.30216347739514948       0.63058222154469923       0.89438531111803010       0.53461029453321418       0.65263138386017983       0.66039478670396190       0.60523453909052671     
  0.98418857024771389       0.93066178027339841        1.1342920821042006        1.0477412857939881        1.0687386679976019        1.0693930071246871       0.96282993774502434        1.0083152229636727       0.89844827289555940       0.98798728258013657        1.0074793659050398       0.91568087431593082       0.89028426274058747     
  0.67091567094496107       0.91947321359881151       0.71706181015890780       0.67444456814969966       0.70060695640736259       0.67003313511515938       0.31923887287622971       0.64744716124913093       0.89822636517434218       0.54218510649869778       0.66796245325669978       0.67152507156952879       0.62027764754601433     
   1.1610184749614640       0.98197130127854193        1.0534018738954010        1.0819410510245171       0.95239151650108989        1.0617730778632020        1.0476398303375343        1.0399951141478387       0.96358005672083935        1.0604634247831684        1.0385861116545909        1.0897010699979410        1.0835780928619509     
  0.68618546460589025       0.92328804046622326       0.72978870671040319       0.68999836346280385       0.71680269748536107       0.68602580627839271       0.33704843673134188       0.66409389181732359       0.90213614143490595       0.55005486495097888       0.68291433350484698       0.68333680944383091       0.63547429426468860     
  0.92145869172809836        1.0135795398613394       0.97171169210442598        1.1016025878025675        1.0483005712351758        1.0366794114154747       0.96802650465311246        1.0288913798877473       0.98693389646013641        1.2091457279937075       0.97069360831798368       0.91464177283272652        1.1085501101271957     
  0.69990465824207193       0.92705837897085208       0.74361297178932639       0.70531906175743564       0.73317253301336194       0.70217780446632472       0.35534623089075562       0.68052526525899903       0.90596899877314796       0.55828162266370918       0.69800845445089199       0.69485466797699258       0.65031852607166696     
  0.92738222307760543       0.95088702936973524        1.0507021789785989        1.0800679074463826        1.1075204279546511        1.0592483569517743       0.94576977763947734       0.97438069601481125       0.99262791151701235        1.0350476668536635        1.0553323723418913        1.0126864721149262        1.0465033799669570     
  0.71449405302287194       0.93061915777358828       0.75730656427397380       0.72056920738879626       0.74873804324536497       0.71877397651121244       0.37436154403897842       0.69674096488056969       0.91028171260296442       0.56623721188727349       0.71161306896865895       0.70830086692320737       0.66519929789138910     
  0.98290442244500154       0.89599810316578332        1.1607126978611313       0.97588639902349517        1.2400627981947696        1.1616392537534959        1.0282402659487424        1.0559613571854594        1.0746091368092610        1.1095295343094385       0.89281993020839612       0.99289171144213195       0.98793985921058292     
  0.72974351982691588       0.93434849900833139       0.77250801464952201       0.73566435512665906       0.76423339668909562       0.73580079613441129       0.39426951566597018       0.71291274275831940       0.91463182589092906       0.57422432046130678       0.72536825905104907       0.72248957251451473       0.68018997651231039     
   1.1275983178147271       0.98998697843801864        1.1386123985464092        1.0473796951833196        1.0152915789199191        1.0140662532190310       0.98020357161716176        1.0760802426993286       0.98626215562033681       0.93487616132679474       0.88563463708881973       0.96002645464325631        1.0379239123971262     
  0.74478407281040704       0.93812242021339287       0.78766093337362064       0.75058656447792504       0.77872446396050576       0.75216327110460202       0.41445380156295270       0.72933651178417502       0.91867171013912019       0.58259554454868612       0.74033506548815275       0.73897491596424747       0.69591472861529402     
  0.96228542463401301       0.91707238927042356        1.0457138655083498        1.0111238555547044       0.99617704313731914        1.0617007362850188        1.1580601665745485        1.0905770945879827        1.1066050263686160        1.0108539807065322       0.97415575965943346       0.96683401202754427        1.0865322116850868     
  0.75976980086134249       0.94193363048246526       0.79963647320104836       0.76465328151377532       0.79246877864161136       0.76800123836348777       0.43503326216126897       0.74590285705926407       0.92264105968403365       0.59202450063753709       0.75612028068118342       0.75483457011645050       0.71308588720692279     
   1.0007180127887394        1.0930625860600651        1.0534035043398742       0.95341975572847315       0.99177910069073860       0.98503232968555587        1.0810339921710062       0.94971847047770097        1.1550402148221859        1.0468177518683721        1.0007438534644251       0.98051377147138108        1.1699093204304951     
  0.77456068998134142       0.94573830350356747       0.81169746461955328       0.77870422838628905       0.80678801782940446       0.78376053931985057       0.45681967066921875       0.76189343268095988       0.92660904030187718       0.60146014979254792       0.77342090456359291       0.77155442498668592       0.73156714167092807     
   1.1154313987185596        1.1399354344853503       0.95884571210244018       0.90382189474026486       0.93137584175270727        1.0487757280859098       0.98991800601854885        1.0276418231224691        1.1072188932278146        1.1290912569598848       0.99636638687492685        1.0403443212445846       0.91378489047155553     
  0.78917568645272551       0.94947932040496086       0.82487445100274748       0.79241033237269454       0.82107853777990281       0.79929084499562608       0.47859534142636057       0.77749101325862557       0.93055532995292256       0.61080714212370080       0.78993485302623567       0.78830906013421953       0.74982959223164847     
  0.90428518837903349        1.1133080573173018       0.91918533118852563       0.92303625483344209       0.98876817006539053        1.0023232738171175       0.90713690290292592       0.97545120530255980        1.0308018344507390        1.1019029152499238       0.96696751196165298       0.97752565463244268        1.1698122705283103     
  0.80412154510346323       0.95313492248067766       0.83763142494457909       0.80619922729821258       0.83464119634151046       0.81521063829493090       0.50286005434626080       0.79306977655864530       0.93407083536151525       0.62052318513958127       0.80612969445214766       0.80336286886075403       0.76866655226661085     
  0.95464819216523844        1.0671454002168459        1.0836449136769073        1.0201448147287662       0.89881992026880364       0.96206358108153167       0.89618625548258046        1.0110642158485208        1.0022729797720247       0.99172227149818759        1.0480358465281137       0.94989305750661235       0.88630393300335497     
  0.81912899992383492       0.95672029738891229       0.85053789839153227       0.81998444562649242       0.84789283116833936       0.83117977234545870       0.52757655217748234       0.80867357883823343       0.93751122733432701       0.63070828167804616       0.82217091041242574       0.81761726773713661       0.78729538559656931     
   1.0575930318735491       0.91559649996070425       0.96772436446040189       0.94234523090000644       0.91704732444320058       0.97432194433628705       0.93523937599240103       0.90998331893712714       0.88750434411160262       0.96222718215606551       0.95901825183553790       0.99559117632430516        1.0364118157093041     
  0.83407579167560997       0.96024749051914904       0.86349167974094099       0.83392365551923653       0.86140161271484372       0.84747250079361991       0.55870579662262243       0.82523351792992927       0.94188299065339143       0.64115349367234020       0.83801403679951836       0.83118590654089519       0.80577671206784207     
   1.1037707001899886        1.0971117019834378       0.97460889304508225        1.0839464893494766       0.93177550716125312        1.0315827090860485        1.0230681693237837        1.0927038477374342        1.1281330937374030       0.98319568312300465        1.1578933859570735       0.96615420385832651        1.0994081033613157     
  0.84913226239076001       0.96364603448714803       0.87636762293477244       0.84791241044576060       0.87522536458278322       0.86411344331393447       0.58961992320662704       0.84191703430246501       0.94619779844181251       0.65200726490975336       0.85374632545800022       0.84567704848027614       0.82443010552198270     
   1.1039052961255631       0.91893341413208851        1.2013405090717446       0.90529018848420406        1.1423133993599865        1.0956938157236182       0.95872696550490877        1.0824092135396981        1.3019854464602592        1.0751407899043279        1.0498985125989053       0.94027068180033180        1.0479234151288208     
  0.86272873663739169       0.96701713480725759       0.88936243812236426       0.86182753346762997       0.88971505817794760       0.87832264223374179       0.62036786126237653       0.85921581111424750       0.95085676394841245       0.66298407242293178       0.86981277493073117       0.86006274555616058       0.84320908165539121     
  0.97981909395462852        1.0350755021048075       0.99926373779792499        1.0432602108610498        1.0884485810093685        1.1357350621250322       0.90605892410427979        1.0608821094478045        1.2038017202621838       0.92802339738666395       0.98713070330472608       0.96714409816025204        1.1037799495385143     
  0.87666126614229345       0.97034455839872669       0.90235584843028460       0.87550307783750481       0.90447519393664810       0.89093354047122231       0.65187222207290318       0.87651268479513555       0.95553285552303868       0.67401176050091738       0.88553698028432437       0.87475313211581862       0.86193722310524457     
  0.94077283289576186        1.0833532908255374        1.0405762718350793       0.98282537161133410        1.0967306943980024       0.93229656691929541       0.97118143926836298       0.98645434790758868        1.1953210298504306        1.0101145271411824        1.0495414089814747       0.92302269922559577        1.0417639445703004     
  0.89192856016056876       0.97365602279120289       0.91472176865461297       0.89089492903437550       0.91838895577554092       0.90411971419415649       0.69079144595180197       0.89192278941895997       0.95959697849698955       0.68604633127408876       0.90073532799088363       0.89210236555568334       0.88085990965177474     
   1.0846782522159411        1.1242072662096974        1.1864004019429644       0.93805417135125735        1.1659765401390627        1.0201594036132919        1.2210963831993531       0.99501475330752431        1.0572006601177115       0.93242639871928701        1.0620346520122419       0.88981236972695199       0.92867402939408794     
  0.90724439398845447       0.97710335471714060       0.92727883433870562       0.90654947493866622       0.93216812978512020       0.91741172247644220       0.73230654451001398       0.90742021602953538       0.96380231631644708       0.70002128450330980       0.91506534176722654       0.90920152869035820       0.89896535969841174     
   1.0729864411437013        1.0768781308549227        1.0454012661606009        1.1407236023716425        1.0853092540368312        1.0339352576176595        1.0530033600012245        1.0393498679742812        1.1265422631481483       0.94740189254079910        1.0557037079574365        1.0309805266963368       0.97967538030556700     
  0.92378567394216393       0.98046510170662138       0.93906203820583733       0.92119217636179518       0.94341075889086201       0.93145891349732346       0.77737004523919395       0.92259351934951628       0.96818028738779172       0.71584545280974710       0.92821534501256064       0.92544192466673492       0.91503185681434129     
  0.92613444228209185       0.93163041637685662        1.0248898099967518        1.0960588116801047        1.0997650271183317       0.93265816707009719        1.1204825174900517        1.0036883610680676        1.0021584313756517        1.0669358571185439        1.0739851370977720        1.1290657123113823        1.0615764399782277     
  0.94017076602617045       0.98389486152991612       0.95082495930647215       0.93565806236687976       0.95441363899339460       0.94564436487957471       0.82169006080179707       0.93840171571121989       0.97263456160130968       0.73397957238040001       0.94143880959805260       0.94171602228732909       0.93135160264125638     
  0.89598253138620954       0.93520505919200048        1.0337287204440566       0.99372316715112463        1.0189137830298025        1.0290721478699405       0.90264965248274354        1.0437802450325822       0.96479775470929852       0.99113958860310292        1.1014944792495864       0.97759695946767255       0.98089566255769434     
  0.95578437820280637       0.98736802129186219       0.96340866901090105       0.95168352325128636       0.96514946383645417       0.95944048037063701       0.86510642155458906       0.95405450317188578       0.97809699468478661       0.75874469566283154       0.95529948050080571       0.95653413200022119       0.94631363882951347     
  0.86031404531425393        1.1437238095644988        1.1378588195643577        1.0365542066786240        1.0787871077587945       0.94502832360835276        1.1067922710541243        1.0467601838166809        1.1925701059010094        1.0814886973257287        1.0595599366258415       0.90598244181923837       0.91197847841054158     
  0.97044709227669479       0.99109640137063237       0.97596635693033262       0.96828041431507539       0.97661030939892901       0.97360164577710484       0.91187618403178206       0.96989117049326312       0.98311375813069291       0.79188202562933385       0.96918804631647726       0.97108940198926352       0.96225393396916714     
  0.92564718150816783        1.1591616876792186       0.99036069467884402        1.0995909552917322        1.1273724862679257       0.88828764455911302       0.93716802154713386       0.93902906695512200        1.2564914512427203       0.97256018445084969       0.96516292235350787       0.94713071700689566        1.0060105974841922     
  0.98497072460188229       0.99552107094658215       0.98785730125598592       0.98405844967197131       0.98832157245693253       0.98696114028256066       0.95509126358447816       0.98510881136627504       0.99172989968938585       0.87624088094418462       0.98482865164781253       0.98574680904887191       0.98121040955033334     
  0.93551825346121054        1.2313911010938308        1.0008780804825606       0.98270144494211531        1.0968551249740393        1.2419774301883895       0.99541823895336434        1.0249500844965123        1.0691437031962254       0.92737032282760534        1.1472239310008461        1.0461036991419368        1.1530432601807135     
   1.0000000000000000        1.0000000000000000        1.0000000000000000        1.0000000000000000        1.0000000000000000        1.0000000000000000        1.0000000000000000        1.0000000000000000        1.0000000000000000        1.0000000000000000        1.0000000000000000        1.0000000000000000        1.0000000000000000     
  0.87973893614450283       0.93194462519802523        1.0747628602929429        1.0238409346126915        1.2442761110781282       0.90607648375660865        1.1012931494034055        1.0195855938150420       0.88330641965491441       0.81372096694340235       0.90154397826693200        1.0015669010233881        1.1311825364605128     
   5.7811806097741334        3.6475382549764590        2.9924837832053384        8.0691395578007992        9.4922452959750512        2.2218817329278662        14.750975830017346        8.7793567384195956        7.1700126237437019        8.0840306197020571        2.6281862765970616        8.3535860895661820        4.0443293177222115     
   8.0996934094647610        1.9799249762143838        5.6056242459086798        4.2401426071094930        8.4176352355245303       0.85802692279257831        9.3223428504648265        3.7467097800696996        5.6091500428722796       -5.6865445059587838        11.478599804125469        7.8450011014901104        7.0236917803187549     
   8.8336084172181213        7.7406107927798349        1.6831910958733511        6.3270437396713426        8.9337062414580064        5.6064151371756310        3.1308589983684159        7.4108371704416491        48.875274392252145        8.3714016021595086        5.3533690914153560        8.8028777334119468        8.8001926926563208     
 -0.25865989085724173        9.2875900116014218        5.7952635968193826        9.5029864280689065        8.7615195120362657        6.1874083113824403      -0.10541435424126079        11.610265339574090        13.107384651404777        8.1925975489584371        10.412179769979632        6.2457606845511782        7.5991969729064621     
   11.170865801150885        4.1772577555753099        4.9438459489137436       -1.1995556197732145        2.2656575106273760        9.9523842450126683       -1.4058273118908862        6.0721008740092133        8.3673859085936790        6.6562000673946455        9.4575969228657755        4.5578686251480081        6.0612143591029355     
  -2.9598881722073100        7.3197119764375236        9.5197664238650805       -2.6482025731045433        6.0340222257444758        7.2743131824754776        1.0762851029254348      -0.23074726811297136        6.3794891197671486        7.1219209153162533        8.4736032209206673        10.027814220872019        7.8360251777446539     
   7.8669994509595460        3.2430648300048630        5.9702735701642542        10.158760307186570        5.5743764177126884        5.6242934743871400       -14.179891133897234        7.8554546128597647        4.5809431609326268        8.9387420668821669        3.5151846669011864        5.7837270646762686        8.9508968960098887     
   5.4609110850212339        8.1473876918096391        9.7294842437547775        10.844833954757819       0.82720881157142823        11.154067273163582       -28.859786392131092        6.0931833338342232        8.7039282404750278        15.813515905427437        5.2146295709829218        7.2198821855633755      -0.33096946729737525     
  0.12906787127922989     
           1           1           1           1           1           1           1           1           1           1           1           1           1
   6.4986101765966434E-002   3.1918878009046837E-002   1.7071385286445892E-004   5.4598656044728289        2.4011429305484315E-003   6.7028462044195709E-006
   6.0167250958170120E-004   5.1268877097655383E-004   2.1234785485594067E-004  0.37447370538778124        2.1213553093222257E-004   4.1660274043036161E-007
   1.8329848644343130E-002   7.2151738239407841     
