   0.0000000000000000        0.0000000000000000        0.0000000000000000        0.0000000000000000        0.0000000000000000        0.0000000000000000        0.0000000000000000        0.0000000000000000        0.0000000000000000        0.0000000000000000        0.0000000000000000        0.0000000000000000        0.0000000000000000     
  0.15309942290042014       0.20529722630849423        1.4960963067212632E-002   1.1347552921798797E-002   9.0452013306030164E-003   1.5391007380170218E-002   5.2082400126315202E-002   1.7999710512653807E-002  0.64174952153436071        6.2491069735682012E-002   4.4622916774599355E-002   2.9357956253374166E-002   1.5757005006175478E-002
  0.59973163464906043       0.66353198979984540       0.60626764972115665       0.61505018761853447       0.73151183568320199       0.69156618196249187       0.61207881990408886       0.70162037916092146       0.56327965641257138       0.54505469318346078       0.71744365899988094       0.71850624774518723       0.68829874176400385     
  0.26935786560658181       0.30806614429877216        3.2340104212170012E-002   2.2781653622839262E-002   1.8196947589939737E-002   3.0450161330410088E-002  0.10082270762901745        3.5179763180052163E-002  0.82526424214896110        9.6259755635846309E-002   8.9010424754859374E-002   5.6082122485223686E-002   3.1336598454774739E-002
  0.76756565205722294       0.74547633341971153       0.60556634358095518       0.58759311944701553       0.64800522239639879       0.67432644114734108       0.78340061899131941       0.63894586934300646       0.85253503250963958       0.63064587187244980       0.67788667605990682       0.80819811090778593       0.73403310851024872     
  0.32921972916872477       0.36926653120537090        5.4033844301319883E-002   3.4144863770089233E-002   2.7740977525482928E-002   4.6489557535615095E-002  0.13847377203803218        5.2466933774545470E-002  0.86520105873049424       0.11353774132783938       0.13602968174675645        7.7323094708913409E-002   4.7701194197856962E-002
  0.72924081317960698       0.66962371041496704       0.57626893828199655       0.66340157350885731       0.85938389254864800       0.65584513898608232       0.64252872191747434       0.77657805678341829       0.60836955565291773       0.65526986876882587       0.77960704592221619       0.82527401006520174       0.56781314785445192     
  0.38135775326710847       0.42104725474879889        7.9572506318909858E-002   4.7884147226177433E-002   3.6683196600613185E-002   6.1807154350346408E-002  0.17193110628557293        6.9788580718756946E-002  0.88428662170177086       0.12715997316275812       0.17225910699431696        9.4382598539925935E-002   6.4446343143495260E-002
  0.71807973754713161       0.76467458488084561       0.58886486703266061       0.61215424472155733       0.65613056614494147       0.69809173438299443       0.72729537131802913       0.79325291080056926       0.62485317002559815       0.75954482010728330       0.73626645221400266       0.70887025624816724       0.70113542441244536     
  0.42407279324675512       0.45934928631366007       0.10725880495156664        6.4873632692060965E-002   4.8858187103289111E-002   7.8293246391799798E-002  0.20053493465647226        8.7180435543884091E-002  0.89844551130488060       0.13833028194803898       0.19515948153803267       0.11120816288764181        8.0330620708596395E-002
  0.65297663246485993       0.65626229458095386       0.62692170241778122       0.75097462310153595       0.80235152000989229       0.70779874186496394       0.60116585612671058       0.77423544706070235       0.67102339642277442       0.56860638043397393       0.64225879977517075       0.72750015717666472       0.65439777514980080     
  0.46300978326017966       0.48903803255108408       0.14044771884018956        8.2312151706142714E-002   5.9921978360220951E-002   9.6301210545371857E-002  0.22598354099251100       0.10515087905494580       0.90724695148986800       0.14805728379551703       0.21440864092763490       0.12755010924294505        9.5520759197106564E-002
  0.69462261588274399       0.77240219408518529       0.67811828318183087       0.80402234811773432       0.76712624049873268       0.74501548916526639       0.60199396833089036       0.74406282196347007       0.61103434120272182       0.61174536362580678       0.68268625227725299       0.76149123772135341       0.66745678957982491     
  0.49561110196171104       0.51295272548552107       0.17385664849562027       0.10023322226966498        7.1479123445601256E-002  0.11371290177258818       0.25071955055731115       0.12327849673864325       0.91484129539154091       0.15680034795522582       0.23126452107979079       0.14459738153556617       0.11151485494233804     
  0.77145127361672794       0.62370570552580229       0.63400605361177831       0.71210835901423875       0.67727501355852404       0.74505425666859304       0.63937994143952936       0.69544476387186316       0.59626383116390891       0.70083208066349412       0.69921144926665979       0.68857861990277947       0.66146621957122631     
  0.52518438419583657       0.53311040011797184       0.20546543008678492       0.11800922348327435        8.3586774010482659E-002  0.13087214878410189       0.27569170436503798       0.13905354965191954       0.92135703031377258       0.16479317158182999       0.24645001845483497       0.15692577686395270       0.12835353278274048     
  0.58469815197978792       0.69947352187762790       0.82203077908291999       0.67086628655781688       0.81023488238470398       0.67835107453752930       0.64406078722615290       0.67706652639680043       0.59841792867141097       0.65359685289495484       0.79692874194533392       0.63293308884292876       0.63965346966472603     
  0.55010928120581615       0.55177429643599518       0.23684282416969704       0.13650311289147793        9.5796647878481467E-002  0.14676271171848798       0.30199008272289901       0.15384459103520362       0.92701133128890234       0.17202719908621464       0.26004666440868951       0.17001929244547911       0.14628653075469636     
  0.62217192131946852       0.62866759797041039       0.90023331895805669       0.85500333122085082       0.79646534813216907       0.64157996989809130       0.72003357285278702       0.62890817789100395       0.70881696444243181       0.73368222700078689       0.66164409586811246       0.65017706247218354       0.68354829127912431     
  0.57466346958112158       0.56911893179461803       0.26444610006871494       0.15465562936368918       0.10757565552485245       0.16099599864621247       0.33000477727094629       0.16773449213252847       0.93207049558458499       0.17876120874561544       0.27342506655254323       0.18165747667388496       0.16707451525060280     
  0.61057711050870733       0.63964395917713457       0.70833705894262788       0.71540804721229456       0.73059745792842423       0.71605757651947455       0.64841259541649954       0.58709577633879495       0.67434248139844810       0.67286566704645556       0.74093550332314351       0.61810836208015763       0.74663652638300393     
  0.59698156865831142       0.58626220883676650       0.29093740461207795       0.17280391270512074       0.11832993506213581       0.17614595454671433       0.35824625563856527       0.17862239393282553       0.93685664823781944       0.18490664284287103       0.28625208332759794       0.19385643207508876       0.18760657178698142     
  0.72012691746782620       0.59336137722987992       0.61243066725766993       0.81561812162182090       0.74989882721870704       0.67459922506817327       0.65579224657252011       0.67130075520391497       0.64783426069234906       0.59378272812573318       0.83468006214226464       0.71016727995240614       0.73252945247027645     
  0.61862433254129479       0.59937716709770550       0.31668508468080753       0.19053633148067653       0.12863304200597397       0.19170677858598201       0.38735528179764345       0.19162671588152852       0.94108597365832813       0.19060302965861509       0.29836971452802419       0.20709125145341400       0.20732677022519150     
  0.66546052770735231       0.64586275849889951       0.73644686100604428       0.80217903280573999       0.71259528925271121       0.68784306211463864       0.84083154513624814       0.62288910680862231       0.63160336151384056       0.59850716140712024       0.76274057304439702       0.68692048336077915       0.77622603758693731     
  0.63770617799011597       0.60875342211919126       0.34302527862072474       0.20813233362727962       0.13917361310140955       0.20666929963798897       0.41553548686660585       0.20553476859921249       0.94477758103225851       0.19739029390444404       0.31031709439991950       0.22153482524306442       0.22769556626459495     
  0.75169507211744291       0.65039398468182197       0.72579026037793404       0.66208617079531096       0.66023578401075367       0.65860789369655282       0.67371931048088785       0.63845304110803280       0.59589018118056203       0.64973131114417504       0.64579232746670512       0.72596814099428064       0.72319146476810303     
  0.65611703333087268       0.61917964074744269       0.36370868016165769       0.22591158779548259       0.14962653657726643       0.22120457044031647       0.44335931799741168       0.22062670937454415       0.94790920358436848       0.20369026170061386       0.32182792825839102       0.23707964689354738       0.24415249445944134     
  0.65342600433075759       0.65961222493526384       0.61560232906922363       0.76301791689337384       0.69792480033756255       0.66989353739442725       0.72392798281199511       0.62872273872409956       0.61845030471258322       0.73232737713833340       0.65785829168864984       0.68665753324403722       0.62744273964956043     
  0.67117638125517942       0.63151093804293601       0.38415155699937509       0.24309471874833963       0.16042267379302891       0.23656202908441532       0.47009540094238894       0.23475498556674643       0.95062473682965654       0.21071762669426941       0.33340029950285760       0.25246177404113662       0.26035378674515575     
  0.71909032447907895       0.56464606614754742       0.73441107157047969       0.79209597144483446       0.73135276221511325       0.61544448781570582       0.78891080913017897       0.62069442342224435       0.62220344891235069       0.73348169410317965       0.74246946398423663       0.65650433363407468       0.73188337532437930     
  0.68568503717914153       0.64427305005577917       0.40234815892717446       0.26067592831080794       0.17140860486340762       0.25393243044964620       0.49584812150752955       0.24834684827540146       0.95320673394274624       0.21739373820357141       0.34573504959299939       0.26808447586870199       0.27486750684163314     
  0.62002327136646163       0.63844041124554962       0.61533568250769233       0.64899620033173533       0.66002366556499992       0.66787230878928505       0.67943218852898268       0.65581435080305561       0.59732784722807963       0.74430152868685306       0.76446930354430220       0.72624861845900968       0.67524837276411220     
  0.69894924728746111       0.65625979800570755       0.42071924604431282       0.27582332590463476       0.18257766497432518       0.27176240468045820       0.51711412614494201       0.26142837243560940       0.95575959460920390       0.22345426291451831       0.35841463825197556       0.28394846237509574       0.28880357618999208     
  0.60143784133624001       0.60633253424739597       0.73336512765884998       0.68788286909563712       0.70853959758118934       0.64246619542448768       0.73954285665878805       0.57435559333903463       0.63378644632349068       0.62600089557674887       0.70699520239711766       0.62920290050549543       0.68574195083370615     
  0.71293562901121066       0.66800310184540035       0.43684852432082744       0.29173979874027617       0.19415897146556446       0.28830447322926628       0.53406626011335401       0.27440451403337890       0.95833680507606112       0.22933596228163580       0.37150386206070463       0.29871892797513222       0.30239477330422765     
  0.62287851121087345       0.60551579471698602       0.60939416025327398       0.69530716889489808       0.67368764695811556       0.84387939377691779       0.64508650362651743       0.64534076594065570       0.64346134999393434       0.62543592381887325       0.73563272907003407       0.59613131981314749       0.61043478609007196     
  0.72544056116458966       0.67895767764708059       0.45305660508431594       0.30579237126248915       0.20585562668717264       0.30470650993602288       0.55022495835400953       0.29022738123177277       0.96074519976335204       0.23521186880741493       0.38468196038779584       0.31269483608887072       0.31601514201431302     
  0.72810956990726849       0.61775412286481191       0.62963119280461977       0.59343657841378294       0.72312984030981475       0.70578387403661602       0.67959377425690215       0.65643374844450075       0.66494330094720999       0.66589071416319690       0.75885095576272577       0.63379951602815743       0.60647157772994642     
  0.73834356169557280       0.69018801494884618       0.46936616537624321       0.32016861620839504       0.21737473874801116       0.32097085848530937       0.56530247387301191       0.30615919086923427       0.96256420580003244       0.24164016285178311       0.39551108451308720       0.32722491744182081       0.33020084820057477     
  0.69376099086485898       0.70496956282981293       0.63580740655158097       0.72563331705056222       0.71790800866178128       0.80340546537192636       0.61613499224528401       0.64808033781612273       0.71186662731821826       0.67488925826862411       0.70237515905418535       0.69178576032797601       0.76944393983920067     
  0.74887167586178593       0.70142416018252995       0.48580545655425195       0.33416778045640111       0.22898084443230676       0.33607027785964599       0.58122999870623904       0.31773027629009737       0.96431239250539647       0.24872535086375516       0.40522804990020878       0.34245792774713146       0.34556580282890847     
  0.65124176967466585       0.63142635803676439       0.63176844175839975       0.75169333763600910       0.64479127383871193       0.68023294669831968       0.76821843783833443       0.76931423239904484       0.63339167026522425       0.80977734863270256       0.61361235438191375       0.70162957670657111       0.70334957948594690     
  0.75974376478263483       0.71260778048153839       0.50282525449680615       0.34959976414467009       0.24069349641900087       0.35058864630410891       0.59873685901337625       0.32982455543918476       0.96602890445181899       0.25631383534112173       0.41726466298094217       0.35837533278724254       0.35848490329629945     
  0.57170083400917071       0.71078790598084329       0.63748501343053021       0.68845365418038973       0.65105384704614266       0.59559614782878723       0.63868999258540238       0.66213671128438578       0.70103208012628460       0.65631580670249734       0.63584155831824374       0.77681576459718471       0.74480618091413753     
  0.76863273914352648       0.72342214085297607       0.51924671814038081       0.36556087613184701       0.25204944243148125       0.36492262394498265       0.61582605666339485       0.34286633279969991       0.96780211908917957       0.26310560608608596       0.43040991982760957       0.37472509580215152       0.37038212590672820     
  0.66882565416494566       0.65825370534160832       0.64075328824931532       0.69478023952211587       0.59400293681035510       0.65298925634729343       0.70778992474811409       0.63197343639363501       0.79326109292711056       0.71978598917150283       0.70839861489982592       0.69786759634212336       0.64238556729460972     
  0.77761523647407049       0.73352610354465664       0.53525768039768407       0.37986351566160531       0.26348201098302676       0.38050612314844751       0.63319696640757361       0.35880468011157340       0.96938915865915332       0.26929216031549069       0.44451889489089896       0.39001788692063849       0.38063798061509152     
  0.67276398303284479       0.68317025503123452       0.66967817317508005       0.62194597405296592       0.64789644196138696       0.65948130987439535       0.71011674624772037       0.76473710903224912       0.66612443416694511       0.57643581112120179       0.78171888188386007       0.61691484561629695       0.60605292526134225     
  0.78643775082168832       0.74345499485974886       0.55167863254167693       0.39181464723303633       0.27559892470543706       0.39718743354795089       0.64751329206482344       0.37478481204947911       0.97079808607373419       0.27411207125387899       0.45877547400881480       0.40483889163841336       0.39146337152467570     
  0.74458419741375359       0.66462740976922341       0.59843795905002606       0.68790412676658030       0.63548524534191830       0.59969699391303655       0.69834190657824957       0.71128299996935540       0.80398597707926744       0.58080475519964592       0.64445689970812725       0.60029227161091125       0.61179619514945116     
  0.79504186819569223       0.75283017939269192       0.56835220098209360       0.40763062132206185       0.28978522498931314       0.41396919834253337       0.66075434926949261       0.38986782080526938       0.97216772427658416       0.27832502456695718       0.47254938342010061       0.42034161464869291       0.40431689673750976     
  0.63325711065382273       0.65985362909533951       0.59655263490024013       0.72932595054775573       0.66950801502863144       0.72752653914361842       0.57537096865720772       0.63373647981373549       0.66341310445976343       0.60635319174155999       0.66361368889521033       0.75378807528014380       0.69277730144600835     
  0.80244816709908517       0.76183504341841612       0.58398128093423740       0.42417411599311833       0.30406524054965223       0.43133146130425426       0.67409231240187217       0.40393499308537156       0.97352676887072431       0.28384621103296248       0.48645643756446522       0.43649929632961043       0.41660082553135702     
  0.62354057044016509       0.69096575003038252       0.62556449556443683       0.74380597402186421       0.59441472033185538       0.75065389615917033       0.59520991344666940       0.77581149781732195       0.66564688923503679       0.69382343257953272       0.70214200975777419       0.63463042040572326       0.74465302900200681     
  0.80958780987616741       0.77018644955194493       0.60201778921606897       0.43979486687394254       0.31864622087551109       0.44911557402090013       0.68711632135754352       0.41640909504057860       0.97482283382817925       0.28961533105834070       0.50065062145510075       0.45268269432588337       0.42888299890457499     
  0.59912441667560024       0.66618041930477467       0.65886729755993523       0.67309333607459576       0.66597793633798641       0.68135159873965578       0.67518878635737545       0.64734223514525235       0.63216636766479151       0.64086774105032784       0.70601969061469028       0.68108742842237957       0.62666634760380002     
  0.81638416600948716       0.77811558316890517       0.61957175700797162       0.45325462456502075       0.33326696884388601       0.46693670397214948       0.70002911749070729       0.43169636698479807       0.97602648388268887       0.29611500607987262       0.51592174556362669       0.46784347756301581       0.44057096047410166     
  0.58300623557842479       0.62252431548407416       0.71150819066213966       0.64907289897617926       0.76422498496667490       0.69275150644534111       0.65060948850831568       0.64890691646845977       0.65256451223330858       0.61109305340811926       0.67113535785541123       0.70609366383825400       0.61526152756719910     
  0.82328774697215057       0.78642035895405893       0.63546876209455372       0.46907418723737493       0.34859859762150741       0.48471407221763091       0.71302695826489282       0.44806268390529586       0.97714723850655250       0.30241258508885416       0.53165393880886824       0.48258922265603171       0.45134604968766828     
  0.63871066325386583       0.67461338207084853       0.61935233974370762       0.64569059882612079       0.69774023462250312       0.62481081554204876       0.63242587770718328       0.71695049881338158       0.62396932462010168       0.69607193924239863       0.76595436029986252       0.69943724450331823       0.69570981713229540     
  0.82989887382736327       0.79502794745123739       0.64996275851324503       0.48788243315296081       0.36216663382549519       0.50223769563980192       0.72707857581628688       0.46342170162167856       0.97818283241376514       0.30838554740966173       0.54701571277996930       0.49738982097394341       0.46370147437371401     
  0.61175123337875381       0.64681478078894461       0.69282117324053116       0.67012074961460466       0.64397041042488268       0.71266906665916729       0.66229841891651786       0.68000551136561904       0.70966777146261462       0.75317007885377063       0.78431992704545195       0.70118372373788829       0.70992109294709649     
  0.83692332119396351       0.80354006101922326       0.66380761856769832       0.50550474335286355       0.37474958590678237       0.51986273908670266       0.74044640500944392       0.47806454472142501       0.97913527742845274       0.31460449989294959       0.56203024822002723       0.51244119737867044       0.47584170794657638     
  0.67054688138931873       0.68512191127984834       0.64793505744667967       0.68749693448159277       0.78218884190025040       0.70947971728747083       0.75140820268906439       0.71248855888862339       0.62458068086662899       0.74975656530149215       0.78208323622574105       0.81443790246902936       0.65764138262476257     
  0.84399555650142277       0.81213644186710510       0.67786191303686971       0.52204948292170628       0.38573964868987504       0.53755913369701191       0.75367693408310932       0.49595505994370070       0.98006449029931864       0.32150990768877874       0.57649622937064871       0.52803279574571416       0.49138785584464162     
  0.71827213460309924       0.66175499650061376       0.67496925072946345       0.74916734185466227       0.69853961397480679       0.65954260607797888       0.70143110050741009       0.71656466402104169       0.61591743987141367       0.68194467181730301       0.65628429585106218       0.75157817416690298       0.78107507673074117     
  0.85093854490105703       0.82058722821472441       0.69212269590871800       0.53936691155795990       0.40008339884206129       0.55472746065225542       0.76592696055435450       0.51257695685320626       0.98094947631770868       0.32883911652077147       0.59191634938057314       0.54402869920099939       0.50649163683169518     
  0.68007809093643712       0.66778396694891129       0.64323852421002869       0.77590134529358845       0.61925769544671061       0.70868554171320242       0.59812442511022812       0.72597039118303830       0.62229064408052992       0.68102736985571743       0.69286819907438746       0.79805157113256575       0.71696016271489427     
  0.85779899015513006       0.82874328782995510       0.70670628760725340       0.55904607169506504       0.41403859709773111       0.57168094901147271       0.77686359228376134       0.53167984090616727       0.98181581755259872       0.33598254251792631       0.60771029048940584       0.56019912016184148       0.52265432850251292     
  0.59564188718948552       0.77591934218907155       0.62210189827490092       0.85865903686150413       0.57904195139290904       0.70057928812639625       0.63520826717978629       0.67114352550910283       0.66892148431897747       0.71774831520208415       0.83484370920252637       0.63457442216586490       0.68073290757293703     
  0.86429984184015163       0.83677395240768648       0.72095366294672758       0.57816063612983726       0.42963667683253887       0.58766619598714032       0.78721561627847658       0.54953870880931244       0.98268494986675792       0.34310969266075492       0.62249218671083106       0.57582299301151185       0.53974672589511363     
  0.67078150067702380       0.71672824316299255       0.59663086637843565       0.69592193892510956       0.68615288365306282       0.68843485088762468       0.70314407211651031       0.73628943968033034       0.81664757815871081       0.94204208576232884       0.61858742843098491       0.69158586088561924       0.82925772001589193     
  0.87042444920693451       0.84462823448240520       0.73545078283406651       0.59560272259096225       0.44689760558253261       0.60429948643346454       0.79697411377259264       0.56688983258296222       0.98357463388037691       0.35025849957066396       0.63668319733169121       0.59095642308102170       0.55492673161224859     
  0.63149129822245353       0.76761950616116936       0.67374465201212497       0.68674457573648973       0.66735415973490431       0.81722725631401139       0.56446365849024349       0.72992774370076419       0.75335158665546875       0.73688992388401287       0.77838622932242496       0.69258932573254350       0.77850244236450927     
  0.87629325993924856       0.85112646671614367       0.75057452047018303       0.61256403127461856       0.46462036875392981       0.62161935352826225       0.80719707666488227       0.58500321118509790       0.98431320691811974       0.35772511238793581       0.65072862989618896       0.60591311584682872       0.56842330381834894     
  0.66842699651781079       0.64906248863013882       0.78322537745278575       0.66110345947600080       0.73601205676249737       0.85952674898332160       0.71732896751874120       0.65578429801461968       0.73082560092775861       0.69861970167260301       0.60276183208471457       0.63165626552871756       0.77328536147197358     
  0.88241548239663414       0.85832127940825764       0.76595383736317024       0.62695000849700477       0.48345819995546302       0.63801349207337099       0.81784471550827997       0.60213499018292971       0.98499574996671890       0.36557807501799572       0.66257417558647314       0.62140323194220126       0.58300568862084678     
  0.62724846842825832       0.70065964423853244       0.71404391684367474       0.60811322341247620       0.63731779240112163       0.73459969190424612       0.64969451964467884       0.64865561104228708       0.67359312813443117       0.67764640796064979       0.59581811881402547       0.73839398249586718       0.70650987189852810     
  0.88796519297586574       0.86506648876591685       0.78097341195883663       0.64112970373098876       0.50223057531786275       0.65339477254075573       0.82771603951754713       0.61862335248677780       0.98565762533749868       0.37356384785596419       0.67630184886219602       0.63563439904461416       0.59822602168715466     
  0.66067562682003222       0.64269424046756574       0.67750358122524135       0.58579349353349119       0.71932509313473136       0.67598288989660738       0.62393983055601365       0.65393456818986984       0.68178899832209305       0.75813712050029924       0.62105102666465761       0.70952782382018209       0.64828868126683814     
  0.89338912942312410       0.87197043213218650       0.79586586156989003       0.65685226765671101       0.52135792769697864       0.66907874774016851       0.83724134148258689       0.63505758910951526       0.98631719197673262       0.38180118230203330       0.69128402137017686       0.64922624016171304       0.61443980139295895     
  0.63419168509780555       0.85954668247411115       0.68429415375229152       0.66633384745502244       0.68120099859677541       0.62262700633727497       0.61649629530824990       0.75768537612296294       0.73046976293570332       0.83019316753678041       0.66524366122075029       0.65263997779930094       0.85776023268065626     
  0.89922827322568377       0.87864648203415063       0.81050434323752574       0.67356690659952512       0.54141092950281200       0.68340367269308033       0.84683571505709598       0.65141909397823594       0.98697939769806498       0.39059019157821800       0.70514840305001691       0.66210963389528343       0.63192797131316580     
  0.64624129741296532       0.75815935168509896       0.75538947822285629       0.65200341746611279       0.76214886309297636       0.68948819146340923       0.57804338801720723       0.60062217041609967       0.74695202414480821       0.87340514352386156       0.65868077299003502       0.66123922142759683       0.64688752597365873     
  0.90490947530358845       0.88507531706049547       0.82271162976453893       0.68991953943255779       0.55980688757213459       0.69825040803560279       0.85699854571691336       0.66957248725411278       0.98763145341194580       0.39960685846143640       0.71822299489729191       0.67451096975765545       0.64885098265855390     
  0.65019463634178087       0.71934974444292288       0.66163762064608922       0.67533661468240402       0.62358300680649503       0.56936441008548944       0.88312558165251120       0.86670287053441819       0.62698414319931239       0.70528053519552936       0.69718603671964985       0.64686288677731618       0.61939838706601658     
  0.91028232047932511       0.89135419098286395       0.83594632461502927       0.70585938873430309       0.57752240292044932       0.71520811560511299       0.86707911431924445       0.68849145015011681       0.98828172886643617       0.40851358005899102       0.73190641305090687       0.68697829248282538       0.66597446611675337     
  0.76763217489090940       0.81011058447916762       0.72536273248184069       0.70679314555144757       0.60448112451455338       0.78487366777295930       0.72062810473381256       0.76980517881872157       0.73535654597516564       0.85723838402769925       0.61695952232201112       0.62589366754344777       0.84650882034583697     
  0.91550029577837144       0.89742186080620001       0.84757536075003681       0.72136811082978936       0.59492089694772365       0.73204356660503545       0.87646890759777285       0.70672775783909336       0.98884124872746970       0.41766898379664374       0.74579007606529091       0.69997577303589864       0.68380588215153959     
  0.71165978040308886       0.69827658437106577       0.74774685643318028       0.68066729983769636       0.64334517768302024       0.71932704429275596       0.59505462269284459       0.70185838247730070       0.66122725423204709       0.73111060213901979       0.58849758307414635       0.69200600194932693       0.73142772733244144     
  0.92035812511789428       0.90336184553528276       0.86016268471641455       0.73668874640206228       0.61235451327228274       0.74608974769584124       0.88562843798223245       0.72403192264993010       0.98929509803153437       0.42658513273297710       0.76108177945085120       0.71439902757486407       0.70258873886911632     
  0.64283283949826742       0.77700808528814802       0.77444931453723986       0.61937930781172312       0.61692305873619457       0.66937153106279768       0.59677651732008985       0.75556956744216741       0.60752648076286409       0.69475115126581655       0.67315226986307453       0.78714750336037742       0.65282124301412547     
  0.92504017619478573       0.90960308905372866       0.87029297236533876       0.75311024585724384       0.63058650743951106       0.76018407784296516       0.89457637536058310       0.74071682637563374       0.98977461058219129       0.43524708845413773       0.77739577023255246       0.72916189593428915       0.72151997691159608     
  0.76575156345880269       0.65288402452217986       0.65870365205462000       0.64773019604056603       0.78773921049548612       0.68873377055470275       0.65551687778033185       0.84372657411583607       0.68725353017379753       0.63910326533852491       0.65485208686495788       0.69001756656948376       0.61293145923170211     
  0.92980403061881078       0.91508301904413847       0.87912454204818447       0.76892104937162387       0.64913642738407185       0.77370390118284227       0.90300883072989069       0.75758216460665606       0.99027902139490709       0.44441799549855732       0.79528213017108251       0.74277805948011422       0.74022587195990874     
  0.62709875363892997       0.61025923484874112       0.75027380270573496       0.71310213905114261       0.61688561378356155       0.65928100676261481       0.67613249940572262       0.60858314240148970       0.69078325486743763       0.64742210527110811       0.60414519543420775       0.65066444894000230       0.73176746369674150     
  0.93465896930080550       0.92053745814556853       0.88728141306938224       0.78493858090780555       0.66821759085065191       0.78842651555403453       0.91085980640529451       0.77437326171497489       0.99083230813420653       0.45455985294507928       0.81265710580323791       0.75738800315986765       0.75769705186463088     
  0.73825313516955171       0.72831293909152528       0.70239260899903722       0.72926983882912411       0.68362760320613936       0.59089356245881364       0.68292294897355366       0.72287141337950234       0.76760405048147173       0.71446703346103779       0.70193941029067852       0.58893607689713645       0.63175107578007417     
  0.93917903161473504       0.92566692317725341       0.89472710138018263       0.80100469545199537       0.68776659977253252       0.80342745381580061       0.91821761162967308       0.79091126537718659       0.99142943496164015       0.46495536864788733       0.82864456371622941       0.77176347737378581       0.77285952622444987     
  0.61928543915972301       0.58875003458744957       0.67574930850555404       0.71035210065069809       0.66314681791834018       0.72130229458155115       0.62129695873018997       0.70314208877255169       0.73820856465312912       0.69742701742781010       0.57933403836859609       0.66285725784718952       0.67783877086865152     
  0.94318357303534750       0.93052028705060541       0.90391317886951916       0.81586876843420753       0.70581261581400589       0.81721951328059328       0.92556712444345024       0.80678237962842936       0.99201596539949632       0.47635537480586382       0.84352533784948236       0.78608392051668219       0.78632134607999782     
  0.70014934020963548       0.76985433709883022       0.63556713830559741       0.70565024281681132       0.63334127791116801       0.66355550149318776       0.83796219673319239       0.73036392965868657       0.75746694986201191       0.73690728879671230       0.71427943386474557       0.61221917868589759       0.60835688319123238     
  0.94742210398354010       0.93518502103634882       0.91275084132578566       0.82986675231493778       0.72345923241693333       0.82777418423190596       0.93219364847644148       0.82165045447860729       0.99258466315886651       0.48905480574936883       0.85727647609050339       0.80232364100797704       0.80123684592737365     
  0.72671329521682226       0.63791472775232605       0.69986466461911323       0.66356165736379735       0.69292503660128191       0.65529642645057484       0.61464272635778472       0.73579524788232342       0.77880297143179145       0.68792718052845570       0.66664979905758148       0.72528144363541247       0.55469016361640522     
  0.95201071343875876       0.93983901427444227       0.92159952176724302       0.84438682417974853       0.74349416469023466       0.83769795761359478       0.93905490137532555       0.83655511330102739       0.99312396531547287       0.50256366759713400       0.87030411573805355       0.82236846990821688       0.81668212045664612     
  0.78389135221302286       0.62615589875924926       0.67505950130917125       0.58452159043353413       0.65929970243302249       0.60616903217676676       0.71460054499795744       0.66583061982186775       0.67521450646409431       0.62072653204739447       0.61690528665547084       0.65072591658439849       0.63878684667108532     
  0.95640967127508569       0.94445318775635756       0.93046956594663899       0.86084570831486740       0.76334521846798098       0.85174796117429252       0.94644392109996212       0.85201792341337779       0.99365792982634038       0.51671503317612533       0.88431393909818112       0.84057044647580970       0.83121330467479182     
  0.80945084110010157       0.70114276288513888       0.70869191836872869       0.68830350905075266       0.62400957386806688       0.60970131088560042       0.70304900835413719       0.62071385633001841       0.69957133167762975       0.63037029193142324       0.78252399083277946       0.71229210676694221       0.65284133692803603     
  0.96038244232559866       0.94914337338375421       0.93851739629275910       0.87739926198845386       0.78385123828411074       0.86820233176239892       0.95300361201304640       0.86749161617517945       0.99416541701873073       0.53113681655179013       0.89726235919521680       0.85633940733334457       0.84530856843145707     
  0.68605285515181735       0.69454505238668229       0.73743349558283156       0.72460786899365159       0.70551901164962361       0.73059056852521298       0.75261714178522954       0.62199758595950483       0.88119269564114089       0.77583205649151010       0.68262265270202016       0.66696766543682173       0.58473998039483954     
  0.96416264986477329       0.95345501494949436       0.94655444838661240       0.89222550924437560       0.80399519848673395       0.88246425173002330       0.95772793555189717       0.88323287140000595       0.99461271226499859       0.54647874136352326       0.90905142615719781       0.87262288473672245       0.86067613624817529     
  0.80507435902277458       0.74551048396417718       0.73173508429892298       0.61977819892996222       0.60612510069504488       0.66425589216669179       0.85637688609970397       0.78212123225802099       0.67964446436670300       0.75058427329554289       0.69015394432914634       0.62486033457983037       0.59581265313683185     
  0.96792751012430134       0.95746297294878846       0.95459997840714039       0.90568922858266721       0.82532769953652441       0.89620801163314734       0.96258774191038321       0.89783306627285708       0.99505366363807823       0.56316228587165429       0.92041032724410077       0.88892681720278233       0.87744181651257347     
  0.74889872159958160       0.64999879785229331       0.73880876732152001       0.63571179307027192       0.67395881771670363       0.62215468865089707       0.58481556936567103       0.64612310605103673       0.84376557463338353       0.66403134188495339       0.64789602454608697       0.63438785991576008       0.72822756781826414     
  0.97168815078989701       0.96138202774305692       0.96193210938727058       0.91833446381583117       0.84766033502275073       0.90956960358197159       0.96710503111644808       0.91115634249036204       0.99550199621560242       0.58025406895928200       0.93233216506622796       0.90524666873035642       0.89521619043680500     
  0.78718992823195133       0.85278172691357612       0.78791079880233217       0.68174424150178004       0.66079565859574441       0.74619188553806159       0.65977768980746088       0.72756870765590120       0.75369217260471688       0.65318006586220256       0.61124885912422811       0.65435281500387532       0.77204019593586326     
  0.97556728455209318       0.96538641844741446       0.96886820276649610       0.93080557683955389       0.87104610648647862       0.92426130113932803       0.97274515423076424       0.92434971820856038       0.99602063331437463       0.60067777758695706       0.94495073152178599       0.92207184342638016       0.91357004686685306     
  0.74738270292165099       0.63615888946622112       0.82206069599223586       0.61439621254988452       0.67608356550010118       0.60770575086925849       0.66129878163836930       0.57097783547527015       0.78362285046823232       0.66517634424499050       0.66983599686309847       0.66591448954373356       0.73536976237498053     
  0.97965216041669745       0.97133048294302959       0.97534318240595819       0.94386397901443231       0.89364683654622423       0.93992202696037108       0.97889362952030778       0.93699929586780639       0.99658999946751659       0.62315641519908072       0.95615229769951671       0.93975061654896463       0.93083648916136574     
  0.89419906940841221       0.73109707567766757       0.76935188194742121       0.63050645673240102       0.65199082306639633       0.76524455386408274       0.74471866205385628       0.64161632143303093       0.85185805039101348       0.62462970121220818       0.68187343562890845       0.69557771141478264       0.73045619189912392     
  0.98370020333526986       0.97812216415118292       0.98099646205765634       0.95780380577571578       0.91856238954329406       0.95556468943168282       0.98468743260376146       0.95239853056266333       0.99715890634192572       0.65419275817399802       0.96638120897607760       0.95397512842713061       0.94722513533667185     
  0.69585466188983791       0.71400136809753367       0.72816879200632845       0.58548379180935650       0.68392908082301929       0.68030293160127220       0.92081777107784624       0.64993812929930728       0.72439324092054269       0.67563858800382592       0.63233020143000107       0.67248903564111051       0.58566159368516424     
  0.98780504379259171       0.98494021987579028       0.98682032240261019       0.97210955801164667       0.94322932464301679       0.97094757503299478       0.99009748807184417       0.96658688389479408       0.99777615877571413       0.69576879066695119       0.97744271022983387       0.96875725851737260       0.96421712301496132     
  0.82018703364725398       0.78085742131971769       0.75903820238058439       0.71822188053502856       0.71889482914597214       0.70685355794811444       0.85895913446944661       0.64175887524730979       0.71653179291964997       0.69972897606312501       0.60081588364639227       0.72632824504745153       0.60582053536662828     
  0.99293043054235863       0.99230850614176802       0.99298580448548990       0.98581283835342626       0.97104794778426651       0.98563177376301037       0.99513611719205008       0.98369774564097068       0.99867100483713989       0.80103106789163547       0.98885200988448840       0.98454552410083040       0.98175539961400982     
  0.89506513554390532       0.75940081879510035       0.70756409099810269       0.64613784822077280       0.75241871061656174       0.71167204761800162       0.76008921352257486       0.76062418498008222       0.64672737411562087       0.80117844979734110       0.63847238893938496       0.63174762583753252       0.72927407334529581     
   1.0000000000000000        1.0000000000000000        1.0000000000000000        1.0000000000000000        1.0000000000000000        1.0000000000000000        1.0000000000000000        1.0000000000000000        1.0000000000000000        1.0000000000000000        1.0000000000000000        1.0000000000000000        1.0000000000000000     
  0.69871246136295473       0.77059116997500243       0.89213547328486809       0.66173810081874995       0.70246561493183257       0.63199841238745957       0.90787500251980313       0.60853569250190720       0.65657286817081739       0.54120135335002284       0.61676947910989355       0.70792079350153603       0.86908361205277296     
   3.9115634149953604        5.7468634815206254        6.6718522999648755        9.7548949104749916        20.618253079098984        6.1668037920839094        10.009816818771876        11.294796512902723        0.0000000000000000        11.096387992621237        2.5870596434922910        8.9724606759310213        8.2582637794726050     
   3.8476393932485276        6.4657084633614028        2.1338464128429964      -0.80249633861114278        10.548892609813329        8.8060076585248641       -4.4191877132859318E-002   10.458561784315284        0.0000000000000000        6.0787794335455594        1.8629237085349659        11.905265218573605        12.968331199362103     
   3.0691266419039689        12.803722827580383        1.4623751791269772        8.0255652978830376        6.8007035321442091        9.2601223459003066       -3.8193554517439199      -0.72032132026670725        6.2568553829410583        9.6533061889154581        12.946260036053461        9.8923093957868780        7.3914506894716592     
   3.8604661321544480        12.307943998981571        5.8051727991967974        3.9604554283138156        5.2005656417760671        11.565357395073658        4.9240914183220532        8.0927340078112220        8.1206963026244523        7.2683971936058986        10.867237824414559        5.6112542497275228        6.1036138208434005     
   6.9774367306513723        12.095898409810435        6.9720142028256289        11.140376726497641        12.261562004894676        4.8377068383586872        1.7121140199823348        7.7529034550844482        7.4690611035222592        10.135863121221428        7.5331622379013385        2.3440491806969428        3.3217921991235846     
   8.3543634098787631        7.5740949370399333        10.077150115213913        13.812412163841698        2.0497877299321146        5.5022452267141881        7.1627794613102900        8.5236683245313198        8.2923588320518462        6.7664055371005567        3.2815394892021716        4.1845674998504254        2.6857710025182571     
   4.2849776071405472        1.3021884181798715        11.211820574672418        8.5596138226025271        5.8709105033966367        3.4146194226536384        13.396206952554481        6.6684150902596837        13.258127381619556        7.2161559324604685        6.7214496101811489        6.4912652851868291        10.717656996476014     
   12.041508770499570        4.5161773119227471        11.361590694568509        5.4205751401914943       -3.0977232940455868        4.1871180926030771        12.156804080422244        1.4299699279751112        6.3375419511239137        2.6609387356155549        9.8082301337676814        4.8892815948542596        1.6612239531526005     
   1.0970774719121167E-003
           1           1           1           1           1           1           1           1           1           1           1           1           1
   2.7463137672740530E-004   1.4304475330851997E-004  -1.6998824619104412E-006   5.2379506466661843        4.6934600282181206E-006   1.1552235456194433E-008
   3.2764505166510786E-006   2.6709608017309123E-006   4.0925331811242701E-007  0.41891168549688090        4.0872908396474384E-007   9.7539332422277024E-010
   9.1587499645436922E-003   8.5196862247179190     
