   0.0000000000000000        0.0000000000000000        0.0000000000000000        0.0000000000000000        0.0000000000000000        0.0000000000000000        0.0000000000000000        0.0000000000000000        0.0000000000000000        0.0000000000000000        0.0000000000000000        0.0000000000000000        0.0000000000000000     
  0.27458785378437239       0.60925937688342868        1.3022045965281996E-003   5.7822793042727604E-002   1.5310268714216001E-002   1.9881739708641770E-003   1.6716563363231893E-002   1.4209375016978524E-002  0.21563842564105370        6.0106471802539453E-002   7.4940532937263798E-002   1.7163992190780197E-002   1.5607729440483022E-002
  0.91804357638394729       0.91804357638394729        1.6825204269645082        1.1815233930995634        1.1493072869840966        1.3714026331584777        1.0858100769549131        1.0548461179121005       0.91133916953315963       0.91133916953315963        1.0927355296174668        1.4095123241694958        1.2449081962960005     
  0.31766931537696563       0.73132580173884365        2.6854055609375170E-003  0.10426934828968180        3.0426044887264345E-002   4.0896869054962860E-003   3.0888488154542208E-002   2.8540476496035038E-002  0.41078688556035181        9.7985691938130531E-002  0.12541405244446391        3.2809268104498183E-002   3.0902865771956237E-002
   1.7234837870937580        1.5434776606157463        1.3374275436434231        1.1137477955793949        1.0593770416964723        1.4861715275775922        1.2479447972052484        1.1097313138897684        1.5394857249527427        1.1958113664193109        1.1041450700760880        1.5159553035162032        1.2116620904378244     
  0.33855831152182325       0.75016015597643648        4.1620593845709637E-003  0.13806824389844036        4.7894144116195407E-002   6.1842474492219950E-003   4.5073009094492245E-002   4.1332688147819450E-002  0.46949595596052035       0.11359847662440578       0.15500695001474601        4.6322523176586049E-002   4.6105757623125361E-002
   1.4553439888037787        1.1728541454985857        1.4818236455850053        1.1241033673204770        1.1495094405708750        1.5985874052892242       0.98446046544059107        1.1406240149519897        1.8077266954530433        1.5495318664936277        1.1549284731408693        1.4628491999181163        1.3259982970277640     
  0.35210573133226386       0.76604787371213168        5.8963457722538987E-003  0.16806342894781331        6.5335315456756249E-002   8.1517542855805217E-003   5.9496931216992420E-002   5.4703664235772956E-002  0.49928938107895648       0.12870636729077373       0.18026703817268785        5.8944248867254370E-002   6.1818497164341561E-002
   1.3607182773170126        1.1626937040917975        1.2456687486257347        1.2450318342291224        1.2807310132248337        1.2281085332297266        1.1953141689660682        1.0560361471501420        1.3312726515596205        1.1366828978678361        1.2565723654342018        1.3850633773214696        1.1106769810735291     
  0.36229265100696839       0.78011023630845755        7.7158358927061901E-003  0.19351856873448214        8.2073068097423818E-002   1.0279194036309922E-002   7.5047455656227266E-002   6.8387638652966598E-002  0.52561551599200862       0.14045801242643816       0.20325643296377507        7.1899789512723772E-002   7.7870787226836463E-002
   1.1799413525088887        1.2473288875056476        1.3630281262506461        1.0959122335425384        1.2862244869318931        1.0996879191623719        1.1342983601643848        1.0779789932951305        1.3210953847923308        1.1781485889473615        1.1953517702885377        1.4966667997022522        1.1626026142080117     
  0.37391368017905668       0.79258028066945996        9.6701272879643543E-003  0.21643549508156743        9.9462125259191708E-002   1.2407991576311891E-002   9.1025045538951119E-002   8.3173143136604399E-002  0.54591696488381802       0.15127860956848810       0.22065348663586440        8.4468192039294177E-002   9.4128353717384622E-002
   1.1201768350458665       0.98582436733017398        1.0921326523022481        1.0733813972408757        1.2170764878033788        1.0544537563481571        1.2107322722213445        1.4080861777694254        1.1022552856624055        1.3372545949584633        1.0742235944235230        1.3983775880897547        1.2802612301492982     
  0.38562519246165627       0.80444344451261118        1.1748589282862144E-002  0.23717367440698089       0.11559691594087315        1.4049361402754222E-002  0.10642042107203339        9.9269284887097034E-002  0.56370126417326627       0.16118360738783188       0.23480783009316381        9.6750260256967521E-002  0.11109367044315767     
   1.3307200701872632        1.2015466457838775        1.2334308904861184        1.1719305008907122        1.0930032471629392        1.2517174495789107        1.2513642344355025        1.1039247747145291        1.2085207890668117        1.4731128163879539        1.1957770674323325        1.2614596454993712        1.1239111996227988     
  0.39770499247489371       0.81536830224364931        1.3932847335527382E-002  0.25742189242075147       0.13196485327187507        1.5439337220101637E-002  0.12164931199293176       0.11615892535524165       0.57884893701189111       0.17026311598846469       0.24833350822959177       0.10909425116669644       0.12889644871311856     
   1.1431449836719714        1.1789042040113475        1.2404078890279557       0.97873943470544122        1.3365176645851684        1.0121383618220754        1.3910188591418584        1.1229008167974737        1.0732405110398633        1.3981273516893882        1.2338420927634419        1.4987956563909424        1.2388028946719638     
  0.40930143576521133       0.82540724898354734        1.6282019172593483E-002  0.27683475560360149       0.14704822381512359        1.6840139685604001E-002  0.13635702456519308       0.13277117479174130       0.59299193301291908       0.17758977916430518       0.26189169382817806       0.12165638816944098       0.14753605165645114     
   1.2319380809616789        1.2364743814585726        1.2322398000642358        1.1648585889374152        1.0739027836338406       0.98904687131288804        1.1669052422647108        1.2873143692301723        1.1329952955918030        1.1640600333164395        1.2075488427798227        1.2459983468843128        1.1022450833606401     
  0.42077372429137488       0.83415385631502181        1.8820462749719904E-002  0.29531075963642145       0.16201304632216401        1.8361425583936344E-002  0.15044250202681975       0.14870330156617331       0.60636367966022731       0.18429392942517508       0.27543864987990213       0.13464755588949448       0.16585954629164681     
   1.2631716236258153        1.1633755404483832        1.2045171978495466        1.0938774146162566        1.1156337901608864       0.95444431978170785        1.3694403455280129        1.1957915278635827        1.2116581791890670        1.1461079132489327        1.2284363381831847        1.4474488071796097        1.3003953232096344     
  0.43216086816353111       0.84190817833004938        2.1542933880765121E-002  0.31269672554582434       0.17699049500757280        2.1052966933418446E-002  0.16508648414155752       0.16523439001349835       0.61864955772087227       0.19080228930648108       0.28811864540908877       0.14846568334867905       0.18431818880207043     
   1.1420653256874000        1.1215672461370527        1.3550791390061934       0.98452888763087620       0.96976991561379133        1.0453620954075140        1.1373366268980487        1.4739036315098071        1.1813651570484853        1.1144399074807885        1.2650545907397144        1.1976755840990734        1.4836070025239283     
  0.44309542175623950       0.84895234765892558        2.4489806810794216E-002  0.32985867541358305       0.19187632341607419        2.3776802012249118E-002  0.18083863320717763       0.18264381168371535       0.63044696577715686       0.19714846378882575       0.30012447329881869       0.16245152446531225       0.20270527011334957     
   1.1689834893367501        1.2481078918794173        1.3315181845572728        1.0426934878133507        1.1512453061069774        1.2083831352415801        1.1209487374321780        1.1516008883477413        1.0963000223039616        1.1668099884024246        1.3609960312905136        1.2582685061644969        1.3639120919558168     
  0.45305830089150440       0.85552364640388168        2.7702972301533305E-002  0.34739291459331945       0.20546058574674425        2.6830555084243961E-002  0.19754144990991737       0.20011489002292571       0.64134604044998034       0.20423922091362290       0.31241285542997599       0.17634287007248584       0.22018452491840887     
   1.1446518123072731        1.2929358545117153        1.3324514452818530        1.2414169642422941        1.3300372210309743        1.2397563433359984        1.1049307794629570        1.1134279561771481        1.2108244653716056        1.2912824328278354        1.3046630978403473        1.1825962520249638        1.2465815932620272     
  0.46268442625792205       0.86175061386371543        3.1081692512085913E-002  0.36527746241400944       0.21505905388977875        3.0115538519802740E-002  0.21348817430712241       0.21671437831227108       0.65194413892888636       0.21122905855883420       0.32549163063992465       0.19024980098029581       0.23680559428310366     
   1.1736748242966253        1.1042116871649863        1.2403004038854655        1.3698765264572148       0.96889230026996886        1.2422484097649704        1.0925901126282560        1.3291389070311201        1.0719281428948404        1.1311759198154869        1.3831492064502475        1.2386809628067901        1.2254916750357288     
  0.47379614858449770       0.86775476256680650        3.4679346394769987E-002  0.37964652927105280       0.22386024249789754        3.3498442521212597E-002  0.22752892168569852       0.23309413298301779       0.66212402293084105       0.21786944296735264       0.33895620647308317       0.20490274613143009       0.25294800880485024     
   1.1117958744238565        1.0750401758056454        1.1095197251650168        1.0771981116272205        1.1321476185001280        1.1583833931646754        1.1534462101580827        1.2186086542487977        1.1518897809162110        1.1743499905932642        1.1536530794409843        1.2779109641012796        1.1157754925915297     
  0.48570450071640059       0.87338472750814278        3.8562225643927549E-002  0.39329838508932441       0.23554761464645829        3.6881635192053612E-002  0.24239285364336310       0.24994790831116406       0.67126964048511750       0.22435879854492025       0.34928774689580061       0.21975194088436750       0.26955179080630975     
   1.1768487619206953        1.0588949388693183        1.3163655714823526        1.1361817131935346        1.2246729242288632        1.1445509891417880        1.2221300529118369        1.3090865622654357        1.1139552106319437        1.1909244442228040        1.1287853042543117        1.3506964978157383        1.2008055550745931     
  0.49733511358939358       0.87858713400327415        4.2710920080125864E-002  0.40704430223415333       0.24526998884475368        4.0539467780267922E-002  0.25749991054386429       0.26709342215869575       0.68005714456601818       0.23096334839481486       0.35926735326332992       0.23405057465621051       0.28569317870606947     
   1.0608475036897538        1.0364007338176786        1.2707189185623196       0.99182525303414149       0.97301090056378436        1.2120906557950664        1.1164598683201941        1.1169491390860771       0.99468650745540821        1.2982845036358983        1.2121896942381953        1.3619561791135464        1.1194053586591004     
  0.50876920736086140       0.88366262102638427        4.6960072409004107E-002  0.42195523707702909       0.25936920888656362        4.4812778048709798E-002  0.27443012811789530       0.28498349062995121       0.68874976227447060       0.23770875599692917       0.37009651000809374       0.24921986010539013       0.30236288075148987     
   1.2003564721976934        1.1379621995300475        1.1388176118593047        1.3443579371861674        1.1697934922670132        1.1037137630934937        1.0727243884194557        1.0565890916430893        1.2185621185656641        1.1563747328740652        1.2483565178264955        1.1708139808137434        1.1211320349003677     
  0.51941932883545994       0.88875336841300645        5.1579074475121160E-002  0.43610198244256515       0.27419450019672648        4.9553833310313898E-002  0.29237246560519548       0.30181669527922012       0.69726389453767657       0.24450427502183550       0.38164344437335868       0.26532221602906675       0.31975793525672647     
   1.3548075074323653        1.2070812998996647        1.3135031964418085        1.2467339576324401        1.0366468879119608        1.2835794490270103        1.5143960246501138        1.1641260225976651        1.1123113189417300        1.1559558880444623        1.1865556203034344        1.1896588590451205        1.1786208564246055     
  0.52932651679273979       0.89418146178286040        5.6562192572402657E-002  0.45064551886588916       0.28986915991463291        5.4549604686754329E-002  0.30885735906854417       0.31844910289577177       0.70579476856532353       0.25124235687291435       0.39502450051663490       0.28238979536861569       0.33638044524332422     
   1.1471231315378321        1.1632590663382345        1.0025868018093125        1.1881990093934487        1.1537400717281825        1.3721949668535072        1.0522108132110564        1.3077728984918979        1.1763300931080156        1.1183169586505759        1.1120643206971252        1.1150401895052413        1.2649731983831920     
  0.53889418498951391       0.89932176112709883        6.1869251595748749E-002  0.46594872784626751       0.30640074733702871        5.9860211332556763E-002  0.32547943369927168       0.33653027274823771       0.71469650274796159       0.25797987921823073       0.40880313803312524       0.29953270212708311       0.35294221457008690     
   1.0358063283389909        1.2650412295194045        1.0726026623123948        1.1318069801091004        1.2401081153647926        1.1616425838403506        1.2895146117134433        1.3349094829437711        1.1091288670151112        1.1428098577551469        1.1129871988922548        1.2959978607470399        1.1889153618799120     
  0.54851839823034054       0.90408237889604315        6.7497646518950183E-002  0.48130522091532357       0.32246214234660575        6.5286435521495809E-002  0.34156090490937241       0.35292494703842942       0.72334436123047097       0.26486950129714248       0.42255879497497828       0.31532610110868337       0.36843836792817891     
   1.2325437505504895        1.1197643155703008        1.1676753158893742        1.1882237860669824        1.2335179577991484        1.1145826471132607       0.98854336161279066        1.1160217867681455        1.0473839482624634        1.3181926057621374        1.1856989519124197        1.1692741282329080        1.3161759868844674     
  0.55892831501586870       0.90836971919551557        7.3249311551766200E-002  0.49505441012905210       0.33890001721927698        7.0462643817679249E-002  0.35758824317605770       0.37017805764915479       0.73151311655373263       0.27181029635421078       0.43651180399927936       0.33124650636194308       0.38469564934258699     
   1.3583209683706408        1.1585001597065794        1.0792471355158577        1.1103241172842810        1.1657681451094182        1.2552932221641713        1.1930557861053774        1.2610535835899135       0.96825954076111842        1.1463247467819571        1.3161440213298530       0.97742288278530698        1.1877160875529744     
  0.56685507716751793       0.91241408393999524        7.9376658151029428E-002  0.50868924943608163       0.35625467640178132        7.5955670880908654E-002  0.37444537326748495       0.38697994861221879       0.73978447968773053       0.27855695846491357       0.45051502058324111       0.34744968734246939       0.40083876185982414     
   1.0744444669677335        1.0254086515804095        1.0166667315831877        1.2194102429008011        1.1606768692212648        1.3265889780885427        1.3749391920822118        1.2628872132552911        1.2378885014672520        1.3353632327458445        1.2493902034823516        1.1693699166357943        1.2492913886180597     
  0.57490479166617092       0.91647113402149050        8.5563398576235628E-002  0.52048046829287054       0.37317887077680106        8.1662016243517668E-002  0.39131342110530704       0.40323049644584891       0.74788800673140221       0.28497573243455726       0.46479513448687249       0.36437620830537432       0.41628940523039626     
   1.1189057052681126        1.0501625154833050        1.0362200232787719        1.2315386265110941        1.1240163595222032        1.1842344257987374        1.3638586218213415        1.0964167343234443        1.2918970410097503        1.2732791330274817        1.2091665366438047        1.1295739332225145        1.0945312461633150     
  0.58281009566321329       0.92054748909383610        9.1874171950896491E-002  0.53179044369215289       0.38843752482983313        8.7552018316783026E-002  0.40783628006372530       0.41960554058706917       0.75571450802975548       0.29159405150180934       0.47863818215781928       0.38146988893904832       0.43134043769597125     
   1.1398113054490757        1.1836211329154607        1.1307180880117003       0.95314316145881495        1.3271032029657464        1.1762364229867428        1.2487937139364644        1.2247240704996534        1.1422629883998248        1.0582757372403060        1.2174035941038119        1.1804098428857512        1.1068554509640884     
  0.59245249430233304       0.92455645061609260        9.8210014077633898E-002  0.54466998631776420       0.40324129779212670        9.3508033805071708E-002  0.42422292736385719       0.43633714287675224       0.76339819011516030       0.29668093200339196       0.49333880904489286       0.39899721132295590       0.44668349889942938     
   1.0706845513666585        1.2082783712347684        1.0670660457670780        1.1537711706854350        1.0637470430640368        1.1187518731274628        1.2565621036922281        1.5029133929792553        1.0196190267204071        1.1668189239339644        1.2443993343257929        1.2863212744161274        1.2872960036784582     
  0.60323889876497427       0.92830005783688729       0.10492400095968391       0.55891990769922217       0.41856574278205300        9.9525269750230447E-002  0.44100011410430240       0.45300752208471962       0.77097359847037428       0.30056134469324997       0.50859965208403202       0.41609509496962577       0.46078425511817317     
   1.2412561084955465        1.0925617939391488        1.1592263919395018        1.2785731978129347        1.1197182213977428        1.1671205721556361        1.1272389906617344        1.2158090139689479        1.1800587599823400       0.97376220015030346        1.3271068913589767        1.2317886101017141        1.3060625386695162     
  0.61464063090403054       0.93176564293899800       0.11213695951159267       0.57240586771121227       0.43452129302752079       0.10639480869590399       0.45866370467211698       0.46904301991172265       0.77825830224156334       0.30449080218854380       0.52243343859280489       0.43270837643926491       0.47443174636175023     
   1.3023309648770276        1.1068845129514644        1.2086957689343658        1.2986121568492046        1.1901339792935333        1.0138935115052725        1.2002754300101206        1.1508650477966320        1.1453678106594471        1.0311117325163759        1.2056426169006185        1.2190134914773954        1.0224349270632298     
  0.62643752533013441       0.93524279683337186       0.11998639290300962       0.58598542081111793       0.45220698576698526       0.11401661200158936       0.47631769338832824       0.48180105661222966       0.78519829367467708       0.30890186548549897       0.53575818341472126       0.44881553468036578       0.48804365774762454     
   1.3170267317062987        1.2439689278985653        1.1608123336094303        1.2047619195397175        1.0674347936243056        1.2944442929130284        1.4167146302909686        1.0836318277695383        1.1641168655252436        1.0425226861413934        1.1594711031564882        1.1821090894457702        1.1608922949284457     
  0.63761572994041915       0.93871052270574373       0.12845256999648966       0.60043484405200143       0.46956264012237198       0.12162720329169234       0.49308677497574449       0.49056737763053576       0.79214294719377287       0.31596253556079451       0.54907006003769221       0.46401394139177743       0.50108255949695191     
   1.3052115052283721        1.1767582295047794        1.3140846783834546        1.3261302662904335        1.1772606082846713        1.1855589593739448        1.1422862743199615       0.91133916953315963        1.1416982704913463        1.1363567948370612        1.0835145166854581        1.2028683703503991        1.2594333789546988     
  0.64796553658724609       0.94204910351713256       0.13696910840985199       0.61454644347873766       0.48622733512462590       0.12947444573526964       0.50962068496043911       0.49856056170668256       0.79928480894814846       0.32339345031934846       0.56302130030213104       0.47670053194449941       0.51148609770535181     
   1.1619725487249259        1.2211198541115669        1.1102130361390674        1.3547528053092488        1.3172898296013167        1.1824044399002853        1.2556411220687562       0.92871624838446942        1.1546344301856464        1.2367640880051598        1.1188322680262626        1.2124897072936389        1.1017893904610629     
  0.65788885549425791       0.94502868454073341       0.14531714912605428       0.62737302513702220       0.50296419144201066       0.13796291287571730       0.52563742324780882       0.50836493685105266       0.80645014953931859       0.32991754891182312       0.57719462348965866       0.48589568333477418       0.52222646789801130     
  0.97598784305814534        1.1724895694754418        1.1134300394546222        1.1190628154060096        1.1313395141604474        1.1878227114628446        1.1556541530303885        1.0353408598644609        1.0318282027330419        1.0880003416201842        1.1746247440677351       0.96414543841878508        1.2110899447100338     
  0.66780997553735066       0.94771724399380797       0.15368800451871636       0.63950571078645535       0.51941980311004909       0.14762352937368392       0.54166722528910538       0.52260618845917239       0.81348504306280400       0.33636770487659479       0.59153003441409369       0.49441926567024091       0.53020329955027790     
  0.99743739705139756        1.0488982634682102       0.98418125023954650        1.0658287565596205        1.3079646721441061        1.1882595340655919        1.0946478655896106        1.3214013824237911        1.3412350384814324        1.0531728671290179        1.0179694796590169        1.0866675934840822        1.0383181880648080     
  0.67779008684058439       0.95036526513055675       0.16193968396637581       0.65249989845142531       0.53566490807226530       0.15757480818379715       0.55669662387740348       0.53775834685267498       0.82028284049017552       0.34301574067699137       0.60633911526548723       0.50765125981683712       0.53880909568553048     
   1.0645568780627259        1.0847675142536335        1.0200998023895600        1.2334844169201593        1.1515385285103259        1.2322976937373744        1.1338328712386538        1.1081792355461892        1.1553233071928755        1.0544565712266829        1.1884948722045694        1.0134718996535368        1.0304058517116039     
  0.68793038837676224       0.95306515629176736       0.17065477622142219       0.66551515413215712       0.55205129518024221       0.16789453415425654       0.57175738544142651       0.55240768857557199       0.82687977330670859       0.34998365447582225       0.61995569459751498       0.52373164539566452       0.54946096090913854     
   1.0981259190991419        1.1215590811659837        1.1423180272807352       0.96459001918354148        1.2813880124878871        1.1030561881408814        1.1977752865231739        1.1549051596327975        1.0074998311902172        1.1549848465431685        1.1333385400392459        1.0556922401085109        1.0891238877870648     
  0.69790956961657291       0.95574361522855489       0.18036317604680674       0.67964793479557184       0.56894310581310692       0.17817092849683391       0.58569640696092451       0.56627948632088509       0.83336142687406589       0.35743816226594410       0.62954418219073172       0.53931137866476242       0.56299087691790994     
   1.2521712322038436        1.4086765502375285        1.0677107482226544        1.2904224336949328        1.1551659298784871        1.1711950746642317        1.2075779950691423        1.1553056604720515        1.1323605133932217        1.1512466169096520        1.0576062930486785        1.1716988285956416        1.0887588605413974     
  0.70723235011272600       0.95826090060349334       0.19086717051398835       0.69483597796603669       0.58566086525254946       0.18841222438602434       0.59980945424816456       0.57988944076188431       0.83974515979604192       0.36592773089517588       0.63803497277857901       0.55441858550539136       0.57640372992328526     
   1.1044045013964263        1.0232190809526023        1.0280102135353453        1.2445053212791393        1.3159906929327880        1.0869871502968025        1.1201565106865516        1.1949068237668843        1.2156460662345689        1.1333819964544576        1.0626109430332367        1.1161350830533281        1.0832227848846445     
  0.71544653843976458       0.96071957808098474       0.20194495615717384       0.70953666392089376       0.60314747267307456       0.19964807297499626       0.61669978848599416       0.59426584746350863       0.84601206096153581       0.37435662055241248       0.64784056091308406       0.56921974169313294       0.58943730108479264     
   1.0366256991033440        1.0123678261377287        1.0856597862203936        1.4999372808930334        1.2244387928703548        1.0903148134771217        1.0872062224087047        1.1199489357187364        1.1372343360439132        1.2356976932668151       0.96003206037208333        1.3597169105005344        1.1539828923765387     
  0.72312860637892529       0.96313050195038508       0.21387049133757027       0.72408173527712849       0.62164972806957375       0.21175460337332272       0.63322737745322877       0.60905504495345297       0.85226161410372547       0.38341647663944450       0.65967880754047292       0.58316759668298235       0.60435664242222109     
  0.94488477057019205        1.0580933219487276        1.2882258763548979        1.6294788181987676        1.0326628652336403        1.5761517147147970        1.0381462236673822        1.1384237778896904        1.3568930786886686        1.2624738111287355        1.1059561646349552        1.1000609371854178        1.3547567373868454     
  0.73182149076514391       0.96539445337421026       0.22698381209500271       0.73869632189699574       0.64014777493832475       0.22403302743041423       0.65052456968705841       0.62399245322910624       0.85848112213741701       0.39299421802125678       0.67448667969453069       0.59869029059588130       0.62174913323052028     
   1.1250960098299296        1.1657041131632591        1.3602915201140617        1.2904725804125838        1.3445608771439304        1.1775859747453641        1.2884414194112963        1.1370568102817940        1.1281225787333997        1.4507441895315394        1.2579067919879259        1.1502939980191196        1.1523697153034662     
  0.74191965246251634       0.96759702198770214       0.23834752471027199       0.75316674954956020       0.65785549569588142       0.23611452782985382       0.66849288477925517       0.63874481434443775       0.86459052281534610       0.40235581619065081       0.68958181374791361       0.61503486926678030       0.63969515146186373     
   1.1600568493106334       0.97053583926530640        1.1894358423009717        1.0728336985824987        1.2184827118744563        1.3830741754149094        1.3450222397939686        1.0753503649765412        1.0652518261452499        1.3383535415125316        1.3594670704410743        1.2932031251531486        1.1577349925440008     
  0.75430833626982685       0.96976948862460277       0.24677882227335490       0.76735843792404945       0.67546693249024881       0.24796902129213955       0.68627560615518479       0.65401686760624422       0.87071718183417379       0.41145543662408746       0.70429330896616293       0.63167591896237274       0.65783023493394277     
   1.1665779533324703        1.0774638741065468        1.0866618692907257        1.1366410913516516        1.3541356747619562        1.1327948362301621       0.99560600396787136        1.2939216474698334        1.1597301916948766        1.2521385550755013        1.2270454216538300        1.3070852092492407        1.3003379219325366     
  0.76751492780152408       0.97186230114763916       0.25522545570130423       0.78146414330273262       0.69213041522203356       0.26093854324111926       0.70353974819875809       0.66934438849521583       0.87682167927924726       0.42090067469407100       0.71890447620658560       0.64803029415166369       0.67629300576573970     
   1.1424247462419344        1.2392891755524233       0.95936013604629800        1.3212552063196901        1.4049434530276257        1.0694204811006156        1.1125234958910049        1.0973874821357092        1.1883542748486899        1.1127899222016169        1.2491487743330350        1.1058544794450180        1.2336061353845080     
  0.78033830107589874       0.97380535263912216       0.26614783789210406       0.79539455032229756       0.70821179190691519       0.27596986847569438       0.72060658639765851       0.68578216255763658       0.88287105012559541       0.43070205805481060       0.73297795316052583       0.66353704298115923       0.69448658083153803     
   1.3390634117348887        1.1090926370139984        1.0177606891343403        1.3794203319703942        1.1595439741973201        1.3105665419008741        1.2058320206941271        1.1031745233638441        1.2130205862322161        1.0749027266260014        1.5112437280582180        1.0891577415644229        1.2192230470190164     
  0.79264697470787515       0.97565447303464470       0.27912285572191337       0.80702015460758847       0.72491648873287395       0.29235557998884237       0.73756611969021091       0.70216957400862146       0.88889251590059337       0.44186429743372391       0.74687762678922931       0.67873572556952033       0.71214030189326871     
   1.3004369787030206        1.1875031024203762        1.0686998413428923        1.2602480499056607        1.2517409641084896        1.1765734815203999        1.1405158952666021        1.2672122376868520        1.2788904753217731        1.3405119224961428        1.1868067783141043        1.0508143321874064        1.0266558507231962     
  0.80477781811301574       0.97739362669298457       0.29456201507319207       0.81544958309006699       0.74202690700681950       0.31076502898548147       0.75458699276271990       0.71846444417118471       0.89494448701427820       0.45242322658690598       0.76058891681617158       0.69432985231682698       0.72942486130386119     
   1.2838300526373010        1.2994061303172653        1.2160029340865126        1.2707293722320627        1.3390166699406285        1.1717969996497302        1.2363869814717692        1.2675776745264478        1.3728828199413785        1.1860865111077534        1.1618569848781826        1.3914087028969373        1.2057657049881414     
  0.81664474492005701       0.97903595485938699       0.31086260868922505       0.82347380526309177       0.75824217325725718       0.33110410798090251       0.77190169040916246       0.73439058234566013       0.90081089195412367       0.46288603502294606       0.77478831408440285       0.71125990387613136       0.74592231053282509     
   1.1250850447911243        1.1122740756312348        1.2951635816052423        1.0165989258999981        1.1088021398385541        1.3066597983563857        1.1728131704369678        1.3314895723074966        1.2145701557972011        1.2727096438392151        1.0992683385080371        1.1415471186789865        1.1535345311860103     
  0.82792953603127706       0.98066854484422017       0.32733589303075217       0.83275613986405239       0.77400931048784760       0.35082266493203984       0.78903005795476366       0.75034222514749405       0.90664253617118784       0.47425205295348871       0.78876767006046211       0.73007082404493939       0.76309662913975518     
   1.2235613860583474        1.0967830370028644        1.0180199720413978       0.97706654964298223        1.1774144927860557        1.1527302074868975        1.2234001872220102        1.2867683381151569        1.0838475606703561        1.2743143440288625        1.1390350194344723        1.1843206870935707        1.1424288001891951     
  0.83948889595600040       0.98227063798262748       0.34459089085428829       0.84414212158985491       0.78949134783705277       0.37129574419069855       0.80514406307495112       0.76627393142853450       0.91217407934411154       0.48646249957435395       0.80260112967613217       0.74787336820021832       0.78069637512426071     
   1.1542183100644581        1.2754171827719061        1.3861091790497480        1.4481770306436463        1.2110677853314924        1.3395431209791795        1.1522495382810076        1.1571424077226424        1.1839796807826735        1.1894570075535593        1.2318148143536201       0.99771728383981106        1.3206551552995389     
  0.85163338116261833       0.98390287797813625       0.36363738377367666       0.85451793076260307       0.80560436873978292       0.39353952522954455       0.81939105200690521       0.78221158130139168       0.91806126372339147       0.49968512230524592       0.81631335067764010       0.76572834620798214       0.79898444228077681     
   1.3014074031061640        1.2956551870012445        1.4167833393183682        1.1387784938380734        1.2880238097937802        1.1785647198334523        1.1448483586973655        1.0792211316683080        1.2576790686098795        1.2304086101858052        1.3095245948236556        1.1698097609944118        1.2214621204504186     
  0.86397159408485835       0.98558089099337720       0.38343272217421798       0.86446152625371653       0.82186707098543510       0.41754203920881783       0.83353152046028256       0.79919885294979054       0.92346890572182527       0.51328008148077409       0.83027654672653151       0.78349735274232613       0.81702199674452292     
   1.0941460156267215        1.2905909353899101        1.3555503642155593        1.0522627147428938        1.2444641089960433        1.1722473877358235        1.2627557745287399        1.2358534963409527        1.2552944478535368        1.1329573316429784        1.2173945088874556        1.0283308557408304        1.1763688502879133     
  0.87605670992367424       0.98728046887364973       0.40423238036476800       0.87486544782062059       0.83748377439807453       0.44477203290310779       0.84381313015673365       0.81600485883131513       0.92739719788954977       0.52724324841543890       0.84283401129216617       0.80179235097814305       0.83457764908159959     
   1.2810331778291639        1.3193630901461531        1.1136929852613768       0.99007709967059943        1.3217009497292500        1.0864130048789014        1.2797049143957471        1.2678573341277608        1.1451280084352435        1.4225156739920519        1.2968074270089907        1.1228965588227835        1.0419714730021461     
  0.88757621635100847       0.98893721341168972       0.42536722008944533       0.88532551487176148       0.85244854179466734       0.47475076561175972       0.85365087730835199       0.83204088723312886       0.93044450465988215       0.54169759915151194       0.85458291578030543       0.81981257910434724       0.85103750677852452     
   1.1229275718082556        1.2730542526262469        1.1060481122155823        1.1162321768242915        1.2047831351764118        1.0702445954436917       0.93128722367062722        1.1286858480098003       0.92077921477171876        1.0916565548900869        1.1098061142038429        1.0624509643962621        1.0232505342851228     
  0.89933973428609293       0.99061831158907254       0.44965493659485278       0.89721494937327240       0.86687536290197365       0.50585198637343531       0.86544196163645770       0.84825602784643195       0.93424540685982005       0.55707679788717490       0.86615531596687112       0.83668562703372029       0.86636772053842814     
   1.2678717110213817        1.4087847403073799        1.1303958308352300        1.2219531550302773        1.1893320142285841        1.1461103302169686        1.2089054179530971        1.1649572504254107        1.1878483203737629        1.5797519785455041       0.99538153487410386       0.98383620605471522       0.96974987557660830     
  0.91080545534557367       0.99243449285554330       0.47699230356137401       0.90919871665138807       0.88120988565649827       0.53880742636991108       0.87854259192196116       0.86510732635308307       0.93819018611222893       0.57365786850827349       0.87835747764808159       0.85293864228018046       0.88191897903571803     
   1.2464268459744716        1.3917816482765337        1.3852396907813360        1.1746457971905775        1.0780576267416841        1.1285343111352266        1.3429098673154332        1.2856747302513309       0.99236636094091768        1.2216155985762982        1.1949501523435744        1.0168691182057437        1.3488484375504961     
  0.92220860030093021       0.99354077324860479       0.50632432866595090       0.91994462782511088       0.89597145690081414       0.57564822897992918       0.89189320314785903       0.88303301676009394       0.94271154766892040       0.59132358288047338       0.89155748992306183       0.87046341128709792       0.89699076450023751     
   1.1157678469711056        1.2497733608332595        1.1854664779906279        1.3089584099990661        1.1237555948884599        1.1223119436308728       0.94021260606977208        1.1668211870346941        1.0721447695019541        1.0206417403157944        1.0853180969771825        1.1698448583877437        1.1319689524287266     
  0.93319682008018945       0.99447383069808903       0.53694423616691433       0.93093561900817645       0.91130503881849878       0.61510458771395449       0.90544816397788674       0.90103390270348127       0.94811579819725456       0.61080350060965050       0.90538061353075849       0.88938187720044393       0.91359521751894024     
   1.2189035743166807        1.3074344121893116        1.2929758706596430        1.1799299961616658        1.1841844259805252        1.1418065312457475        1.2124042589748367        1.2513859482878695        1.3835920540157984        1.0375873418584154        1.1761581962673404       0.98225436279162937        1.0978538003866034     
  0.94439739136722878       0.99538540800491648       0.57391758132409754       0.94226048669407525       0.92574780503653264       0.66156067905510807       0.91849866277529935       0.91882863440379825       0.95459258473936848       0.63335239948500555       0.91948554205203348       0.90886320507832197       0.92990427532046716     
   1.1694321652343933        1.1495509562610993        1.2180989040391075        1.1809362246848791        1.0279507835052422       0.98421416002444440        1.1620489382222081        1.1633235223815082        1.2123964325586796        1.0680148869296722        1.2542218368939937        1.0584599181886198        1.1784370983780970     
  0.95601696237999212       0.99630305950966502       0.62108980155369353       0.95414098464752384       0.94004231574193531       0.71516678933913769       0.93383388717937632       0.93726634269559106       0.96163468678835062       0.65966789876350329       0.93393366760374874       0.92847637527174520       0.94517965784341651     
   1.0807563193554357        1.3539566649885966        1.3292408517892640        1.3340527687543431        1.1851051401804884        1.2514073710632123        1.2168208924135264        1.4411361078614238        1.4917122590058618        1.2028046286814433        1.1378410014525919        1.0977132348840828        1.2891571197957912     
  0.96692825607604560       0.99719979421164862       0.67397699401546574       0.96632364752067346       0.95447122233176840       0.77941005191201151       0.94913200450903545       0.95327027550040833       0.96924380512751407       0.69140780527795331       0.94867234246053578       0.94717840185190372       0.95920665726330834     
   1.1567873844360475        1.2983958079847424        1.0114104799329036        1.2677828165429945        1.1994368107322122        1.2333562048049316        1.1231056083195479        1.1491989448858022        1.4747423956344499        1.1314881471423761        1.1563028010112990        1.1974826459548160        1.2752659345927102     
  0.97778134217136670       0.99802685101344635       0.74292808520305398       0.97794694263543502       0.96917858100141174       0.84165058907673729       0.96613693176610715       0.97000644407594594       0.97857213407149568       0.72891674598150746       0.96420007592760670       0.96553497204610794       0.97307912342868474     
   1.2139476262792634        1.4798501125456642        1.1725485604443151        1.1912581041447348        1.1432187592453462        1.1507758545045554        1.3966338892818992        1.1638671755684518        1.4647980942394854        1.0249767315116864       0.93392935058547100       0.98051227025234577        1.3089178652287625     
  0.98810337826604266       0.99898626003605284       0.84959005345240002       0.98905598992660571       0.98422992713290025       0.91986476225770208       0.98252938785226440       0.98375649091527817       0.98933162341779290       0.80970471236522878       0.98221975460091471       0.98269521239223923       0.98639593925368196     
   1.2712504272623422        1.4498936329688119        1.0700681462588810        1.2601542749263932        1.2122875866249228        1.2910053623508673        1.2637850013856677        1.2067476895866622        1.5009851253950075        1.1752986168466915        1.3342434048186649        1.0063898695238946        1.1593841451355194     
   1.0000000000000000        1.0000000000000000        1.0000000000000000        1.0000000000000000        1.0000000000000000        1.0000000000000000        1.0000000000000000        1.0000000000000000        1.0000000000000000        1.0000000000000000        1.0000000000000000        1.0000000000000000        1.0000000000000000     
   1.3325705930429017        1.3050768313723184        1.0644446871359945        1.2291935520078532        1.3766408816782523        1.0682637446131773        1.2013692527545776        1.2292803320498897        1.1284658934266110        1.0514582867108202        1.1440572686837089        1.0733599676657213        1.1053566157542383     
   9.7163465794964985        8.6884840469137963        5.8825644265302275        10.335638310691291        10.531849148244291        13.867580000352481        3.4820562737783702       -2.7751667080029851        7.0382449922143966        4.7609307856905589        9.4434801327545603        6.3260824184355871      -0.48430443500516013     
   10.599410202968299        6.7339004473207176        6.6232948683695234       -3.8194019688307979       0.99592061607378002      -0.39083945731369257        2.7393847232515118        15.568259743555362        7.8418796925439862        4.5715485584741851        3.0657152848568177        10.469682273693222        7.2057271847704980     
   4.5783722787423304        22.071706792415654        2.8633249924311683        2.5232921428623984        3.1041076277865098       -1.5337931295631111        7.6812119005833956        4.3749311827651418        3.3947338520092738        5.1547932279084270       -11.708360876188696        5.3558367056267437        12.202735763899495     
   7.0662316921551600        10.475776569466431        11.135511849050539        3.8504376604060631       -1.8996685196283787       -1.3936913667499411        7.3795778836964114        8.9416049223300007        4.2881055446940133        13.936142025073513        11.730923936172774        1.7698747585817132        2.5326207588185015     
   2.2239084100008424        10.165621946666111        2.5106239154579861        10.519543615081693        8.3491683847280900       -3.8301916451985720        2.4054504372085534        2.8259472998027020        6.7651554331844181       -2.5013342103927618        9.4398337483200141        11.918101609447874        4.9659911262680767     
   19.448849727476581        17.704213802053843        10.509184321016919      -0.42099694783808456        18.582491467967046        3.2938669116727906        13.922269589076352        7.8009010852815290        6.5078345909139275        10.732159062936757        13.316090739079540        3.8644594864465036        5.7207658933427714     
   6.9789563027866430        12.636219785696115        11.323617380312244        8.2307945855093934        12.536447799998154        11.144463091843686        7.3376532557323282        11.640175532048710        6.3010760772423362        5.9920702955974408        4.8343001014391396        8.3968424997905888        2.8117119080694004     
 -0.28009022430654712        2.5286627242948221        14.514696654141385        8.5965466348534871        3.1722140581647813        11.850613616357908        6.1438151447704543        6.2365197442922149        3.1647755364026029        7.2221519098910063        11.527642218720986        6.7705168383970431        7.1747672869486649     
  0.37039254932055521     
           1           1           1           1           1           1           1           1           1           1           1           1           1
  0.29217134597190575       0.10800656945688158        9.6610195911362535E-004   9.3416174454637435        6.6873908386580359E-003   6.0570276906630363E-006
   4.5960871409945403E-003   4.4886953999126932E-003   8.0242084064067890E-004  0.61546080912359469        8.0217557339337219E-004   7.3629873382935103E-007
   5.0000000000000001E-003   3.8224852467070152     
