   0.0000000000000000        0.0000000000000000        0.0000000000000000        0.0000000000000000        0.0000000000000000        0.0000000000000000        0.0000000000000000        0.0000000000000000        0.0000000000000000        0.0000000000000000     
   1.9808725765932508E-002   1.3131948689203744E-003   6.0988940766251741E-002   1.7275046608254796E-002   1.4879765760641343E-002  0.16779394419756960        6.8265773979058655E-002   7.8514978108160785E-002   5.3171847275236328E-002   1.4264676694221295E-002
   1.2286612501328349        3.0308831346818654        1.0840020466019555        1.6334829190791544        1.3943590722762900        1.0807186900203376        1.0807186900203376        1.1028376321880027        1.7318582480665126        1.2338168337223463     
   3.9832363783208549E-002   2.6716678071732362E-003  0.11811434427522301        3.4994378020987101E-002   2.9941507171132357E-002  0.26701696729877106       0.11879108856066578       0.14059775597774157       0.10054563515188888        2.8806055139851953E-002
   1.2886570632016705        2.2410604840524839        1.0982680265643781        1.2297378643176180        1.1940802192628497        1.9753618168907887        1.5084357988465771        1.2000538476623819        1.5807040809491080        1.2019859063588831     
   5.7108885964506792E-002   4.2013809978918371E-003  0.16090582659589234        5.1553877930848632E-002   4.6049898695310697E-002  0.29068380126142607       0.14289944028374757       0.18463943364969471       0.13400693327607033        4.2915878397409853E-002
   1.3791678951642299        1.9417817153217478        1.4665793796077424        1.4614198282119562        1.1973307889551823        1.6357674943588119        1.3440506852554270        1.5092039089056570        1.9348321019521777        1.3101157762280313     
   7.4729848847787453E-002   5.9749536857646376E-003  0.19906445962159763        6.8118851447532186E-002   6.2376908816441201E-002  0.31146112149297434       0.16445914945327633       0.21999856295347553       0.16520138948616600        5.7104665520069736E-002
   1.5051838116773391        1.5902102030283882        1.3263217428893637        1.4359897396951389        1.4370101687010179        1.5384942253439204        1.3622436900888599        1.5410984386149853        1.4294762897549125        1.3172732184594418     
   9.0127428311049487E-002   7.8211352777423030E-003  0.22972762218718434        8.4363944416065151E-002   7.7877414517699056E-002  0.32580345278550882       0.17737945398202876       0.24991166486550215       0.19352771185071110        7.1497310837819433E-002
   1.2821767879753294        1.4314534462628770        1.2649735502294290        1.3357000798789791        1.5353036713890238        1.2735434036705815        1.2681773611247518        1.3971090628604292        1.2823785819373730        1.2507841422637602     
  0.10477713835484424        9.9182086155461899E-003  0.25871942969869710       0.10087581115476676        9.3387280946164941E-002  0.34082120981089564       0.19079041171093700       0.27640744605968709       0.22196192924111008        8.6099436861146600E-002
   1.3489495958073774        1.4417452766608656        1.4082781663884758        1.3597023290865708        1.3474221201602548        1.3376055927276895        1.5405967029737042        1.2237341355436091        1.3274539026705776        1.1448783364484809     
  0.11970690804290579        1.2000612511388883E-002  0.28569277410481503       0.11837721691276108       0.10921531158892492       0.35319703744459646       0.20353377144799201       0.30113756541821474       0.24894272325717814       0.10114004644014307     
   1.2369407414463307        1.3790095503402064        1.2067597161965273        1.3469999614473107        1.5674950580122036        1.1512778108840340        1.6052638322742641        1.3278353235608167        1.2882502785955008        1.4218305664029223     
  0.13504555496840981        1.4174400335044156E-002  0.31063672153493943       0.13604280812182878       0.12517166208517710       0.36594567383849086       0.21635057432103783       0.32535928301926403       0.27452490383685973       0.11586087186204072     
   1.3753022077327060        1.3798408591677702        1.2434398772064221        1.2058063952809739        1.2517589643346854        1.2726986607782806        1.4493683842805569        1.2590034762758398        1.1772613307319393        1.2588388903794510     
  0.14958357689723425        1.6364273018704811E-002  0.33394480737445004       0.15093921388285778       0.14036535499768446       0.37767149445503773       0.22646399411941151       0.34998715955970733       0.29885385943028941       0.13052771481157702     
   1.2241093231135458        1.2883545144987278        1.1657742870851877        1.2465059611031710        1.3405699125177084        1.3380371925983301        1.2406268522034121        1.2030876318286690        1.4162908110034038        1.2308796271319422     
  0.16389238682966772        1.8850769626710118E-002  0.35440245578355345       0.16561786033604531       0.15549051750103057       0.38943138551741752       0.23681157798065861       0.37064575463784549       0.32179840527814718       0.14438370898231853     
   1.3146067526290421        1.3528406266634350        1.2296340366754299        1.1806005879749253        1.3735183723431670        1.1577156423880066        1.5046367268887519        1.4234789661112168        1.3763281977843955        1.1934025651798299     
  0.17764463160229294        2.1432384186205744E-002  0.37278253891669028       0.17998292213121087       0.17051054040742702       0.40069250420414948       0.24624647960203053       0.39052829836428882       0.34392820886653253       0.15739099134873979     
   1.2720741565930378        1.2321956721010392        1.1158245713577983        1.3592598667441740        1.3390149361032255        1.3493597343619825        1.3935455873060774        1.2406427974697805        1.2801616500949098        1.1972787494625337     
  0.19167604474570579        2.4770673669401399E-002  0.39002066319071604       0.19423185211480956       0.18555284191904456       0.41193666815237451       0.25614770385949981       0.40853603823353851       0.36431125370310596       0.17216245672192146     
   1.3412474490369564        1.2997386177653285        1.2075968293123678        1.4137067146195517        1.2169144539253332        1.2206405842321961        1.3725980719073823        1.1399138629719163        1.3402283013550904        1.3128943459862630     
  0.20735885977723756        2.8272671137676644E-002  0.40663634663606935       0.20820670466805272       0.20032408420546366       0.42291076149730128       0.26392048483241720       0.42682853338381177       0.38406084963587728       0.18762376843386841     
   1.1695648657122033        1.3137619335212363        1.1582856124307841        1.2025264530762612        1.2774152067175408        1.1364480954778102        1.1691601091060604        1.2784938685608294        1.2026418782023782        1.2782750420671063     
  0.22364818600104083        3.1844033881682179E-002  0.42347411740061741       0.22339859224401351       0.21468837210764816       0.43384895036345550       0.27145955190974813       0.44382142125444352       0.40283879714162257       0.20377925039804359     
   1.3286801393472438        1.3095968990968072        1.1352669815958949        1.3142479939823537        1.1821027181564225        1.2759710400032016        1.1603837897269318        1.1731877369635566        1.1559479673942858        1.1768155494393815     
  0.23936020015971440        3.5451786119944984E-002  0.44105952204828114       0.23582345357265394       0.23020469092725687       0.44478551773603442       0.28064405869157788       0.46028238523682757       0.42087538469587499       0.21976291349129520     
   1.2548994733740861        1.3645032313558072        1.3952385604016893        1.2765426343433977        1.3020198226804829        1.2735572834728561        1.3272722621787576        1.2591839540499914        1.1826245653950074        1.3321450477499819     
  0.25454304145550816        3.9294675630562131E-002  0.45870977561615400       0.24809833606247092       0.24510248131430015       0.45578325968571409       0.28953190279744651       0.47581777501024497       0.43737735826553625       0.23601050324289016     
   1.2617957834226432        1.3101020181623386        1.2254594880632881        1.2536614984813650        1.3006024001489105        1.3241501184988458        1.2746594435660006        1.2066767581340232        1.1762445968377813        1.4204840605269098     
  0.27051059485990309        4.3314128449678496E-002  0.47599700135636308       0.26204613983463515       0.26217996238756486       0.46659151094335816       0.29877808245473603       0.49115230595916171       0.45336013908560180       0.25176425881510395     
   1.2742701506392762        1.3725480288683336        1.2826455881472287        1.1374434758829099        1.5434948241912818        1.2584399050624338        1.4168388539058476        1.1867630918898489        1.1681554772697464        1.2499442177403337     
  0.28744107480677555        4.7513954818681398E-002  0.49298463607791304       0.27585195985640421       0.27940509095088839       0.47733219470163835       0.30763227363121204       0.50612215129469529       0.46919673177660898       0.26657100839173276     
   1.2416545229492728        1.2330804659336903        1.2313566296952518        1.3782611112329151        1.3456500890483147        1.1174655554827642        1.2196747615671906        1.2379877769832093        1.3208453963174744        1.3020862963653403     
  0.30440784387668629        5.2134839132840394E-002  0.50963499746510488       0.29104725963889688       0.29600153804999707       0.48788543196078660       0.31618041333510150       0.52026727764981484       0.48441820754920933       0.28087807165744083     
   1.5228360016090208        1.3156248108702571        1.2756701781499447        1.3040330515103016        1.2960096848067784        1.1221118632382427        1.1989058894995732        1.2353075518083514        1.2119338936267343        1.1150262138590386     
  0.32164219691257340        5.6946402518730233E-002  0.52548088734400544       0.30633163839564570       0.31256394371894664       0.49867119218943445       0.32471417027459659       0.53398729066141348       0.49911497099622437       0.29611745205314488     
   1.1373962107927915        1.1687561616753306        1.1813490386725591        1.2679302024765540        1.4809576237676094        1.1884407984335528        1.5481075490494194        1.2163455722418206        1.2270567829735239        1.1247898513052166     
  0.33951805630927595        6.2255474560120712E-002  0.54082756947320987       0.32187991598517579       0.32807430291466361       0.50909189160733515       0.33329499288285519       0.54705585777526022       0.51350566164858524       0.31288637438403694     
   1.2137279659832054        1.2871815914885152        1.1320463265009129        1.1872357072437878        1.3545871539449610        1.3260450373266879        1.4038296238352326        1.1295546452735215        1.2208658493520148        1.3360431772833161     
  0.35867480319401102        6.7636307717484301E-002  0.55599510143979614       0.33730725922046079       0.34382102410205828       0.51942391159113566       0.34171796381989827       0.55952007661513026       0.52774030639900271       0.32977371340866551     
   1.3443579648796551        1.1436162261733174        1.4492271388592763        1.2048970897577338        1.3531240965040496        1.1665553468983410        1.3473660344563110        1.1251671929543834        1.4572225844937403        1.2601213414061649     
  0.37653943736185919        7.3379153511791390E-002  0.57101632899389221       0.35282799017536287       0.35867582373834500       0.52950573485925923       0.34948521634679003       0.57147263049146557       0.54169861723676005       0.34674537251134818     
   1.3989381347207102        1.2497076564102809        1.2935228414472324        1.2779345731026595        1.3335204004985191        1.0828270658786323        1.3157953413095509        1.2633248550711544        1.2265197131046353        1.5095137299392569     
  0.39246011010113352        7.9233082802753471E-002  0.58581573439670487       0.36873090394397112       0.37304084761301332       0.53964055429022573       0.35685908992794735       0.58287635621651701       0.55500062939527794       0.36351715365704035     
   1.1711981207339255        1.2062097876847688        1.1491265111248896        1.4213896351311632        1.1332230581664717        1.2451521175653506        1.2584303018123233        1.1431077000273253        1.2050653351359446        1.2784551685436809     
  0.40835084101762648        8.5677904225839485E-002  0.60027159508805494       0.38623545203360693       0.38882832257516853       0.55012781035874103       0.36430693321537216       0.59565111353010403       0.56838179629584573       0.38088432541771489     
   1.3418204651493812        1.1993810613065727        1.1905616001686585        1.4820543618033055        1.2945306660749683        1.1890569431114757        1.1638864666203801        1.3276121266637826        1.2584703572490328        1.2144007134175425     
  0.42403532122755544        9.2122222072071464E-002  0.61425940392863054       0.40337061278467912       0.40449497890770869       0.56071090052799322       0.37191112122351511       0.60854639626821061       0.58168245875352986       0.39816411609936619     
   1.4049299333607586        1.1948345727201992        1.4644941642788498        1.3139580600341667        1.2616411287249130        1.2596756230720727        1.4956762902694558        1.1456939514790836        1.3162833236199203        1.3903340003166347     
  0.44056778868031582        9.8875370416229388E-002  0.62769659607179917       0.42152328753602331       0.41952198527531553       0.57024870366469727       0.37974142940184297       0.61992468337876960       0.59497720856149738       0.41514727617792935     
   1.2869807764743806        1.3423843607110517        1.5245056842429550        1.3895170243332742        1.3060798346309910        1.2368999914437246        1.2200737993852961        1.1765155894847483        1.3845218510267014        1.2408400021380770     
  0.45689373037871517       0.10564545047795330       0.64090925524076314       0.43903051432333529       0.43456198649328448       0.57985730994123386       0.38774841380500841       0.63098041922345216       0.60822473122426757       0.43222172570308820     
   1.2164084119050871        1.1830073920976665        1.3119315921624837        1.2644721992401691        1.3052323762121052        1.2078342750984123        1.2401429126834307        1.2588116553627657        1.1815809497525493        1.3584746167563320     
  0.47333062750603377       0.11284206340405256       0.65360865713882155       0.45453094102809061       0.45118036099480885       0.58888341772823583       0.39561404886351786       0.64255074781287624       0.62181949472765685       0.44903964969988153     
   1.1345451282233530        1.1576400986534960        1.2010872844930913        1.3844040306297458        1.2086399648796191        1.0963626013705929        1.2920245939779813        1.1728390548255248        1.1996464572756651        1.3930199368877447     
  0.48882029765219986       0.12026640704347778       0.66598540266291117       0.46956394049215544       0.46848732149945188       0.59827098616732677       0.40365400202240498       0.65479243410584353       0.63466070101187888       0.46616464709964872     
   1.2494133671584196        1.1160926445006292        1.3692979522931350        1.2733153375773207        1.3902152761405768        1.1956584523426941        1.1628192496335927        1.1762368729193997        1.1978016964551339        1.3806064737716830     
  0.50420541738861901       0.12897171843394040       0.67788858427657939       0.48441490186806868       0.48666119964877974       0.60729625141678012       0.41172398045851494       0.66716929559274030       0.64697388745759565       0.48071132353452245     
   1.3905697158772330        1.2391069085174844        1.3168226011072306        1.2463106527628547        1.1940120848870841        1.2376402175095358        1.3698275211915185        1.2901724635340168        1.1929725930010167        1.1185925591101196     
  0.51714546827911168       0.13758234003315276       0.68982980480695844       0.49991426179369575       0.50451061179545220       0.61641813267826917       0.41963772390642551       0.67954662679919353       0.65896635006860516       0.49603449691382995     
   1.3133915186671035        1.2830775688611553        1.2726363202894679        1.3779451072552065        1.4254113563196693        1.1363051907551001        1.1234005974989436        1.4823175015201573        1.2459012538331100        1.2569312477845107     
  0.53001173522539979       0.14649277082637460       0.70125136568019963       0.51589912087596534       0.52038145207817643       0.62589599027578879       0.42784401213827750       0.69126368620231404       0.67071898936269880       0.51175769119923775     
   1.1825981810834685        1.2092173449618895        1.2624630599320135        1.3506671835450479        1.2304542363271227        1.1931641420536021        1.2876475955208304        1.3698042530940480        1.4276741066093088        1.2846002387109814     
  0.54323097503053175       0.15566973721911245       0.71281325538133811       0.53159105661095096       0.53577191657898360       0.63524195838558628       0.43615318800889519       0.70253838031058535       0.68264509263864337       0.52745155890179030     
   1.3472674325848482        1.2239703672718971        1.4071007867099035        1.2253840901607727        1.2397080751820515        1.1291302386189785        1.2365404394764739        1.2527256966633826        1.2519051974830193        1.2367506115798388     
  0.55687946526664356       0.16666852342155045       0.72444664760694888       0.54767541471451542       0.55151915750740388       0.64536255292473077       0.44468880283015594       0.71357454218196137       0.69458082041642233       0.54212707606244670     
   1.3872781523696049        1.2732375717163920        1.4282090818705289        1.2288515750005322        1.2441840980925307        1.1647574413803703        1.4611571986781409        1.1556750730450920        1.4434832343385073        1.1357855218974706     
  0.57122692768908223       0.17779530354876991       0.73628871955892206       0.56388266067227799       0.56815729055160014       0.65556213270853447       0.45327132863970870       0.72458730269032379       0.70686040721405419       0.55663016143603861     
   1.4600742658420811        1.1977105385871984        1.4437392748266538        1.5001464104542461        1.2464619940579504        1.1706880478269244        1.2301539741131273        1.2974784336530223        1.4166611093416543        1.1955002809233242     
  0.58571072125611912       0.18974357929991706       0.74835158368608568       0.57934929499727572       0.58372187621062999       0.66562696387919562       0.46143255772408287       0.73504954866915595       0.71936992150064016       0.57166134679621250     
   1.1402800982571366        1.2361469599969310        1.2620716084971879        1.2293705446991317        1.1306827708609533        1.2077171175321950        1.1353229844467401        1.2788029442046218        1.2021142902169983        1.3473325592030720     
  0.60023416707353971       0.20142136190935273       0.76001310517815857       0.59484540164344990       0.59823559930578663       0.67566311467930940       0.46947756186465550       0.74530896756219189       0.73185015765464723       0.58684128616269149     
   1.1742726569048918        1.2005075779549716        1.3510687651319224        1.2223678547546069        1.1792978959531737        1.3983156741089136        1.1399357255176648        1.2812648654156864        1.1905143953991599        1.2737189694610975     
  0.61450853838289521       0.21434674443930640       0.77143111074264381       0.61018711645916868       0.61332705357227757       0.68546765547285315       0.47769391573340891       0.75493835378326568       0.74426519349672082       0.60260821442904500     
   1.1516481230442166        1.2089594527790930        1.3956747874956781        1.1792804671833288        1.3006275207271549        1.2940097492752198        1.4579239435025440        1.2229501958789759        1.2302122577367631        1.3709785301065565     
  0.62837615718712192       0.22771376747909558       0.78293789825270244       0.62569760492436166       0.62849324515951510       0.69530195195150346       0.48705254915761415       0.76436520663953123       0.75695840515869739       0.61828607857114926     
   1.3188075775522305        1.2670870782689723        1.2956818505987118        1.4150991916684106        1.2236472618412961        1.1990763422642061        1.2701839201025806        1.1064246371982556        1.2098593372618534        1.2472893584748068     
  0.64356491000438631       0.24299346664201235       0.79408376405090264       0.64028056832010039       0.64347602323382846       0.70513179580852448       0.49645182887966227       0.77343402046162701       0.76942591375421132       0.63401260083824684     
   1.1813907880615613        1.3103627282189667        1.3835266817839533        1.1513117269363764        1.1938900668081249        1.1608182074603954        1.2923104817701010        1.2152249889752464        1.1712752842438261        1.4029374269135491     
  0.65921796341467298       0.25860285381891135       0.80537314919455105       0.65484111271042011       0.65880693862666884       0.71496710273671971       0.50653797376649812       0.78223585843218180       0.78192323899558347       0.64964015632705308     
   1.4149106719066089        1.1848613372172405        1.3936067427964920        1.3212685621157350        1.2257151646926507        1.2740999145460676        1.4324609050881936        1.2765205395146870        1.4587746655767233        1.2693116667142577     
  0.67501592543547584       0.27437895938749496       0.81565656762546079       0.66882991489036447       0.67424669245209523       0.72476383614946005       0.51651333474241090       0.79261364239301213       0.79438734692344004       0.66568032154063528     
   1.2161594919286118        1.1031184709610600        1.1693231990672881        1.2455101822067201        1.2547066382274503        1.1832076347792682        1.2265000240188948        1.3637211783668550        1.2253000835606298        1.3933223830089021     
  0.69084753489958661       0.29071965461363003       0.82653746508976644       0.68293312582676158       0.68964047580193311       0.73459280654012904       0.52728782349851089       0.80319256444278375       0.80691040660500524       0.68176130729675855     
   1.3093371794702611        1.1747252814590636        1.2008476702849928        1.1199792070498482        1.4784906604901071        1.1942775178240894        1.2107999264575307        1.5108627941146107        1.2564224001830111        1.3670116633220961     
  0.70610826940164806       0.30892068088019947       0.83502604406016623       0.69755715636223525       0.70494912014364675       0.74457174096884982       0.53789628713037574       0.81325454820998222       0.81940372918433302       0.69560253198203637     
   1.3335538030719123        1.2172250166912126        1.1994809733459888        1.1387684864178800        1.3216330837171160        1.0953241702478518        1.1747690471159216        1.2237289319741833        1.5720995930001638        1.2305311048226824     
  0.72152095379175196       0.32854254278388501       0.84337605264035764       0.71224576949350937       0.71963853960291535       0.75471177153788072       0.54891445816277873       0.82317129280193313       0.83157978222752993       0.70896679874075708     
   1.2663551676091593        1.3054433110114561        1.2227444923659734        1.2168751196057674        1.1769332573502502        1.2244909718698644        1.5379245498164871        1.1949517200963899        1.2907141891477036        1.2817013561118267     
  0.73677488402785218       0.34943560393491058       0.85352298444173824       0.72756679068184349       0.73447443763129205       0.76500143172286617       0.55987140425944615       0.83308121216629305       0.84329176405326667       0.72359841040753392     
   1.2962353535448838        1.2734477001862599        1.2955290376806288        1.3425882984143287        1.2907220909470456        1.2428067748538807        1.5291987745556543        1.4653522047204495        1.2471776836479076        1.2024703949680007     
  0.75213262980921824       0.37124902298351514       0.86371686410220250       0.74296566306253875       0.74938869739291214       0.77523974057405021       0.57105315751081998       0.84286688684040800       0.85400715902194146       0.73799511904683368     
   1.3504854357021969        1.2844560399216602        1.4091986755560506        1.3510104637972895        1.1991662088198809        1.2555780568287687        1.1952963287579641        1.4105404629542175        1.4769174618513796        1.3434909948904252     
  0.76846215663164918       0.39426350604633986       0.87302860868994991       0.75881400922409370       0.76487763899161987       0.78572552637813498       0.58249693656695278       0.85265407291633721       0.86375825401682882       0.75507268547744844     
   1.3208907535254040        1.2226965130243257        1.4607433614143945        1.2139013789607602        1.1873979562638177        1.2668975306002142        1.2755140918643242        1.3402500261875474        1.1679161166863294        1.4710790241345579     
  0.78479878066056263       0.41917834994803926       0.88223158211120833       0.77446510311981465       0.78062289261193696       0.79598332168122110       0.59479170977049001       0.86206106160795259       0.87354967295022001       0.77220928088954588     
   1.2108214065189766        1.2161554660348188        1.2679900491922733        1.2968634228821483        1.3807607915536126        1.2799094085170313        1.3893079484853956        1.2762888311074945        1.1605453137247566        1.4037691381815782     
  0.80052974833908386       0.44605926915555866       0.89107036495815028       0.78986638193824221       0.79688126785567037       0.80781247003804801       0.60725256372957614       0.87127734323102690       0.88330416352188978       0.78943522142049549     
   1.2834311966304432        1.1312435930181752        1.2684604832290705        1.2108025967760072        1.3486964298228210        1.3463596781800806        1.2400496518307877        1.4568707932665521        1.1891918533944463        1.3182456856723705     
  0.81620828671767442       0.47313216254965595       0.89973339363731475       0.80611442264360644       0.81340369286088998       0.81973072902167321       0.61902648228233648       0.88052396890304097       0.89383325957941473       0.80693875806858972     
   1.1822595229584685        1.3105801647299626        1.2757866154811730        1.2230521071542779        1.4137919675658612        1.1655097456936876        1.1426306089087435        1.3274858888460064        1.3208194076733755        1.2570231589742578     
  0.83181832833451663       0.50066168570763070       0.90796820219539576       0.82383771240072823       0.82937639083396120       0.83187358184436466       0.63112338816764313       0.88966667823325840       0.90371605697204349       0.82297860885771279     
   1.3468397402346677        1.0976565049234233        1.3157687742534183        1.3017925996533981        1.1425297231693539        1.2679871169532264        1.2441194632937738        1.4899551777880118        1.1215652719912015        1.2861169822031620     
  0.84763183605806836       0.52910066422462509       0.91645181575469070       0.84119311537186370       0.84522066990568412       0.84468503230587744       0.64305331801110599       0.89921963894114454       0.91332400671174774       0.83877349006360757     
   1.3389371226948079        1.1139216419401914        1.2114919372014985        1.1747253223740020        1.2950699053711083        1.2352654476124632        1.1480144305704332        1.7268340903153878        1.2972565657471489        1.3760582969227522     
  0.86428793443007657       0.55817794156734712       0.92488789656366321       0.85816306608207960       0.86158763483636991       0.85740749702775365       0.65535029402316591       0.90904652562844879       0.92294031591484060       0.85321718579747585     
   1.1772945335442253        1.3287564407839056        1.3218232297235100        1.3755319464685911        1.5319111080459982        1.6032741889206759        1.2410638595836465        1.4223676305328234        1.2361833710609322        1.3211189676600392     
  0.88081293608829359       0.59290275535755865       0.93349671369064680       0.87524395716522485       0.87789650109799733       0.87011058955043585       0.66671239075771194       0.91923190774301122       0.93231939381006390       0.86827519608717318     
   1.3068058472734807        1.1780617937034108        1.3011111562948887        1.3170595358082664        1.2286333909090768        1.5917351112671414        1.1516897769975698        1.3299901656871200        1.2329960736197800        1.2758197521091175     
  0.89700682461132719       0.62959062943765232       0.94178012948074985       0.89175511363882243       0.89397394198762281       0.88210594605327564       0.67902671994992003       0.92919274496066218       0.94106058875561482       0.88468827639199321     
   1.2915298818446883        1.1705793457165741        1.2356471004870195        1.3884367387451324        1.2644621073502031        1.3283291427839556        1.1743582935018473        1.4811103326588730        1.2145257717525499        1.3806253331925615     
  0.91332444733545470       0.66863062907064996       0.94996221698072458       0.90850585483843849       0.91014475876842416       0.89425861102244886       0.69454825287732258       0.93881341150071451       0.94962064723658479       0.90087991107909848     
   1.3001800821033982        1.0982680265643781        1.2796689433786435        1.2359968904087208        1.2199747486560562        1.4738747527609335        1.1378168183116235        1.3786965593218674        1.2047332370888542        1.4799969814256213     
  0.92847906399843427       0.71006938548286191       0.95814902783856326       0.92431296990278000       0.92633411710696834       0.90808031377130383       0.71166295422553527       0.94831176302119380       0.95819905106311909       0.91694181005185227     
   1.2470326937559881        1.1482009040550794        1.4262811123900399        1.2479701568515591        1.2505472440615937        1.6206767107406248        1.2134094758151186        1.4168956761923204        1.2516053110582750        1.2478695369265054     
  0.94386929695886013       0.75900725360544452       0.96629040260711352       0.94020453142562532       0.94251333389775738       0.92156042462149246       0.73324829407235415       0.95782993720545717       0.96661870447082587       0.93327140471753711     
   1.1725750428340762        1.3791737875611263        1.5405663866865433        1.2753801401154252        1.3477107193839106        1.4401423026950735        1.3402832437962875        1.2294939977316353        1.2254723214211367        1.4715171446541719     
  0.95865350703045493       0.81134063017809022       0.97485333416976072       0.95488169433700887       0.95648019866517953       0.93719148293380472       0.76054083549790596       0.96758513627549891       0.97515665107619331       0.95041306166787742     
   1.0977445208182930        1.3454327390772629        1.2484727103422044        1.4216619185385970        1.2007468754082289        1.5037246308137857        1.3358822295951089        1.2669364974273889        1.3703966565481820        1.5206518390554660     
  0.97318882838343790       0.86793261747980732       0.98341454396925099       0.96949608633467910       0.97025170866610144       0.95294869877843280       0.80054870727416205       0.97781636643714154       0.98369384638255575       0.96721396661906078     
   1.3618384175133287        1.1110479928927919        1.3782878963902836        1.2138262228901284        1.2015287239660546        1.7474369177668614        1.2253120739127095        1.3696177474433944        1.3167065274895697        1.2610130802578725     
  0.98658424500316511       0.93283215608004766       0.99167961864665688       0.98480750018018537       0.98478181662730679       0.97649980131029068       0.87395950436271608       0.98874945409048287       0.99190362153029810       0.98341977132053127     
   1.3717082554687876        1.4744366659532750        1.4059233937603925        1.2844860096083770        1.1935883417163198        2.0210131460098917        1.2470915224554009        1.3298369716203167        1.3122475098443149        1.0856613639838735     
   1.0000000000000000        1.0000000000000000        1.0000000000000000        1.0000000000000000        1.0000000000000000        1.0000000000000000        1.0000000000000000        1.0000000000000000        1.0000000000000000        1.0000000000000000     
   1.7924708077432387        1.1835705915543460        1.3532340376129082        1.1591191097265090        1.1441915821191104        1.6360367520684158        1.1917238880239571        1.3474905972448195        1.3537946108143808        1.1956421012958194     
   10.968464082626676        17.589246130262300        12.363899256847665        9.7533825314710896        9.8543274153017926        8.6252793627536413        9.3877777723073237        9.4350584530931894        11.400274802545388        11.858258993946039     
   11.204864760384304        6.6860529209971906        10.196171900131681        11.063567829640574        18.139302605421452        9.6118215932203910        9.9410183396973171        11.325342023904996        12.921327400772574        10.295687439540229     
   8.7394166225285890        6.2279061016182284        12.454110844610360        9.5821013694801707        12.828279289699209        8.9814046271795256        12.182276168405552        7.9965552811254783        10.517904907120178        11.193012943933113     
   10.239273841579674        6.3069705776630034        9.6467407747357665        9.1097513462082560        9.3968367382682114        9.5809629932220961        12.346179170432562        12.364049202905012        11.737051475752580        9.6491145613055398     
   14.515883169692428        5.8057550610548603        8.8967047817021747        14.503325654374326        8.8371265182301535        11.016877539028762        9.4792686548666225        13.984773254163487        8.7602062800029739        15.795945202181782     
   11.380012670897415        6.1218199784262426        13.950101014747615        12.156018903746315        10.224465503746984        11.457510685968469        14.189712273678875        10.027281284141738        10.546711736778910        11.478835750692252     
   9.2110306832621340        7.3623400898067954        12.315569071701928        11.171615656921253        11.274347865355937        13.221769593998673        9.8633334151073626        9.9234057957961443        9.2403429080267827        10.146254643243195     
   11.186527046307061        8.2541640823697495        11.396077859031152        11.166942778776098        10.495831981669028        25.025693709158578        11.111746806375770        16.345657390943540        13.829033583827140        10.933405042716123     
   1.3226045297909022     
           1           1           1           1           1           1           1           1           1           1
   2.1403975395529029        1.9293941101470127       -6.1561771937435018E-003   10.096501493078740        6.6090391918993241E-002   4.5236530963189601E-004
   1.7174377001966862E-002   1.8415515415978762E-002   5.9868035731022963E-003  0.20096987702747929        5.9708013472276732E-003   2.7002960257555390E-005
   1.8906314818706447E-002   10.811539234844677     
