   0.0000000000000000        0.0000000000000000        0.0000000000000000        0.0000000000000000        0.0000000000000000        0.0000000000000000        0.0000000000000000        0.0000000000000000        0.0000000000000000        0.0000000000000000     
  0.26028618622637362        4.0198877909740700E-002   1.6128489640766130E-002   6.3740913859305706E-002   1.7045277024698643E-002  0.54092779594106732       0.12398266429001488        8.2145181760036740E-002   4.1308382449761545E-002   1.5856964446977182E-002
   1.2582050503235724        1.4091922176384131        1.2387957268671499        1.1502834373542818        1.1758069354775953        1.2858527578336045        1.0347307347096972        1.0800309125161858        1.3049450066256600        1.1363685054486576     
  0.29816051209695282        7.8794307838078725E-002   3.2241488075622951E-002  0.12431496646615867        3.3992587213223874E-002  0.66829289412804183       0.19926139658043368       0.14819140680186560        7.8176857149064402E-002   3.1492400989314620E-002
   1.0608024736180643        1.4380980892721875        1.3505178873014780        1.1631274814415267        1.3719283784178651        1.6493971824060853        1.1843579160166546        1.2168290948990959        1.4446201960692291        1.2397944798648086     
  0.33214332168069122       0.11085137706738767        4.9239629337763893E-002  0.17811008007392465        5.0304948750398919E-002  0.68603832878561477       0.24023974420620570       0.19067284799100678       0.11117744090207490        4.7601694069999735E-002
   2.3725169504593655        1.1788870946017156        1.2730943794252658        1.1306364964776814        1.3254592635035043        1.2264178859754364        1.1335409885144878        1.3226142008045294        1.3956977777424198        1.1513810541987608     
  0.34287431135981833       0.14038762704639179        6.6057398765269615E-002  0.22907307321531800        6.6556944028425241E-002  0.69675479434476295       0.26767588973738926       0.22591189848275714       0.14276469409181147        6.3537430192907404E-002
   1.1665074960965010        1.4012431854942147        1.1752653113571994        1.1244264620081730        1.2476872606904534        1.2506638602917748        1.1822911876706845        1.3142538793960528        1.6944138082504119        1.2659571056884851     
  0.35382225374528503       0.16486935692249882        8.1915932749614562E-002  0.27555957793787111        8.2410427063196040E-002  0.70730446020537596       0.28818695047544035       0.25461661839717470       0.17317447122505908        8.0182717885957877E-002
   1.1957327502381623        1.2623812151992568        1.4586954569780055        1.1791736990215904        1.1727348438471319        1.6158491377596207        1.1216255563175355        1.3686363004112874        1.3423055199738092        1.2218276119163203     
  0.36540484288387753       0.18792462351393407        9.7887874465492714E-002  0.31756788468064967        9.7997126671996046E-002  0.71438757758591953       0.30611464857618159       0.28092010590135480       0.20040333080005462        9.7057864136607622E-002
   1.2789588206794538        1.2070889490403860        1.1499999660901083        1.2392396051024710        1.1711077310293072        1.1645618865561698        1.1258224819721518        1.2215693044263320        1.2221584572557798        1.2734083859337215     
  0.37699342018623694       0.20899931722508888       0.11319305285950521       0.35635418867203128       0.11384387385023950       0.72159625494803203       0.32251814289487479       0.30496030099935484       0.22678351782631231       0.11436818365666213     
   1.1838198776447697        1.3144951888284764        1.2789237702598046        1.1885934928259025        1.2874333831055254        1.1914978424916982        1.1966062465423262        1.2446529478187289        1.3427171881563933        1.2823832289433310     
  0.38847269684229663       0.22861781419290284       0.12858154327460161       0.39236625164274247       0.12987151892254073       0.72793695070256570       0.33712578014726857       0.32780760519269231       0.25172914413955216       0.13217914166905531     
   1.3848386968907043        1.4377572040940172        1.2518380714386197        1.0703921050299430        1.3200794878689619        1.2320322165934510        1.0973282854269080        1.3477597691068508        1.4390411406494743        1.2343455652215694     
  0.40003685299619873       0.24653459305583802       0.14327854900103942       0.42753661674790361       0.14536187140258033       0.73427568189156744       0.35101130284993892       0.34899680720845300       0.27604416618026412       0.14830145580655746     
   1.3710877518792821        1.3173504061068226        1.0822806218082393        1.2517912871736658        1.1301618811041301        1.2203718260167502        1.1265029365078483        1.0650420996958834        1.3059960670584811        1.3040263758183461     
  0.41130714109034111       0.26397495736333904       0.15781248956607438       0.45751034652879374       0.16077135239617768       0.73995060975228188       0.36449187512645087       0.36959240964231876       0.29806166019656211       0.16416475039723158     
   1.1140154007969072        1.4099881749299368        1.1490648838031172        1.1369673674243352        1.1733212088808644        1.1068547863687015        1.2913647839801206        1.1548582081398608        1.2052325744289965        1.2293134953099125     
  0.42235209027974618       0.28096383150020282       0.17216755290002719       0.48640827783367135       0.17678611655587007       0.74568767074148001       0.37758794661107303       0.38944458680674487       0.32016743706861073       0.17959592737593960     
   1.2191361597095738        1.1034692407432278        1.1474264792515378        1.2075486648025140        1.2010728621004563        1.1462702849480275        1.1559184112456813        1.1874361472796608        1.2896205272341881        1.2556837656235302     
  0.43339048020236476       0.29685712119552238       0.18638966752526279       0.51324452324034764       0.19297922240929297       0.75121914857519201       0.39033717664282674       0.40893268932902577       0.34019830686021896       0.19479047127321061     
   1.1774252044623388        1.1033204311230012        1.2224861578858051        1.2878040004428606        1.2694963664664951        1.2102911330901045        1.1864776978366682        1.1246728171293050        1.1449639033522530        1.4328312294399799     
  0.44444052843184423       0.31225373090377945       0.20075892575671389       0.53988986300682296       0.20880298965417876       0.75676602747874722       0.40288199910105033       0.42782587518067561       0.36004493919899899       0.20949628204222115     
   1.1202757627615039        1.2332858448793598        1.1226193219924736        1.1360446183396848        1.1068139369032648        1.1390416126679297        1.2737033273956968        1.2146902154006518        1.2621643963657887        1.1000467763938642     
  0.45549703243093237       0.32872115547408676       0.21519605191689131       0.56373706594071171       0.22451751855433577       0.76171243919784715       0.41512563693977794       0.44596047907774178       0.37799025132217590       0.22420892618679045     
   1.1431885518766762        1.1674946498065029        1.3141390001916842        1.1271549704433674        1.2047111132121218        1.1433105683121998        1.3435475419322338        1.2293437297040124        1.3881070693921311        1.2228271423307557     
  0.46654376994192787       0.34521959346116204       0.22998763128777139       0.58707599986215364       0.23988581415411064       0.76662695735990916       0.42714530293250130       0.46358016714957251       0.39571086222978991       0.23949018032091951     
   1.2065295703084686        1.1492887763789628        1.1737238366641394        1.2824459186040389        1.1892153801114578        1.2613191395760572        1.3994888399172551        1.2270746556861278        1.1781555608308203        1.2770500978788646     
  0.47769676509816356       0.36124691651481944       0.24483403259617267       0.60878922531562818       0.25496786591741033       0.77140797277550244       0.43877632758989898       0.47966151491592252       0.41339803984773954       0.25437437160519599     
   1.2023618351014926        1.3454354415464953        1.4216024131382794        1.2566333633438054        1.2424614148434709        1.0498817888052550        1.0986838235656116        1.1664705156067781        1.3676233840739991        1.4044413463152863     
  0.48861135113426163       0.37705356383983180       0.25990346354128419       0.63036754420391616       0.27055221425260390       0.77622475816127290       0.45003599364960778       0.49485249883457333       0.43075561774774035       0.27125991760394402     
   1.1817373132495066        1.2941646773128497        1.2066791255989728        1.2223112878752134        1.1154967774179856        1.2725011172941585        1.4159693054882496        1.0819704234101613        1.1580204568567447        1.3334460343254115     
  0.49943688416228982       0.39316588564881816       0.27489413250183625       0.64903940902233992       0.28627209673477033       0.78064833219361229       0.46105229268377651       0.50978853876321428       0.44716054874361855       0.28798359854290678     
   1.2372241875315426        1.1892174908701596        1.2342967706519483        1.1534037992140393        1.1292050031937755        1.0660700096298394        1.2019548159584557        1.1599514215004254        1.1454260873812141        1.1746248020391099     
  0.51034475593691919       0.40925045399333099       0.29004322152016926       0.66787357332753328       0.30192907802819463       0.78501557327401883       0.47167839818292734       0.52449262361784432       0.46364543070657321       0.30453188316633722     
   1.1880604242474391        1.3048536920472036        1.3880229133524942        1.1806150976424292        1.3551157837097945        1.1464753640687417        1.2773275498858991        1.2033589983847057        1.2691258374342678        1.3744181395994459     
  0.52126910972382989       0.42436462196512464       0.30494104383098286       0.68642537938957682       0.31747168022427585       0.78929087656000008       0.48221639138278810       0.53914142884890792       0.48030494779115329       0.32081803939264575     
   1.2703144122915644        1.1681616978831093        1.2631420529976445        1.1137235951296627        1.1765944989403294        1.1964699591313666        1.1712438877438698        1.1445852179230258        1.3424284144974896        1.3826870201704529     
  0.53206363104588006       0.43941451517403973       0.31941970784528595       0.70455588305911798       0.33335243357409322       0.79349799602719850       0.49189615593285380       0.55381513986362996       0.49660716963753959       0.33725407630263282     
   1.1872878725897265        1.1760082942823697        1.1014634335183118        1.1853429822289712        1.2068748765740702        1.1290499545673427        1.2557973203658865        1.2627484592073963        1.2435549953158092        1.2417233106671566     
  0.54276304937588293       0.45494196408276955       0.33409309150272326       0.71994665747979947       0.34926222126125350       0.79776975066836553       0.50157883762168076       0.56808456090244464       0.51231454285685329       0.35380139135648614     
   1.2118476031399994        1.1646751974709437        1.1404512099405055        1.0407159540579134        1.2940332441011382        1.1231645569628019        1.3205700721770259        1.2164386463293100        1.1418131958498741        1.2247326232457998     
  0.55352422077665375       0.47042543147898419       0.34914003084421974       0.73518111160775468       0.36541631586992734       0.80208418794946212       0.51118944647443310       0.58198347478515755       0.52812635572153932       0.36994983125514852     
   1.1440793062790382        1.2122431112263303        1.1549287373413570        1.1652134177741096        1.1692801665925796        1.2253712385715481        1.4318914255972122        1.2334227937663409        1.1723528064635547        1.2198956361304025     
  0.56442320392457912       0.48511749902278839       0.36436842028678296       0.74912474930683670       0.38183385297703998       0.80627387405835671       0.52086404126583818       0.59565436257127224       0.54287283050692570       0.38617137302182969     
   1.2328875536742541        1.2453715286590628        1.2476669540038117        1.1306716477881262        1.1356841137800744        1.0955443193579952        1.1931750208384349        1.1217157180880128        1.2611490836096866        1.1567646866488748     
  0.57533996668742327       0.49956576791694701       0.37958277544872254       0.76289726852825523       0.39832081827720156       0.81044587304190752       0.52923651041493258       0.60915542189012173       0.55811120882985232       0.40164680815212556     
   1.1332787317120512        1.2329129433929871        1.2081069545422622        1.2023433775495374        1.0954126822146519        1.1905198077043260        1.0505953378457289        1.1910668264308535        1.2513698336546193        1.0770259730080451     
  0.58616595987917663       0.51361777438510492       0.39519528793633840       0.77441386805791990       0.41476053346889019       0.81463667442627530       0.53772093319463077       0.62244896967211250       0.57222602487354446       0.41648182325638833     
   1.2513255240033556        1.0949379556651995        1.2363564122935908        1.1344519456194597        1.2635863466158441        1.2693889678678774        1.2607843620894281        1.1464040761140162        1.0944843365825168        1.2396511733116655     
  0.59667094666691511       0.52764541560134093       0.41140905029132163       0.78611143684241214       0.43118213201015554       0.81886998530904964       0.54631943527646631       0.63566966016025850       0.58625411232366054       0.43134776360551430     
   1.1549983610295103        1.0722767381350482        1.2781337654051284        1.2907603649822381        1.3388897818826027        1.1286846951199663        1.2769089156618432        1.2440228958422124        1.2147028360144103        1.1376293528229708     
  0.60748599420456162       0.54166322749597817       0.42782383080080316       0.79777658144401198       0.44770538401325627       0.82310571714474945       0.55489294255374455       0.64852774267685409       0.59950248494236913       0.44634807972571888     
   1.1654069825727444        1.1448470504959376        1.2260877964261594        1.1953713513885000        1.3252014277215518        1.1737834459858703        1.2241817227727181        1.2983082245013302        1.1173857253141606        1.1910095389005937     
  0.61852783123586075       0.55541654653815620       0.44468276495600206       0.80893863740754990       0.46424478153243093       0.82730365774508730       0.56316392321741893       0.66088929357729920       0.61264719380780408       0.46181037016926035     
   1.0920556293517223        1.2594653801463436        1.2870846768926707        1.0847091811055181        1.2084698947927750        1.1182964231273960        1.2880760383209069        1.1834660048786405        1.4254547409065474        1.1909735028446202     
  0.62924310543418571       0.56927429581152067       0.46110074615794933       0.81913237827685847       0.48064827784717806       0.83146368830663264       0.57152271119951636       0.67297798519724983       0.62558414253380390       0.47753433861828098     
   1.1005643008529002        1.1855262052856637        1.2590134235660542        1.1699409956401334        1.2421396233980044        1.0467236933508768        1.1492509810245561        1.2250214456983821        1.2720845245688608        1.1550941524377083     
  0.63961446560339530       0.58301638104908959       0.47694089893699915       0.82908741154378229       0.49698735364340707       0.83561574125932092       0.57995448848197384       0.68504029052175486       0.63851898498631166       0.49327824390284608     
   1.0407159540579134        1.1054074522055051        1.4163935660509965        1.2255776886577925        1.2165170311853362        1.1193058229180477        1.1713155236929320        1.5039758020677974        1.1619262102462495        1.1743047436298364     
  0.65011718601870883       0.59600651303313512       0.49272639933963669       0.83868842785401243       0.51345490649313386       0.83980576118307548       0.58845783539095819       0.69680135232767459       0.65061629144908661       0.50885668616512858     
   1.2212144198234494        1.3268104313285649        1.2525327731350024        1.1611400862853372        1.5953593915888751        1.2636301180117180        1.1915226970156132        1.1893265297875570        1.2322115623460463        1.1326921982119629     
  0.66101220000010719       0.60900961787463337       0.50832577088533626       0.84783664136978987       0.53007961029137018       0.84405635473499352       0.59647350517586850       0.70797560350250033       0.66274331963125444       0.52492541321597663     
   1.1554456254296728        1.1605237965216220        1.1495865297998364        1.1693501763303107        1.4452802321435525        1.1991999192148781        1.2186789305877956        1.1537775088794511        1.2098135165887074        1.2589698847802901     
  0.67210294884604227       0.62231079613902929       0.52401863278198169       0.85630431982521327       0.54675685502474258       0.84833470882560114       0.60447090490796607       0.71890039117719973       0.67422836978742950       0.54113250425919612     
   1.3807768222546322        1.0970381653550849        1.2806790821828133        1.1463224277466371        1.1332830952656512        1.1682086671897365        1.0718669622636159        1.3766545801250698        1.1315742271807976        1.1356541581556647     
  0.68342215077328872       0.63555353825663363       0.53981505551469200       0.86470082225843758       0.56290396365222584       0.85262978907265075       0.61246007635912336       0.72929839334035185       0.68542948750732080       0.55721104390953657     
   1.1818107460696965        1.1565800378537736        1.1306439195494846        1.2905205026459359        1.1651980866143239        1.1272549323812817        1.2802970678869325        1.3854700485822546        1.0706694127850718        1.3668240380118235     
  0.69459018040036624       0.64951905566619539       0.55548215811488744       0.87284812212828844       0.57824461451486164       0.85691972757538604       0.62041400092260257       0.73956153961370141       0.69676901748621489       0.57329399795368841     
   1.2834144992372138        1.2906584719498961        1.1121524508622129        1.1277836679958408        1.2377714618662217        1.2481207883008325        1.1571467555520425        1.2858925266916335        1.1362376752509209        1.2241514891085006     
  0.70581129161802614       0.66321963570870579       0.57083023979697045       0.88072683742790769       0.59366728895821186       0.86115821835135176       0.62881070866950750       0.74967304506140242       0.70844738929943230       0.58898570372243197     
   1.0748890186740778        1.2765954257027281        1.2381356724811909        1.1213148914387281        1.2038585246908153        1.2159631989964490        1.2209314813597618        1.2759662246482764        1.0721628760548703        1.2866274381758729     
  0.71701881647634613       0.67736256533158767       0.58628313652816566       0.88825266253950896       0.60914625787770060       0.86542071243108476       0.63720423829249717       0.75977399084928021       0.72023744541337031       0.60465975608869849     
   1.2760034418536206        1.2111517114542956        1.1823327238063832        1.1329267518769137        1.2239036169517539        1.1626014135801834        1.1320972513255516        1.3315238656589281        1.0524488774461112        1.2962309329660815     
  0.72838613248644624       0.69167668958497275       0.60188123230033996       0.89551400770203804       0.62468035538429112       0.86970790225498351       0.64545049012972955       0.76987197077678227       0.73227034477982966       0.62024454206520696     
   1.3032332665527100        1.4248508625158600        1.2412280003868275        1.2211201578259370        1.1891163250480128        1.1990297812486967        1.2183434426258015        1.2463669982875398        1.1647353361060391        1.2882790774031514     
  0.73966752055032736       0.70489239651176350       0.61763444894847375       0.90235362062581992       0.64030108731404378       0.87397743940942130       0.65367697056331253       0.77999111169710311       0.74428027783962925       0.63562589747103815     
   1.2449644251089058        1.1138456601066906        1.2071243903190851        1.2036831136042732        1.2445050279163898        1.1242629130582122        1.3071279730465191        1.2778676331093992        1.1508158255843073        1.2867541085333061     
  0.75068092376345330       0.71814720339957516       0.63347765003693490       0.90891527337606115       0.65545731206107072       0.87826851242238602       0.66179140393057889       0.78990772442799007       0.75622914272030506       0.65037398576950878     
   1.1853619630161030        1.3307823139155788        1.1509247303856074        1.1020125621498089        1.2206700344249080        1.2299589246004614        1.3020940476238003        1.1499115590075442        1.1042784326169630        1.1951463959728714     
  0.76170350618303040       0.73091616830211714       0.64909614728356968       0.91483165968489555       0.67022799982443271       0.88256902736199649       0.67003744997240666       0.79979863823683583       0.76860019466671070       0.66500892013498081     
   1.1971655818143272        1.1701700327636737        1.2372819504437058        1.1894343197192938        1.6625764274138628        1.2121120261172216        1.1453034956781651        1.1667850907334611        1.2155264553243192        1.3187657294027626     
  0.77279859447459442       0.74351872352309123       0.66455783906467458       0.92066537138227933       0.68508867253684680       0.88694406622926580       0.67807368756953801       0.80974838154365969       0.78105177957226224       0.67937027611001077     
   1.1479550317745044        1.0851215540277506        1.2984580938153203        1.2725005748010374        1.2054492667120742        1.1858568992244021        1.2778801549593888        1.0952283474917794        1.1378892175828279        1.1358476563858795     
  0.78369373450963853       0.75646691414008571       0.68003638075124895       0.92629653199157247       0.69997945680680174       0.89136912280872260       0.68608319944415852       0.81972309832053758       0.79340815814871002       0.69372762449048075     
   1.3308881780063253        1.2084310201113659        1.1885885056034586        1.3011821639886394        1.2620676825440993        1.2390537551121676        1.3645822534085483        1.3915109576039819        1.2986309307688952        1.3086798699485185     
  0.79472877795890295       0.76948703886736092       0.69565506987002101       0.93182375062416845       0.71476657066426119       0.89554300027073708       0.69341945846580610       0.82914558872789368       0.80553859719497745       0.70769444596283071     
   1.2273113339691863        1.1907258271167276        1.1541657921068076        1.1614249850115479        1.2284102196842477        1.2939477155502719        1.2908839145945901        1.1628463102755153        1.1575503322972820        1.1389567194035424     
  0.80572723097554633       0.78277093624170524       0.71152877304515028       0.93690910159894547       0.72926667869555906       0.89980179930727877       0.70075743776044652       0.83840471922981585       0.81700881737075526       0.72173920558020466     
   1.0730846996331249        1.2305888489979111        1.1535828805998936        1.2618451094502487        1.1376615350547630        1.2439351181275351        1.1710232578256614        1.2234486854242150        1.1403141432460764        1.1559137716803174     
  0.81731098075669040       0.79612467411103294       0.72792777285029753       0.94190647080834133       0.74378870296019295       0.90404606433172296       0.70773047608815776       0.84784775170977678       0.82830905777722152       0.73656816960621485     
   1.3336693961027002        1.1991639486743157        1.2828108975164176        1.1225019067561766        1.1670114829493803        1.1295485067305540        1.1950583502284691        1.3282222932825880        1.2506041882292078        1.1994715671357907     
  0.82882392553678086       0.80916579483161821       0.74431748645511808       0.94676849614971181       0.75833596170972828       0.90833488317008382       0.71465254328174632       0.85736125405939734       0.83948170645192011       0.75108824640014282     
   1.3166141358728585        1.2373221015551703        1.2539195033216006        1.4342853849884385        1.3259168952030500        1.3160913901344184        1.1171238456983663        1.3447319486660423        1.1121354709494919        1.1796803618001614     
  0.83961313573781882       0.82209781320700381       0.76108544359765296       0.95160454279216022       0.77395460846209740       0.91241133800101404       0.72298281520834451       0.86666120294319915       0.85086154029521432       0.76471940254303250     
   1.0905354488939654        1.2394294895550400        1.2315925647055688        1.5438162800385311        1.1268741089898566        1.1286703474440374        1.2060302724479239        1.2424887804645388        1.2548846568023222        1.1419166143185886     
  0.85052644155376633       0.83488678990216636       0.77752562363666200       0.95580713050202315       0.78954419722647085       0.91652088775921459       0.73106930369840462       0.87593159149252919       0.86194661154487850       0.77860984261778754     
   1.2122130823635771        1.2389460927066391        1.2034951548644455        1.1165812047098866        1.3103368364899279        1.0475684034143657        1.2706193756863575        1.1697035516172962        1.2589169642409095        1.1218978928355505     
  0.86105009055355042       0.84754893171863166       0.79381779305897093       0.96001790534161024       0.80542877192229190       0.92085229684682601       0.73950755356723163       0.88487832099610320       0.87291169206842600       0.79282439492939571     
   1.2020842566742942        1.2950773211400519        1.2560882970596803        1.1585331929936566        1.3083883666935237        1.3256740476015481        1.0586575515401804        1.1678433246596440        1.2021939128916845        1.1180877875552744     
  0.87179901835559703       0.85999405559820974       0.81049447080362846       0.96409279129745129       0.82149649932078161       0.92519571273185575       0.74793153994869355       0.89371058555080507       0.88354120891707788       0.80722965378777356     
   1.1338822126861849        1.2295046072344848        1.2596368566445966        1.3134582109348854        1.2277414302456156        1.1706177400002664        1.1459289891408448        1.4173071763388516        1.3270617721207749        1.1957763897980236     
  0.88266256735377391       0.87241872626197225       0.82701417260654020       0.96821642943422259       0.83699204663782223       0.93007431921821759       0.75721891978922062       0.90206614688005449       0.89395649668136246       0.82282340805539722     
   1.1442182471713325        1.3002109537895665        1.2559678777491956        1.3842397876710282        1.2543193232609531        1.3870316018753093        1.2576980246295710        1.2180399434897686        1.3320394077952344        1.1462701994827427     
  0.89347334738178641       0.88472553411066646       0.84363991128300064       0.97184082611914480       0.85226469607076771       0.93499983095728623       0.76635941700824683       0.91028150401482510       0.90438804884725854       0.83819077274838616     
   1.2756444303327903        1.1882399904055747        1.2624872706723840        1.3195717674579994        1.2409287521745278        1.3577709508183189        1.0744888394597301        1.2688565108778678        1.1382226109698199        1.4361757393955648     
  0.90397566606141100       0.89684611974804473       0.85898415842448728       0.97539650053888804       0.86776056631844356       0.93995402706634446       0.77581496287510976       0.91809724686348260       0.91464306448761323       0.85359553406184396     
   1.1969917461217989        1.2482681269624125        1.1533521645781906        1.3343080116169728        1.2300420521359452        1.1476777429694573        1.3199447043509183        1.2790559943269659        1.1192541818186890        1.1114212384469946     
  0.91440483161284247       0.90900146279615324       0.87428917558192343       0.97862222509607188       0.88366838438676665       0.94490066871558875       0.78516375503312963       0.92568992609894907       0.92459679115773041       0.86906906470914402     
   1.2191977071860474        1.2552364144103889        1.2548877600057644        1.2759486231761172        1.1750884242468937        1.2450785904209554        1.4074125457123372        1.0600794006488252        1.1252213630971282        1.1304589444997901     
  0.92447253678109709       0.92097639459696068       0.89014213944174092       0.98176031790988982       0.89783156055413760       0.95026007636237686       0.79634162789598184       0.93441284713313122       0.93434681809640407       0.88531945154119551     
   1.1545854625596315        1.1739181763482500        1.1920943705191553        1.2964098339292873        1.3343124334556151        1.4363639138781941        1.3782738661115259        1.2932875339762462        1.1102638664010565        1.4058198283675531     
  0.93469123218367978       0.93282674525168019       0.90585487187486413       0.98472440241587156       0.91162908958371502       0.95564107253414787       0.80793420338333699       0.94321292611600505       0.94393792931679321       0.90180344535816181     
   1.1380740736172956        1.1470449265766363        1.1272301761565642        1.2692708653266687        1.1453305713665449        1.4112025279682654        1.3492653726505706        1.1868597185678689        1.1067663112712678        1.2500404651316566     
  0.94463013689368258       0.94444635500925445       0.92133852434317998       0.98760225609626928       0.92528827408769532       0.96151731912066529       0.82131702054847289       0.95239180976306859       0.95338103958960752       0.91810466917746902     
   1.3436148376973394        1.1790308520383106        1.2033770843663298        1.4008128337565395        1.0846469996876515        1.4765742341702994        1.2887001080388711        1.2438773096850200        1.1700895866335570        1.2076788826486919     
  0.95484728723985357       0.95603685056398335       0.93660408937885742       0.99032210221559402       0.93862363948919647       0.96738642412814757       0.83539447943241318       0.96136069218417730       0.96292177125117917       0.93455010997510790     
   1.3262126975176525        1.1409312372864544        1.1372589696299233        1.2851981229526972        1.0695304939709993        1.4681703491066331        1.3950769681985540        1.1564318397324327        1.3254862431684438        1.3372977102316570     
  0.96691458931648089       0.96730554139046532       0.95260404290455991       0.99287494278978727       0.95386673736783423       0.97391378847868193       0.85476684596938035       0.97078085340811537       0.97242352628100703       0.95062433019540993     
   1.4535826145319277        1.1376252498423485        1.2449291108923395        1.5477615508392515        1.1872408434229371        1.2430549676561904        1.3675008678631166        1.1356945967111922        1.1242808164722982        1.1785377946177034     
  0.97870021178260980       0.97872293588606663       0.96844633087636400       0.99533919703459073       0.96898396561505973       0.98070815363961994       0.87837397043553433       0.98021280091882101       0.98175480671400173       0.96685867751202703     
   1.3205004233642301        1.2780101876283412        1.3327421572669655        1.3353413567500818        1.1489565086399192        1.2820489345845243        1.4642515228237305        1.1897205994342579        1.3103565808863151        1.1763568446616703     
  0.98935869436291923       0.98937134578244168       0.98422538140742999       0.99768815014659751       0.98447672230507111       0.98972940156802025       0.92663349988732646       0.99015640326210796       0.99092696566167138       0.98348825241352544     
   1.2309017971893181        1.3127725324274453        1.2054136596294085        1.4025959968108448        1.1720244778470581        1.6961915552279494        1.3452013140501489        1.3582842276107576        1.2378398750573123        1.1598341873860414     
   1.0000000000000000        1.0000000000000000        1.0000000000000000        1.0000000000000000        1.0000000000000000        1.0000000000000000        1.0000000000000000        1.0000000000000000        1.0000000000000000        1.0000000000000000     
   1.5189781124350716        1.1847335215198906        1.2347305162226025        1.9846658612167480        1.1156059143719592        1.2180837591666003        1.0347307347096972        1.1167641486966113        1.3169649164686930        1.2350741434437076     
   10.616082008300623        7.9644482966710486        10.493125642402523        7.7969406762913191        7.6239515096281938        5.2933871450567107        11.735503728840357        7.1283092975973004        13.806077751084496        8.1577691009514393     
   9.4626270684954950        8.7374920781939220        12.351541085945454        6.4531563489096158        9.9682638467341604        5.5348632007895207        9.2235445851246407        8.5662813457162041        9.1913043013153253        11.398612803531545     
   9.6483678005751479        13.740965075867884        8.8488245816407591        5.2573451496654080        8.9832468809921284        8.4890096824311954        11.463134322353863        9.7915532352019277        9.9218593192677620        7.5631660634436209     
   9.3191982651938581        9.7025880499113946        10.461148633826621        4.9776866864332936        8.9889161571260612        9.1395791824924828        9.3147962046900581        8.7972666521754519        9.2939385739076670        11.634641951185953     
   11.942898267002038        8.9013608159842921        13.209870748403363        5.4975333965649194        8.0060578132009752        10.854574541744640        11.637262828679395        9.0380964567262367        10.149859696053836        8.5735137590930517     
   12.662952495602919        9.4936133817181414        7.8531850914843666        4.7846307943261195        12.538692510023882        10.817854129543628        8.5031350666645871        9.9568250418365896        11.535156968983884        12.410923120741712     
   9.1768018173613743        8.8629741612316959        8.7211381012551268        6.7008517733415944        10.493255106507583        11.417264831552098        12.392538012589698        11.024848086390499        10.823995522648856        10.728450009713468     
   9.8491686809987566        11.119090411226320        8.9262292266537084        16.061885723247887        10.764611631057184        9.6065183606570965        8.3756907915699035        11.745312497917929        10.314537240380403        9.1276325248057955     
   1.6884553569498790     
           1           1           1           1           1           1           1           1           1           1
   1.4009673066331274        1.2969016661914337        1.8215534261865791E-003   9.6786777621117164        4.9914338539051084E-002   3.1500743792977731E-004
   7.3206072005466069E-003   8.6927135786374430E-003   3.8027869532797232E-003  0.19153615051089223        3.7899117164023597E-003   1.6770773275212062E-005
   2.0034934163074749E-002   10.125987407127301     
