   0.0000000000000000        0.0000000000000000        0.0000000000000000        0.0000000000000000        0.0000000000000000        0.0000000000000000        0.0000000000000000        0.0000000000000000        0.0000000000000000        0.0000000000000000        0.0000000000000000        0.0000000000000000        0.0000000000000000     
   1.6330530030389638E-002  0.13165559321821887        2.7001521709503921E-002   1.6805119187375431E-002   4.8727633159262648E-003   1.4536533269251259E-002   1.2560418677182715E-002   1.7608142331172319E-002  0.38043310595526775       0.15498106234403028        3.9833429229432810E-002   2.9037213345535433E-002   1.3526320795896383E-002
  0.83016983299284752       0.70268143032046892       0.86466092871766043       0.74034740741611882        1.0302483711836401       0.63558693406013056        1.0388681185207711       0.83085516075177412       0.62411819320084216       0.62411819320084216       0.84035908124133041       0.82069516080859328       0.88736774613472413     
   3.2578369777494155E-002  0.21828825427748288        5.2548364124153132E-002   3.3683308441549868E-002   9.3097518649182913E-003   2.8849920170060658E-002   2.5078882830856096E-002   3.4790283416568306E-002  0.55896623263140710       0.24827645303437168        8.2346955713036657E-002   5.8467443396679683E-002   2.7107832726333794E-002
  0.87276969200909671       0.97849497366466431       0.72155646525227446       0.76428993113824761       0.88284117656660321       0.74708284158868188        1.0466213614619420       0.83160906804206769       0.90837344728144120       0.84120514363531151       0.68668948138763608       0.87926999051049559       0.80137818604587452     
   4.9320711270583857E-002  0.27321867344677753        7.5554844540845517E-002   5.0748867749545151E-002   1.4033849814100392E-002   4.3986497067061363E-002   3.5811047554558204E-002   5.3227389864184328E-002  0.60382732287432628       0.28689364627505598       0.13025753814937549        8.3331387555697148E-002   4.0770031435290975E-002
  0.80278303930740480       0.80132018517655967       0.72265237964136730       0.77730949220429923       0.77789459075762057       0.76508533486851948        1.0177080114276245       0.83949001360007691       0.81789087945011063       0.79145342151060372       0.70619028071769796        1.0235676877255295       0.81996570401357016     
   6.5469182376828194E-002  0.31004988114335064        9.8635404760136325E-002   6.7139246413906478E-002   1.8953836614533350E-002   5.8950955239126183E-002   4.6136234073601123E-002   7.1315333827199678E-002  0.63319398366287993       0.31510024492154370       0.16447580165210779       0.10853185744760160        5.4430410886488763E-002
  0.73399750249003815       0.73550748761150742       0.80633976330854462       0.81835252121489643       0.90096964925000667       0.80602620019858007       0.89614994441155271       0.86750569175209269       0.74839605088420991       0.69748641294785640       0.69435113474040522        1.0897039511888513       0.84538532193373128     
   7.9340785070983563E-002  0.34287463094804210       0.11994462835668918        8.1988593522782940E-002   2.4189442020452520E-002   7.4510022142916382E-002   5.6974555245189962E-002   8.8858069789861438E-002  0.65873669872332374       0.33715081047654244       0.18989989678311739       0.12735624184074146        6.7691244021565802E-002
  0.66695024721946949       0.90151055564621674       0.78970409331377855       0.82753239927527278       0.79558982634382958       0.89297364657946487       0.74621488696861438       0.83826064607505668       0.82717624321774941       0.81323946484926124       0.81244157277406115       0.87727174400831209       0.77422074963393583     
   9.3282401842088108E-002  0.36722346988384608       0.14154003159428027        9.6753155001030405E-002   3.0080871754906549E-002   9.0589818381796208E-002   6.8206684987048224E-002  0.10628451276540131       0.67693844490469213       0.35698492839533880       0.21028138058727938       0.14605519831364688        8.0701777215341497E-002
  0.71891190647432346       0.76237537676991840       0.75553880189616063       0.79355704481743405       0.76969831265677602       0.73833856372430873       0.97738157354865063       0.79923945297247478       0.67005430620420436       0.72528457715980532       0.89693615969410323       0.90049297029200559       0.78376480801008264     
  0.10912756489691942       0.39116792880560280       0.16500453790115835       0.11271597748682775        3.5997999069514605E-002  0.10650283256414496        7.9811915616387563E-002  0.12210184738327867       0.69459959297476259       0.37565326171302516       0.22890898229139461       0.16318303436162404        9.3601324477410514E-002
  0.82931920577278684       0.80949659372659988       0.94978374139757915       0.93540589890257275       0.94636655039876072       0.72174962300461587       0.88714726115182663       0.82748628259470858       0.77837285304552395       0.75380272884858257       0.90586531313362328       0.88017923325795311       0.74221395908295817     
  0.12525588481507077       0.41286818995394226       0.18776136452723552       0.12862426670972038        4.1969319858278689E-002  0.12244685005076926        9.1856979555824253E-002  0.13790483945092183       0.70819775811661945       0.39192769357209301       0.24344614869577383       0.18041340674713130       0.10669523371508435     
  0.82605737161676485       0.68861537258990502       0.80828872232220150       0.91596842716422444       0.83052205577883320       0.76219491291340846       0.78840002448146385       0.71769119238424572       0.71960821752596948       0.83061156655906032       0.72086575856603263       0.83239396625884665       0.68005108306652429     
  0.13854035916806104       0.43456763120232372       0.20348148391470905       0.14631414118588626        4.8038088174397052E-002  0.13873907055746282       0.10366354259910074       0.15311463143649306       0.72136487401516480       0.40754393397973082       0.25702678756175890       0.19623905766991417       0.11989010671383356     
  0.66597509512211317       0.71106726915752905       0.91898056070837053       0.70272260507200712       0.74461755375476402       0.76117144061498943       0.84857859825441284       0.80836821373670398       0.66489082039199543       0.85747814212437290       0.92307998113944922       0.80720251672866106       0.69681973076046466     
  0.15155306358405324       0.45268725623286732       0.22062337576933058       0.16260265090045506        5.5418221837552614E-002  0.15405140075735094       0.11518898795058971       0.16788640786114195       0.73172384337266849       0.42156152117756190       0.26947910508144790       0.21218863970381369       0.13342414533134081     
  0.72373742581364475       0.74471577462343541       0.78883023195267776       0.79914615987082227       0.88685918714760337       0.83813574494694554       0.72475963145180344       0.80863766704992579       0.81302691975161745       0.86465282005964461       0.83924355737815071       0.82247473185188680       0.82864773262852243     
  0.16746479190303251       0.47090628495986930       0.24084070329761503       0.17781079311300690        6.3111473173791066E-002  0.16986752880807510       0.12678855614921852       0.18249390098566581       0.74197490099148022       0.43522841406080037       0.28160768616440690       0.22734866935273901       0.14787617818382570     
  0.72798871661023168       0.76601574872742506       0.81811904502984079       0.76864932898008731       0.81686779463500780       0.83193415943719096       0.73128349897243838       0.68818831264767222       0.74680840851253572       0.80602141227950741       0.77779574464925227       0.99302278247704789       0.73428073390584314     
  0.18380804276215881       0.48737365865340110       0.25965314650083599       0.19339888372997915        7.1676355807612349E-002  0.18617026833897116       0.13837372697829670       0.19716431523413414       0.75120166988866521       0.44787155616110347       0.29373222215444511       0.24149382961799351       0.16303752064200519     
  0.84856042483624017       0.79595714095737979       0.72395226588873085       0.80984992042074933       0.82541845349976017       0.74047080719339287       0.82936527417293526       0.82138283614659091       0.66604040063434922       0.75678605527069986       0.80124184527040077       0.71104253808317830       0.72302844373294006     
  0.20051123360197345       0.50355701616114190       0.27600587820778277       0.20964337074794862        8.0509992396027685E-002  0.20353878688132379       0.15141690048401715       0.21291484363504237       0.75997765250134641       0.46011112835334850       0.30578365220292791       0.25693456616290716       0.17931235262437642     
  0.81298205651893662       0.68061926258684080       0.75338396924642892       0.75249763697495686       0.79111056166533611       0.84598065476680340       0.83907158819214911       0.74142860405911504       0.71540894032216340       0.69817400529136087       0.73319776455451680       0.72356166365271790       0.77837773050925474     
  0.21691381536827142       0.51819744234903975       0.29219066589387938       0.22707788708308080        8.8595248075869062E-002  0.22202044030761783       0.16546465121298937       0.22894434664865093       0.76796126499579642       0.47000216047203558       0.31796935712932678       0.27298664776727982       0.19576035874324924     
  0.81582994927696373       0.71331939430839675       0.69498251099729647       0.74867870251199098       0.76410198464726742       0.83652278529402790       0.87892376145340334       0.78917535855867826       0.67459848340086725       0.72787734289446271       0.81598542656019935       0.77970289670439219       0.72978329419363253     
  0.23186088065949295       0.53267837051756817       0.30957574592746873       0.24422279168586636        9.6542922890658370E-002  0.23974713683120980       0.17955439599379414       0.24449704143110498       0.77533838408000655       0.47940427755024123       0.32982524563563881       0.28963818979550587       0.21270322148715434     
  0.82758836033357652       0.72325144961705812       0.72246663049845072       0.73446936313905176       0.78135496176980879       0.78579250810636114       0.79614653272418945       0.74123154151019222       0.70493215404261267       0.72414810694945553       0.84287781048252997       0.75940591527696233       0.82343864051909443     
  0.24719851357435602       0.54606169261020376       0.32647645107430867       0.26090384248070148       0.10593827457770200       0.25665519455951397       0.19393466840251591       0.25957863472906240       0.78231669535332171       0.48927983289472937       0.34189618773728153       0.30643658221306480       0.22973755844644242     
  0.89128600177117434       0.68965636226320781       0.70307651901189627       0.84063514820280572       0.79962960166473718       0.84819786557521304       0.78432073307312422       0.77624078062507984       0.65425325802767309       0.73346130838378143       0.80187508122183493       0.80715827030875054       0.79743215772546883     
  0.26579242038150602       0.55922085103109009       0.33992600927616740       0.27665101429209998       0.11529473513721208       0.27199849809726045       0.20784571627182505       0.27474633380606400       0.78936368137153134       0.49900525201760498       0.35383282390184634       0.32141294834595824       0.24752908151056466     
  0.85456767152533619       0.68802471269459253       0.73875352375753067       0.80347079708325031       0.75514849120833849       0.72874145671594692       0.74275249734795135       0.76842284932524629       0.74224467360777191       0.75688617141069714       0.81469675019295662       0.81086855334870489       0.67917571927655096     
  0.28398226069871829       0.57139391028926989       0.35375506763378639       0.29182115161972388       0.12563844877918723       0.28578540071755160       0.22128714980803635       0.29019696829118258       0.79643136169474171       0.50913032125669355       0.36587328363969029       0.33570245150998879       0.26568956882478872     
  0.73235389625406788       0.73156566514011012       0.74127530077259907       0.71214692159926707       0.67365378017356414       0.76303973312284157       0.70162977874638044       0.83515738020858354       0.73084115176019437       0.82081349957440541       0.87898035002452346       0.73217251304226516       0.75186383913050259     
  0.30127340433472211       0.58365733637807371       0.36890767413486275       0.30687139548409076       0.13562169537392785       0.30086228979930424       0.23527902436906636       0.30454105144212351       0.80284756028496096       0.51933447253880338       0.37808206059028765       0.35027813113647110       0.28344536777162599     
  0.75063260412094490       0.76658631272187761       0.80098930667007517       0.76682779982334481       0.71823092500601582       0.74498008624659329       0.73382665108460488       0.85821088147606417       0.77698905398812279       0.73450660174963234       0.79147064889008512       0.87037761731735497       0.78826370820495972     
  0.31917172919844095       0.59566687881884084       0.38345831076077946       0.32234695608207359       0.14557991893083713       0.31678552711139335       0.24941696146525805       0.31803987254802657       0.80895023450822423       0.52904470348266597       0.39008928612637717       0.36496330684246536       0.30154671587410481     
  0.72945764265191360       0.74747666660277012       0.85272632062589493       0.77810330508710912       0.89269288736461838       0.78160123217831079       0.72224820965502312       0.90742627049555780       0.70847948510098446       0.79225425310215247       0.72813187433091775       0.70176344354555931       0.87225434835574944     
  0.33500607728427179       0.60743884314951513       0.39893428339930498       0.33851217815354645       0.15571784232557492       0.33191566660118993       0.26451062379404139       0.33439930351495267       0.81470818052576177       0.53862105111924941       0.40176966166485295       0.38092985083522135       0.31963761385109646     
  0.81972175886002852       0.66557273857376276       0.72931679997288446       0.83386921336590192       0.81698250944596329       0.73113844293976671       0.75838682877647545       0.75107662683187126       0.66675189930169310       0.80465808932736460       0.80318742212559646       0.80959063218569527       0.79527807277349505     
  0.35114241579867378       0.61916409965205810       0.41390485427881751       0.35518187437644233       0.16607587030635401       0.34654443436537297       0.28094619956141292       0.35031121958148226       0.82041513337986827       0.54770651147533989       0.41335224531998238       0.39649833559248188       0.33667760781431821     
  0.81786422027890249       0.84034815683664921       0.85262779652167331       0.94281040308086739       0.69800271824521154       0.76058491163259090       0.73531351635912034       0.77257092489818846       0.74651799702902821       0.81256769468229451       0.69924324677896288       0.69789053323477102       0.74010572144724274     
  0.36807565645786144       0.63060637641747830       0.42789851709683846       0.37154335163841740       0.17606762118811961       0.36146424603083893       0.29756123830211145       0.36607286463522887       0.82573232588735623       0.55675410827788785       0.42497155757908356       0.41202167578487109       0.35214918979747595     
  0.87469884336535231       0.84105819768675527       0.79963777511304057       0.77538583984184206       0.73391296596474576       0.75003499012049757       0.84929402858037217       0.78192875041576149       0.70865384482101723       0.86644520590864771       0.74241953973446340       0.86026455585339001       0.74361102960402048     
  0.38459697075804444       0.64113012279593062       0.44178762193801635       0.38736132702321752       0.18712203555047893       0.37641246543144252       0.31456744922579533       0.38216124085777126       0.83096321739909484       0.56512635561940683       0.43656246812363564       0.42800812472563565       0.36691172719299192     
  0.73409870718482106       0.68221138813948490       0.79634357384923582       0.71911765834581065       0.85242294485063974       0.81910891793844087       0.75833648240245000       0.90669182533737891       0.71479611578452007       0.84599215044234866       0.80974052265981866       0.78811601943850684       0.87314782141287717     
  0.40030604235430917       0.65171040911511524       0.45406957157891276       0.40391001246594893       0.19869530175511657       0.39185383637201215       0.33177021539433477       0.39582162186229247       0.83640183861696016       0.57297476981196116       0.44833010931034473       0.44369624102550576       0.38103442193249171     
  0.80107036441616486       0.73572449328873113       0.84345387991035325       0.77899253897666021       0.86771007378936393       0.83306487238166504       0.83801493521023640       0.76654656169223379       0.85823727675938322       0.81020002003225522       0.75236436991056355       0.77953335372577603       0.73505488540074493     
  0.41636738904765480       0.66017569616942684       0.46608898860878106       0.42104814099159282       0.21108657441722289       0.40751498333155023       0.34773202949486470       0.40941212118366693       0.84199956886058713       0.58062598401024157       0.46081105081629353       0.45884012407415564       0.39705008700700917     
  0.79430576612705250       0.73072063633173201       0.76072464262533779       0.84453591338956380       0.71855424631166143       0.73922424479056470       0.70381251294611968       0.89547334103353704       0.76545824087003966       0.77351697239844430       0.80246978614531295       0.78026899415262740       0.75703856248659518     
  0.43084368085517200       0.66874160149822681       0.47834770659130899       0.43705384377006856       0.22402918028263005       0.42356881929740198       0.36298930386011152       0.42590580210076889       0.84686584777500862       0.58806990335840870       0.47383252636538431       0.47257764476653280       0.41339554162448472     
  0.87424092993844738       0.77899168192346402       0.75454281318982153       0.76069484564210144       0.74908600572219675       0.73032992074658820       0.91543873357129246       0.76238908341873746       0.80086346718633761       0.80690049333131131       0.78827304304197932       0.70174470353108798       0.78211035632099357     
  0.44583708804496075       0.67673052863825989       0.49141246498514113       0.45187003917658969       0.23713135718950040       0.44094020354885932       0.37858050749386829       0.44190376576341428       0.85165476457154565       0.59582924881936139       0.48718831024432019       0.48655917190615688       0.42984824353552376     
  0.86816856245010954       0.72902423193085397       0.80559759121856200       0.79617924403431983       0.79242345873633480       0.80668185628450384       0.69478999197846214       0.79162562071064968       0.78958082455860501       0.74429664260929518       0.67687038980436554       0.81726545591816224       0.78149132423271994     
  0.46353363950006721       0.68491875698789317       0.50552004011429763       0.46716783118730193       0.25012242721608974       0.45830381789477986       0.39458076369172967       0.45842076705891044       0.85654166728583081       0.60368575536425217       0.50063467108741899       0.50037218805760619       0.44652336124481073     
  0.72655186990031917       0.70128023731229983       0.77802105815353451       0.78288342968716662       0.73748976724566340       0.82754705386407779       0.75146558727042589       0.76560239193868695       0.70077565763098448       0.85675799994397273       0.75089397402149294       0.73871590518158814       0.70369026668954260     
  0.48069585054549613       0.69321371126461462       0.51955966799689124       0.48286669445891217       0.26310145521933559       0.47609113456268465       0.41255195643382769       0.47566333332613947       0.86157889409538768       0.61075958282776255       0.51410024654087927       0.51386950026154377       0.46298212744597983     
  0.76898090095037119       0.77232693869339186       0.75252160385603462       0.73233713171896198       0.85742358155349829        1.1088224583626130       0.73682698741312835       0.78983960064974357       0.74321830169504044       0.84647378130470785       0.77516778189721458       0.84480548604250549       0.80332454757624572     
  0.49501346850228345       0.70158320379513894       0.53306040501733165       0.49861957323715023       0.27601981053241287       0.49388719300728662       0.43043161988407774       0.49146685644670407       0.86609681502679847       0.61749745505405695       0.52751025238141458       0.52726331991009545       0.47981877908711079     
  0.83444230420211729       0.79619434157690205       0.73078309672644204       0.90439085316672996       0.71207086046201007       0.80806805957644035       0.64482213055586934       0.76701830355841061       0.82142973598518942       0.80256215474033110       0.81644551901602280       0.74203480478819672       0.85213617609563319     
  0.50991578393866366       0.71008423584794556       0.54624416573727308       0.51460820776664684       0.29010223453844169       0.51131644844144575       0.44776487024429029       0.50792606979091937       0.87058143204276472       0.62426266660843377       0.54142928537036772       0.54046195907841177       0.49651796362469680     
  0.71131648472536801       0.75815369097397156       0.73147609184871143       0.70418285855340690       0.70584686329972779       0.83953538750516599       0.73536842614318310       0.70157083335152948       0.69160386274710495       0.76815536273773688       0.75315042982848079       0.69757000794359580       0.77956085654669005     
  0.52546418063947775       0.71870313849174261       0.55908538983590128       0.52990114741464833       0.30481713363846158       0.52863732086453274       0.46532816908266195       0.52181221850907267       0.87481040590736503       0.63098763482345011       0.55553976645195435       0.55361500199671920       0.51236235778529726     
  0.84191645519090474       0.92509446376559368       0.84852759447427750       0.74213830581481022       0.80410219918240067       0.80672390517591053       0.70671946770613092       0.68913692669953597       0.74475136889467064       0.69218145500364459       0.81946691145585471       0.78294879589337218       0.67711245558585853     
  0.54097653320869032       0.72736270796796354       0.57174069775622349       0.54467313316816712       0.31992062618870787       0.54563997761489980       0.48285623152894924       0.53619360569869612       0.87904776075582847       0.63818063735561970       0.57019707805145980       0.56647945108797149       0.52788258811333755     
  0.82267542070752486       0.65112800191006759       0.82988960794197941       0.78381617595352016       0.73129298114236219       0.72183507473972808       0.75454218074040935       0.75421969764240704       0.74693347103138008       0.86425230021997357       0.69526186066337203       0.64995853744716836       0.80701550366629737     
  0.55700329344877297       0.73598655460438489       0.58422417694080020       0.55913080836855311       0.33543323487220056       0.56279029738413555       0.50039539058973126       0.55023286557334949       0.88298673572570940       0.64550284376355482       0.58517184019068547       0.58004932027815503       0.54354705794354752     
  0.75583309013934463       0.77501976773244763       0.83469370062460269       0.77263686958695665       0.76667992959889497       0.83320024940738246       0.72744226337561335       0.73859421888882848       0.71388922420031808       0.75911341134547516       0.82061420739332414       0.78926527339069552       0.83545735645581820     
  0.57320598543998635       0.74445484723276367       0.59657122771576176       0.57332041218719132       0.35217659771901400       0.58003269478746433       0.51812295319668411       0.56433036277875681       0.88693374317823559       0.65317476293965770       0.59979986312534672       0.59365551138520867       0.56002701420322454     
  0.88119247181596017       0.70378250678521215       0.69576478112555640       0.69535339038964139       0.83759716577348986       0.86821853984604247       0.82445262579752876       0.87265318300577044       0.75936476940843278       0.79085047573851097       0.77075061462985861       0.79877516793573211       0.76298344650492822     
  0.58621951131151684       0.75253789148094330       0.60929382521444997       0.58743094622239966       0.36921112300234832       0.59651595798017920       0.53689008802021787       0.57853229880249868       0.89075394459558754       0.66087185000367954       0.61402974860731641       0.60793228545660694       0.57761196066244302     
  0.70871247161369089       0.95246395785212745       0.99649150603561987       0.79810941164275118       0.72475827672989968       0.76020828609732261       0.72333494010296673       0.84396703796556449       0.82259559905947310       0.70495101057193710       0.74631115305899720       0.80999741550633808       0.93650446883137017     
  0.59995170898751005       0.76041173240451820       0.62226706389011932       0.60127799628426104       0.38669894884706840       0.61030937231978000       0.55618889893604606       0.59293793687299468       0.89454870901067363       0.66855900289059311       0.62882512630869547       0.62229718051484550       0.59498699252037013     
  0.73605090092287928       0.81816995926207003       0.75419885475274695       0.80927160093006101       0.79550742969292532       0.88944019717035749       0.77688832053520873       0.78547543144930321       0.77721103033681027       0.76297325861579945       0.81308001330040036       0.85901198100509402       0.89258807273115670     
  0.61574938782636657       0.76812678022248149       0.63411794899091933       0.61486385051882675       0.40391040147357737       0.62450093398409168       0.57577609083172898       0.60882683098816703       0.89842460444424888       0.67616930749015369       0.64399802426252106       0.63566566003807778       0.61197830536389541     
  0.71716370928363737       0.73876637039109294       0.69946275144936587       0.73288056802235246       0.79164946267830238       0.74692399580600666       0.75812773720313420       0.91895742367072153       0.75117105583207999       0.81044845779092167       0.75395371608916761       0.71438117334492013       0.75062959670426188     
  0.63161533583501905       0.77570640868351859       0.64549395229017359       0.62831981369038548       0.42337593413284286       0.63938381568779912       0.59544422865110014       0.62481452954075356       0.90228978400236937       0.68342675352074522       0.65864735851673017       0.64868306423439948       0.62901170364262182     
  0.73620511493176100       0.72927686642527167       0.79654866165510552       0.74018639058127011       0.66882871297974777       0.77716789774628692       0.74076923164717934       0.89238546334465474       0.83722572954077334       0.95285782397681351       0.69360625406494636       0.75511653178533467       0.72193115156522214     
  0.64874190724857639       0.78381403419372497       0.65719974570942863       0.64438673062749452       0.44262681574983326       0.65435383451709617       0.61477219453461407       0.64093297552741824       0.90612926160741170       0.69063905753730037       0.67319280817195803       0.66128400142546739       0.64594860654935926     
  0.78052368213869261       0.72907887601034960       0.71403861618912434       0.79803554317750136       0.73821588340202360       0.71231754011599324       0.71176522432134748       0.78287187377098799       0.81494330150444483       0.81317275919569187       0.80428780637769781       0.79824703958771848       0.77030085883949795     
  0.66542153359308009       0.79244552324251449       0.66922907658681285       0.65976590985576034       0.46244222309186256       0.66977392266710545       0.63406257449420866       0.65652221693096613       0.90984247411816477       0.69774158085291671       0.68815090908708532       0.67351820350932612       0.66350041786619285     
  0.77611339503192600       0.70637488540266757       0.71875137571741732       0.75103725684799716       0.85164742207289579       0.79924314657310824       0.70210269634292932       0.67260282433390606       0.73037852223210142       0.78261175175285091       0.68375257877472628       0.76863000623260769       0.77246745648408344     
  0.68245556322601664       0.80067709314483493       0.68188952154817895       0.67678552879300358       0.48246403920204062       0.68426030747473654       0.65291002890249106       0.67044137747679078       0.91343441866681474       0.70480048918482552       0.70294317322649302       0.68664995916793214       0.68182956608897793     
  0.80847210376400991       0.86521070626967100       0.81923518815447016       0.74817018295666282       0.86110757389789361       0.85133522727200672       0.67330795913025288       0.74510928651933750       0.77291920118068669       0.76961472583237778       0.82516222780234960       0.93923896685462793       0.88270633262781106     
  0.69955281273841641       0.80856573326593417       0.69468177474109416       0.69456227230356316       0.50387339159822742       0.69785322934874128       0.67138350080699138       0.68354846112806289       0.91681276658116706       0.71201223012586712       0.71818305863093357       0.69959820800552952       0.70010264379683440     
  0.75045287344200173       0.66705067925975059       0.73298602412060898       0.82523558956034337       0.81361447647673768       0.73260101233597874       0.76463867949579767       0.78038053744465008       0.80506193853253216       0.77452513322764305       0.77210068377206065       0.76262647424920627       0.74641938771770133     
  0.71578303224192108       0.81667964534725856       0.70756690282935042       0.71005095575503885       0.52502857154577864       0.71114906109051890       0.68865929840840423       0.69664308456409463       0.92015509605169710       0.71912184409807445       0.73325623754910418       0.71331002205243677       0.71822398285577560     
  0.84801657660866792       0.76833819118720281       0.77090708832990551       0.77595742758494735       0.79115040694537131       0.64292384255102719       0.64246031597920317       0.73146276216397277       0.77009399494397213       0.78126207376225243       0.71840757795091981       0.71417039628612233       0.82324985988209765     
  0.73147195182486591       0.82477177930681178       0.72073430219159951       0.72596969404274270       0.54627447183572608       0.72462656737330688       0.70592021715082010       0.71050443506552174       0.92356440102497539       0.72619336555503533       0.74990199293361459       0.72674111562801391       0.73529655266830263     
  0.87105101055888123       0.75697360173426220       0.78030198727912203       0.75537486116654773       0.76874206632809539       0.70212350548612268       0.83060171749729161       0.77745634272416309       0.80190055031582652       0.79874935412532899       0.72620804774561210       0.70399155549829973       0.75834947985065559     
  0.74733697970566182       0.83277373799487042       0.73402517133377498       0.74187211689825783       0.56814937114425434       0.73765746885105377       0.72615894769764011       0.72578275832159900       0.92697261219757854       0.73314821136320252       0.76624473493248213       0.73948466134238156       0.75128040321222067     
  0.74809876822824295       0.81336855891983828       0.87532093312432591       0.72279339088267580       0.68489947238331506       0.67176373198186212       0.78895406663856305       0.67645844298688906       0.86956443136455375       0.75790811223989374       0.90995073713403141       0.63910503330371815       0.74812472620448356     
  0.76362949012422765       0.84065446089694307       0.74747063541655823       0.75751587302226275       0.59131192372161445       0.75031329445891704       0.74614883655209741       0.74097115705625172       0.93029546317795153       0.74043631187737902       0.78224270247139993       0.75310880560878601       0.76769307915344875     
  0.74754593021547477       0.69309881146988461       0.78485431334008193       0.71626071743416952       0.77975006187494966       0.72617185894260261       0.85080770909198633       0.81966972346754374       0.73993973067730756       0.69341414968482329       0.79784788806667961       0.74194329493505551       0.70388978094215926     
  0.78015337584824584       0.84833060719829101       0.76087380773350688       0.77162407210948847       0.61557992567077557       0.76508412782807689       0.76589121993452025       0.75611135479574410       0.93371254109730195       0.74805448172563893       0.79846579408822382       0.76866022934083256       0.78272832211135401     
  0.83775315966534381       0.71504642808145202       0.68660607861115974       0.70829554281890561       0.75665501904690735       0.77286841099477022       0.78035068749271008       0.77802148625690348       0.84704688310425569       0.77292594101083811       0.71135477425375204       0.77123424098847637       0.71534985613141178     
  0.79484177683689283       0.85597995074195143       0.77417802273689174       0.78599951420212966       0.64057277936619683       0.78002741104069173       0.78518057288803067       0.77106473711009504       0.93733577700229909       0.75572270962983679       0.81308629467411886       0.78478211813516296       0.79823886382430453     
  0.80257182010795214       0.85211277583003719       0.79241430107296074       0.82744685241514027       0.70783449163567913       0.80375773298396913       0.66187483161662208       0.73282159039982542       0.91985773811338722       0.87885168400821712       0.75833664942358070       0.67456522237580230       0.86086298934587180     
  0.80866446118655377       0.86420705068763659       0.78791655802272298       0.80128646481380605       0.66522584757107595       0.79552727721310224       0.80411680058847290       0.78603790493124970       0.94099796049147788       0.76407727379960400       0.82766545662485080       0.79995016363755422       0.81372886857279825     
  0.70275086314672031       0.75283095743704387       0.80420568890564781       0.71194828225833062       0.67137090427343249       0.69621411822522106       0.74186398848228929       0.67877514975404674       0.80855513676619972       0.86353827238879322       0.80031027814259392       0.75819701631110636       0.89024725748952993     
  0.82236280848010423       0.87316247391153035       0.80202754303134061       0.81682380081027417       0.68988378137612272       0.81133121567280975       0.82258245692401588       0.80073800984274834       0.94456841554174475       0.77201091052531567       0.84212865975601292       0.81507204421267720       0.82927785930281706     
  0.74139864065765082       0.96377889718744425       0.78718927711193509       0.83492961996343507       0.75614553430227816       0.68554748663788112       0.84695599290251522       0.64115912561199073       0.82869643473512467       0.74464721932628053       0.78611583874686264       0.71522920390004940       0.75073741481542144     
  0.83661266272236778       0.88174512847090081       0.81697406511355763       0.83352209325464510       0.71437373192164932       0.82808540185543555       0.83894109354467927       0.81663065119392930       0.94811697804679107       0.77946833134760607       0.85726783771334514       0.83012021029609240       0.84511016365115399     
  0.69355369623004326       0.79212613611766269       0.88357906164095135       0.83858234148132604       0.70418274282994897       0.78133015128460426       0.71123959317295282       0.65240722017332109        1.0418585803105587       0.80797613479026620       0.85196656000085624       0.74795278836200330       0.81064020240351264     
  0.85173319201285758       0.89032755429438415       0.83224419105904535       0.84919410797750694       0.73915092411720185       0.84468351070402725       0.85568369421699164       0.83311231285913512       0.95156375335484467       0.78690539755387368       0.87152794776578058       0.84450212733679331       0.86029055015310918     
  0.75455393272268723       0.90094491407551458       0.71603490598996655       0.74150871142823593       0.76746338381377843       0.82952408805378475       0.79009179222119419       0.80019836720837434       0.81500325702843623       0.81526528703513490       0.78191949690006568       0.79294286215315124       0.78812820597949884     
  0.86716391396545878       0.89852305399523069       0.84761328494238886       0.86391082879467285       0.76525500212505482       0.86002424909774777       0.87212170453745141       0.85103907139157098       0.95466062439151433       0.79448086641271121       0.88513333656118776       0.86061927517274106       0.87426358378191638     
  0.74886520736556472       0.92730948873451791       0.77725241572469483       0.71021820945972003       0.81178126261988259       0.72618604884237348       0.73817146143791679       0.75343025568447253       0.73388863184923292       0.79327238722381088       0.79764966054029740       0.69987015175133827       0.67708815655308219     
  0.88271844318275983       0.90713029425559666       0.86294308043663503       0.87854464735704940       0.79115378291612681       0.87522583424186140       0.88845773462155442       0.86916159468975274       0.95764632057282784       0.80273576383197853       0.89826382100922364       0.87668633032252263       0.88764327220291561     
  0.92580378046384126       0.69102273372017065       0.81703602187423052       0.73800992559831258       0.81274358281530446       0.80820699167166432       0.69779170053897255       0.94591758591874464       0.82835804298979854       0.79434130396508795       0.80281484758275246       0.76022145239321959       0.77823177028946489     
  0.89684068826106389       0.91550284344306898       0.87857378768890682       0.89245454208777231       0.81737785069031332       0.89010817928562880       0.90460288710784109       0.88543352832011446       0.96069813304113916       0.81219722850132114       0.91083292586783005       0.89259565515281358       0.90060808980829388     
  0.74136019613518556       0.82440439863003756       0.72938172955646063       0.75134470785700525       0.72708892868760433       0.88605544756804533       0.72724079109674056       0.76592879817858950       0.75858834243448559       0.80290861585445250       0.74231150438783033       0.78344076047004818       0.76564439727274791     
  0.91040423005468496       0.92503744759492856       0.89428039393747027       0.90811464391377561       0.84380636226027184       0.90627819637760620       0.92083385098296389       0.90192953218854355       0.96380453091621010       0.82214661451844628       0.92349978624054463       0.90903450732612612       0.91417179525617054     
  0.85832900868702999       0.80774267277909340       0.80486971101486038       0.78847734647642298       0.80349170466078546       0.80094269440014676       0.80176927039292545       0.76679678905032256       0.77234721133670003       0.74289637569023892       0.77026016880588599       0.76832041500154447       0.74117952728906145     
  0.92487063835325223       0.93478877171947516       0.90950921713235333       0.92388895574860785       0.87161474085026247       0.92153014268639377       0.93692662311819241       0.91893904612048949       0.96746483071760703       0.83335168235993407       0.93583677513775276       0.92387671372712288       0.92838896477833488     
  0.70084472027453659       0.88246962786069139       0.81527068442103123       0.84933866936517854       0.80055355290301700       0.77087677348712913       0.84870915494233612       0.76908716576703395       0.85897088447877923       0.82029315416480364       0.70245583749615759       0.77197448730382812       0.78534452869448690     
  0.93971393779554335       0.94534825649911802       0.92452762149156509       0.94009481977569020       0.89874581131051023       0.93524765849343705       0.95250458564062468       0.93584832408657259       0.97110259483494710       0.84606184492954084       0.94851921612069312       0.93848122731230177       0.94275177808032951     
  0.74457001325404848       0.98712310433582939       0.72671748286385673       0.90600113274690308       0.73944658409049580       0.71201731935782653       0.77274899003860620       0.81074521511999387        1.0545418331282550       0.82192110253379647       0.89775431023858165       0.68546810241698741       0.86731097737045515     
  0.95497010749135236       0.95739131701413627       0.94158403400033097       0.95474742713013827       0.92549993975477440       0.94979545806332577       0.96584142193674372       0.95188108407448713       0.97633265674281933       0.86361472485519541       0.96193926579491773       0.95449784699912932       0.95751468969443343     
  0.74238533495631853       0.95490203981073574       0.71619546332240103       0.66121185923972725       0.82757919642352307       0.75932046964719135       0.72176463308636329       0.73587330257940431        1.1095406599362367       0.78837878642342252        1.0075506154131599       0.76275247747400043       0.83654992421416285     
  0.97057512650349975       0.96976108869579869       0.95942141083292543       0.96963900555464821       0.95051805696031355       0.96439645533331875       0.97916474903992201       0.96774858781176176       0.98173573127016611       0.88620026856590117       0.97528177792376503       0.97011398755076705       0.97195099622977699     
  0.77640735525598392       0.95473121833683039       0.72658603580988446       0.86091466996387511       0.73370365459498543       0.84177491780658709       0.85308044778703196       0.83281887569785829        1.0318546856831323       0.71039679409121692       0.70949674673232055       0.71346023547163029       0.85320747401594010     
  0.98527677120466839       0.98489658779481082       0.97977103460696746       0.98483152714511224       0.97578260561814323       0.98215754494777485       0.98959701142299583       0.98341567106264605       0.99049890589710687       0.93163200075152774       0.98694618665388956       0.98514923016674805       0.98584158286189028     
  0.77070819608081742        1.0136300357552077       0.74769108194276312       0.74422942849768237       0.73755469619892655       0.95687470057722301       0.78751784366596622       0.71626230926216750       0.98062286627741457       0.72688469060916694       0.79291711578857194       0.76664624240782031       0.73691116285852920     
   1.0000000000000000        1.0000000000000000        1.0000000000000000        1.0000000000000000        1.0000000000000000        1.0000000000000000        1.0000000000000000        1.0000000000000000        1.0000000000000000        1.0000000000000000        1.0000000000000000        1.0000000000000000        1.0000000000000000     
  0.75317773184122971       0.80459650149071960       0.93629461912096257       0.90928219880196026       0.75175354661114824       0.76946650289264817       0.95577273721566813       0.72987724954639310       0.76895551033878551       0.62646385469857535       0.69327603030672225       0.74509860760344926       0.77565878420882595     
   9.1278044257945901        4.9048443291209614        8.9709160951340632        8.7705865673397927        19.558560523844935        10.973195857360295        18.915637380295408        9.7991318654575181        0.0000000000000000        25.992811111715678        5.9930663111035480        10.724616136900311       -2.2193933154129546     
   10.741648569413048        6.8660027358993609        4.0049954038358155        10.238930328506312        14.102125028845668        6.2805815712552446        8.8313993410123146        7.6214544253379861        9.5639280359956480        1.9404593162620745        5.5136033035430021        20.804418166031219        5.5256934223383993     
   6.0973194058090012        4.4376484896649906        10.733572243534683        9.4762465736932260        3.1155464479087760        10.246876183670018        9.4441347287534985        1.6249648712248614        11.179747961841040        5.1787364635781428        5.4266110026049903        6.6298686918716072        5.1651301888071606     
   6.3090632972952898        7.2850853005352558        11.105860336643570        12.291568170119863      -0.56891108057133877       0.45787793013292649        4.9308706000571183        2.3156866900627957        11.527915371915038        9.4972437354950507        5.5857316335362253       -5.4799916007187930        8.1057733353911239     
   2.8450964594070336        7.0454731686090799        9.5630912223842959       -4.6338868938285032        6.8983232357787916        7.2717866021525124        4.4922116871923041        9.3255192330642043        4.0916107011790475        6.3281127625735403       -9.2310504125561454        4.8683725053003686        10.258941655254251     
   3.3600702294977043        4.3234474336121211        5.4599663296636542       -3.7096100905072196       -10.008384446408241       -2.1823481022747995        7.1541995439826707        12.239947042586582        9.0037060041629360        4.7494225457856283        4.7294020223870339        4.5359737118761059        5.0207411559675608     
   4.3924532580961948        10.148467672044141        4.9988710716468718        7.4865617114947973       -6.7332085624322069        7.2574860232359022        3.7889394626537705        6.7505992737146618        6.7457006677701514        7.2579660986622487        9.5419195256390488        8.5182270359061256        9.5902918205403189     
   4.1395793937076419        2.1864093435318201       -9.1058189734173585        8.4211264983146616       -12.041262815570679        5.9628996093866729       -7.9380031414141996       0.51885155598108579        6.1496054933193163        3.5681528526220476        11.665513675842719        9.3488144654350851        9.4092134733788342     
   9.1123513373178953E-003
           1           1           1           1           1           1           1           1           1           1           1           1           1
   2.0552877282176210E-003   1.1378358573477815E-003  -5.0642571084165570E-006   6.3449342433034390        8.9261128728824541E-005   6.2017161347392960E-007
   1.7806431185794652E-005   1.4454075046065232E-005   4.5413625825756591E-006  0.29546328749641304        4.5243965796560827E-006   2.2543357290159057E-008
   4.6876184978162830E-002   8.9837961195227383     
