   0.0000000000000000        0.0000000000000000        0.0000000000000000        0.0000000000000000        0.0000000000000000        0.0000000000000000        0.0000000000000000        0.0000000000000000        0.0000000000000000        0.0000000000000000        0.0000000000000000        0.0000000000000000        0.0000000000000000     
  0.21677139260909126       0.26696344502228897        1.4959895210076987E-003   7.3896856699549474E-003   1.7954389516192069E-002   1.0133536366636619E-002   1.3737370440939685E-002   1.5747353236212062E-002  0.64637819690648679       0.18507614068829656        7.9892199965392416E-002   1.3167030706577851E-002   1.9189038441132164E-002
  0.53447565921263762       0.58123366862099579       0.78582497770158410       0.73780611706152965       0.87305856258237546       0.69076950700892359       0.69201667646372889       0.73675837356767770       0.59661401379705747       0.61469129637742204       0.60024631778123394       0.59807027380810229       0.79855635632949928     
  0.33017353736501992       0.38209342654371320        2.8863179629459237E-003   1.5414069684753862E-002   3.4443868389731347E-002   2.0309445726684833E-002   2.8939117369074712E-002   3.2510193659766831E-002  0.76190937211309462       0.29684733289729665       0.13457312441047148        2.3933338561902478E-002   3.8643750390948375E-002
  0.64584733084058976       0.60400292861512805       0.77539619300004825       0.81651380078736358       0.80348541302551479       0.67218715404513496       0.78386323311256167       0.65109908304869624       0.86711962935980258       0.81108221230884503       0.67145693134707252       0.82720447260839691       0.67119407954231824     
  0.39088896248819410       0.44088242907984321        4.3183624938710197E-003   2.2545443748894629E-002   5.2307710397608315E-002   3.0226207586973287E-002   4.4398727476168152E-002   5.1081247128845590E-002  0.79470620776864520       0.32488957059940898       0.16948387598864359        3.4171060518057218E-002   5.7058999899306670E-002
  0.79380963536320948       0.63965707287236029       0.88422626004618110       0.71202870912465688       0.63136231870171400       0.74370669200864170       0.72712681390469069       0.78368967776783605       0.77670316041336418       0.61486758795421048       0.63977020381698857       0.73946586410615223       0.74955670428558896     
  0.43343384486678149       0.48733475938478310        5.9042378239099217E-003   3.0357407961788100E-002   6.8847096973136124E-002   3.9629410512610749E-002   6.0517922636861517E-002   6.9325637555484418E-002  0.81448751099438610       0.35280838805648879       0.19218237710457758        4.5014545490999758E-002   7.5658451865326742E-002
  0.63696384926180616       0.73106355807443546       0.82413193525304473       0.81039750142158107       0.73366407327536232       0.65843284936427615       0.69937110668101055       0.62367096712544023       0.71554382827557028       0.70378305897911664       0.61049328900767896       0.82470603478072513       0.83973625854450917     
  0.46826166264721086       0.52076613385019455        7.6965455018336484E-003   3.8566578267892067E-002   8.5235122792558959E-002   4.9026693752788897E-002   7.6413219380728356E-002   8.6835372683554457E-002  0.82943710967816331       0.37423364622793243       0.21155771852711508        5.6212281907423133E-002   9.3421908515827407E-002
  0.78070980945562707       0.65785494943131295       0.73486846540976170       0.59326673961586973       0.82859793207282106       0.65826614785935744       0.70288966481280113       0.63782690616081439       0.63321974881959109       0.58564773172863693       0.80995084117657690       0.72610246935265965       0.62663157088358723     
  0.49649768977533865       0.54733852290375662        9.7326494546049469E-003   4.6432127050823752E-002  0.10083362525686286        5.8698497206965822E-002   9.2347407722220831E-002  0.10335673058126704       0.84152701412893349       0.39472965173739855       0.22819961094277719        6.7124385181925317E-002  0.10947153258960798     
  0.59371062648184847       0.78223063742851695       0.84923638347156771       0.78148130754337553       0.79069962720002973       0.62632274543553035       0.68312728199208983       0.79740886454616267       0.70354725733109447       0.61586321581780956       0.72273738841406654       0.79907083103201593       0.62948853639554281     
  0.52255985761633261       0.56804429327695771        1.1839568092507908E-002   5.3904545450696152E-002  0.11584478198696752        6.8967928406299756E-002  0.10669598929561043       0.11933087151324971       0.85148302222841388       0.41372786066322820       0.24588462868813807        7.6255845320633495E-002  0.12468982326847665     
  0.59172636986283145       0.78198734346433296       0.75427888456736791       0.68945780859857919       0.73807097251430742       0.71299053447185279       0.64081863623183277       0.75980558298984713       0.68161432356326390       0.81674745201047272       0.77318302874084210       0.72467609340512396       0.76553455429923678     
  0.54710467103789373       0.58951151842003457        1.4220204024767886E-002   6.1129280513113782E-002  0.13010143174087163        7.9871425151131867E-002  0.12137201547387531       0.13464714772850167       0.86007757929356832       0.43153906053471369       0.26106553437551322        8.5323098487128823E-002  0.13967902087491499     
  0.69810286930420595       0.56911187670910679       0.79797898777265575       0.64808796205724806       0.61209561245850175       0.78003337058593847       0.69599387462883344       0.77217331543635781       0.64493998397328012       0.76668699534444695       0.87421889777166639       0.69026523000881324       0.65959498318063692     
  0.56883868822623296       0.61200481935362150        1.6644038801097074E-002   6.7882125066753049E-002  0.14361636421449300        9.1188271252214653E-002  0.13563034327319728       0.15028009306973167       0.86809994064285256       0.44874719686604225       0.27593060498687344        9.4184547253619050E-002  0.15536838157212784     
  0.63730641821816569       0.63127548443872794       0.69198819638689435       0.70279465017748100       0.73274095845432663       0.70095129098123399       0.70219929322757857       0.64054132897156901       0.74306093557681219       0.74219588084487187       0.76228385277171729       0.63181816916379063       0.77769330642102874     
  0.58794523079572447       0.63519002753843767        1.9020697964359772E-002   7.4849857353894739E-002  0.15657287554320870       0.10322343554629115       0.15256054735403471       0.16639866401280679       0.87594609946447899       0.46429630122689630       0.28871838079222700       0.10427386641449911       0.17251070195596088     
  0.72482914058572812       0.75433369263832617       0.69600083522973055       0.75928816749625183       0.70183007879096460       0.78549911175005493       0.60107496336105881       0.70762497542204350       0.74421912995475448       0.74931400797690528       0.68524516445030759       0.82587109457063579       0.62650414109503128     
  0.60514301834738915       0.65635326616690060        2.1740880592246298E-002   8.2271788466307685E-002  0.17313889931306203       0.11421875854509454       0.17099882386866960       0.18222859381739895       0.88269557376291119       0.47882136463358521       0.30146322906793965       0.11622840087480532       0.19059406949431590     
  0.70436984178330875       0.63337590020828349       0.74926843721829262       0.61551772476892941       0.88729730776322546       0.68284919008537115       0.71409405953480709       0.92117952472101461       0.75388522272969405       0.61588187010067486       0.86180368841764154       0.98564992342809254       0.64203354173112914     
  0.62165997215846092       0.67609757967037676        2.4632908254314946E-002   9.0802762388441219E-002  0.19012134146721488       0.12265133839375564       0.18896921889251680       0.19772520975789040       0.88796672489831074       0.49153153313067588       0.31508385036083270       0.12868557325289420       0.20868759469378789     
  0.67282847295197135       0.90078256781913391       0.70908259153296760       0.73439991539016236       0.77188232866944473       0.68964628218367718       0.77591814648349366       0.67035986865283614       0.70958947714815890       0.60373520216932364       0.76058495856100905       0.94073830075469667       0.68882267479215509     
  0.63604078604898528       0.69382803638332835        2.7750647615298166E-002  0.10010196519848108       0.20729993343340825       0.13265701401231503       0.20588424582411316       0.21170936982019445       0.89319581698201544       0.50397814926825812       0.32875495051432785       0.14199042979146156       0.22723113135758433     
  0.66434242872381832       0.70205944017738697       0.72144004922951310       0.72721078777338721       0.71657197995047772       0.77248931105732688       0.70135413883167752       0.63645071401209985       0.55037788698113932       0.65963858025032074       0.69053630371079211       0.80488415987375383       0.65971729300529403     
  0.64879364661508288       0.70837625430774720        3.1094055529941236E-002  0.10921989830522946       0.22494489619962202       0.14270547089141258       0.22261371238981992       0.22475610833685880       0.89819149226950823       0.51679848778594217       0.34370378328604689       0.15540198652709547       0.24668313194650909     
  0.62306309368526092       0.69385785339225925       0.75306366221044541       0.65791341588319485       0.56834419171847006       0.65953334801695362       0.65660046585477005       0.64751972745121655       0.65918880928490309       0.81350345718138772       0.65614941045233055       0.77803700570141499       0.57168183125235950     
  0.65928116937170589       0.72260551412133067        3.4599162943092843E-002  0.11808212901199819       0.24240830660617338       0.15423719431755303       0.23861010339378516       0.23792821841292522       0.90281743042510609       0.52947894746148350       0.35633089683493085       0.16769209682252526       0.26649893530256830     
  0.79633464867238979       0.77394546924921392       0.65311687356112769       0.73566907726169761       0.66477711818447671       0.69728160102695458       0.70107914627336121       0.63541005415504870       0.64450850244461422       0.87579791606354729       0.64455980407907487       0.72125868181791664       0.72353752724088971     
  0.66933175719415638       0.73647010865363849        3.8297651965201400E-002  0.12633455552209089       0.25825995928138384       0.16779060700578102       0.25349367678568596       0.25221487270768145       0.90700171515642081       0.54062257652976897       0.36868703250825197       0.17886368034401504       0.28476948193097379     
  0.69395169152829506       0.68130945592710646       0.76357487212113750       0.61104995955324815       0.63055727701465014       0.66704038716129965       0.76257930665950002       0.68600233710040925       0.64770827258956754       0.63773750127772932       0.70703007545469232       0.68056859583863860       0.68874379927919571     
  0.68042989569156376       0.74929578334580871        4.2431481476879890E-002  0.13497299635962698       0.27398904540722019       0.18132050631068775       0.26771472080346354       0.27044151292820090       0.91081321027931239       0.55004137745885151       0.38013510433525821       0.19065267420036833       0.30014921249166560     
  0.62242837567096343       0.68857996763214313       0.78499003812942236       0.62985919600983520       0.73083368479449884       0.68104433567563016       0.69523955570198215       0.76396512174086961       0.62279233418152102       0.79903222948495367       0.69253367279048861       0.67399305438617296       0.64584659991865312     
  0.69081314869316124       0.76082304147388635        4.7128743326373089E-002  0.14383744055221448       0.28951959235295571       0.19380525964014772       0.27844747960021260       0.28691922154965388       0.91435098473146992       0.55939504181527655       0.38925158806963633       0.20313433231883743       0.31546021235822058     
  0.61086910934547067       0.70122250572767797       0.68024612646436367       0.84519265531842325       0.71905732984709836       0.72149007266309373       0.73184352642918449       0.86029230797547029       0.65422859781471931       0.63756025436157182       0.69808246025252707       0.64475254489556422       0.60931449779311131     
  0.70166801656458100       0.77174946059283966        5.2277488558854716E-002  0.15170632548967611       0.30400503621242453       0.20677796729678161       0.28896950712763719       0.30056630428745135       0.91774126913486209       0.56933978362336157       0.40033324394520836       0.21840712198375506       0.33160783526082221     
  0.75558919561589932       0.71798863927085144       0.68111417177953992       0.63408097998151480       0.74586180708533989       0.74440893430317834       0.63862035189218669       0.64882135269719088       0.71761455197704782       0.75911903651754542       0.62442497917515238       0.79423617598849694       0.81660235821500504     
  0.71217428084675771       0.78210762499792108        5.7593573330428569E-002  0.16064463107217969       0.31858009499421530       0.22017801211356275       0.29876735157943901       0.31319020028647110       0.92083657492507998       0.57989297772610759       0.41175505410447499       0.23349987942505135       0.34899327442931033     
  0.65060533169443191       0.81135662393955843       0.79136189147222558       0.76001875399406416       0.68845811033004412       0.84334271012289441       0.60785811894580910       0.76004460956217390       0.61574762391803206       0.71068667510021677       0.80026342877307999       0.72412820722779236       0.85832948244776752     
  0.72161490188101229       0.79233659019969382        6.2606665401886682E-002  0.17026627585347129       0.33487424857959380       0.23381924378492125       0.31267877223321633       0.32627170548218343       0.92391161767205932       0.58994865838941735       0.42439148372190472       0.24766163733311775       0.36388290428752451     
  0.74434742587945302       0.75402642388099472       0.76457528169748501       0.74871875066869220       0.74626047009051988       0.80233386327255574       0.63721601814383055       0.69568794510327769       0.71860313348526139       0.68175397963956119       0.56613409933944059       0.71732098498553720       0.65691693640276672     
  0.73080120464527254       0.80244736906757441        6.7860845605910255E-002  0.18043813224928598       0.35311344358656821       0.24765656362150487       0.32785610531950476       0.34055113922005054       0.92695015970184313       0.59817923841001353       0.43933554205448616       0.26236457740238905       0.37793303631555009     
  0.72300572328318646       0.65929247495438426       0.71312727644992091       0.80165281457418114       0.66221411711734457       0.78931720285174101       0.70659564554271292       0.80883206944851294       0.66559893920703106       0.70361850415591809       0.66989299889429088       0.55742392140167540       0.68626818849501570     
  0.73977400647755509       0.81135203707308468        7.3257374389145882E-002  0.19105689139874654       0.37231463309231516       0.26122814197367156       0.34341573220902355       0.35683182999703800       0.92999778527661192       0.60605849404888879       0.45384083639241052       0.27785281290745040       0.39101899175062488     
  0.65163978636861275       0.73578248560815052       0.66574119215827121       0.71219550549422772       0.82902756534376698       0.62439172880174520       0.67935832484194225       0.66663836888047401       0.66917525897731833       0.69235161704871084       0.76849631766265647       0.60579344145270020       0.67543092001853344     
  0.74867019543801583       0.81910477269337978        7.9422287649477646E-002  0.20124921021245046       0.39092688013950261       0.27523613703846572       0.35892165414941413       0.37461664636119602       0.93290458195946868       0.61383898905679501       0.46746743532968771       0.29585029310847860       0.40513813500298507     
  0.66473386252134292       0.67060902985693482       0.70855394836448382       0.64396037745896828       0.84305957605920867       0.68259978371941266       0.68381339975361044       0.72616916189906344       0.74459922757069852       0.65295235708526933       0.72489572153888249       0.81501370439745979       0.67924299197235183     
  0.75749741273420823       0.82659563569639394        8.5943369126563848E-002  0.21065282756322076       0.40684255901757449       0.28977888545480457       0.37479526330444518       0.39242748444339648       0.93556887003396128       0.62172103088190400       0.48003156290609861       0.31405583250237928       0.41929222220999224     
  0.79641012036989389       0.65810852439069456       0.76149965407599496       0.56861221306775855       0.75561684936832085       0.81159028876102890       0.75214610105929902       0.74977395669598623       0.65848756702275457       0.74638206438304977       0.80272746321991550       0.72910547737368525       0.71671002146864771     
  0.76603570027104351       0.83377093989034723        9.2627350067792866E-002  0.21987156118058876       0.42180993119095289       0.30376310254264727       0.39189701626576778       0.41025313608419961       0.93812022531505390       0.63080803279411268       0.49234849722195712       0.33177687284110813       0.43361578661527278     
  0.68875432760254196       0.76765717098558517       0.74122624694369377       0.69297721884763941       0.79047020452049699       0.79968992800694139       0.83975319160938389       0.71182174444360202       0.61366432415050798       0.74117768734144018       0.76292481905445975       0.72324428124228624       0.78615319847500220     
  0.77408325771072617       0.83948843791476535        9.9774003234425451E-002  0.22961972737587122       0.43541741311573023       0.31944990514570992       0.40855306039389050       0.42837229174205477       0.94051759213080843       0.63968531086485203       0.50513960327794616       0.35057757865913164       0.44872142303915452     
  0.66775821855760187       0.67882778581636871       0.70923192111639166       0.66508210801135959       0.60547179671622420       0.77704287142867112       0.65781826595772974       0.67874064100522968       0.73233482896974311       0.76575144408767670       0.73817868137865150       0.76975896973230962       0.68944065154145251     
  0.78180379430003588       0.84472168878224196       0.10735907994895165       0.23993682594544441       0.44901154728259873       0.33548870471602354       0.42447423265080086       0.44463870977920378       0.94283047024654398       0.64876354015961490       0.51842558936479410       0.36855787336179668       0.46405549840402938     
  0.59747136133479362       0.56858061752592237       0.73046625245922359       0.64861892347199279       0.70648130503014128       0.81043129534309055       0.77837772316803833       0.56391940358264780       0.74054009536223453       0.77569988476927332       0.71117671621698864       0.71110959150976660       0.81859208242736992     
  0.78938612920814699       0.84990842415873813       0.11535039616131884       0.25056061724920980       0.46382580624429814       0.35130234383232606       0.44085987713177877       0.45959667514199715       0.94507974085312019       0.65752060439198934       0.53141907622415308       0.38506712922873598       0.47786108161185753     
  0.78063033074256072       0.66400087533061969       0.79324101653625834       0.78569479484084637       0.85476197075325455       0.75758441414750755       0.67827097988175411       0.75682031103257119       0.64984241870891579       0.78122406680602707       0.67464799541925125       0.65214584176251500       0.73895661117401767     
  0.79674696694740899       0.85501096720193048       0.12352982002067925       0.26150411096178056       0.48031266832716835       0.36583683674583184       0.45504915284249803       0.47470718788573557       0.94734837615553991       0.66631460847839186       0.54438640573314256       0.40027803882544211       0.49153504166249840     
  0.71097556840820431       0.68167931511025881       0.67675491981007863       0.67711307534194221       0.72081316531551543       0.72505317796875046       0.68637724455838001       0.77285761660895969       0.71929457032223909       0.86366595991409589       0.74271399279010675       0.68015106920774260       0.69049433029724838     
  0.80398342814262358       0.86154626820204183       0.13167976515267649       0.27288866416175306       0.49699216062501472       0.37976133196821188       0.46965625942068390       0.48814904980251794       0.94927711337103782       0.67426990147777133       0.55831361898449317       0.41555988998843535       0.50666493313587257     
  0.69205034741823290       0.71319031386948939       0.62227414754426769       0.76729782381653988       0.71614169759846802       0.71314913273768532       0.68562528455801974       0.64127647797790555       0.64579404253789607       0.72090662339110612       0.67926343621330609       0.74577680905001653       0.69054694087245205     
  0.81116100096215160       0.86748833861782260       0.14111574844392247       0.28439957050595704       0.51221803743720029       0.39445165721125802       0.48399140045835620       0.50619211593125812       0.95108641641845970       0.68161702706558791       0.57276549120310649       0.43179960681145285       0.52198703630156196     
  0.69352097812152325       0.79844513361003089       0.81881459293812719       0.60903503879926413       0.73596948580493760       0.76955844825038577       0.70469814678911225       0.70007788808461313       0.73055752020058673       0.80391307005216173       0.65712413332027431       0.71392104638912102       0.88111209291851289     
  0.81839504903584237       0.87322760459459781       0.15096461086738619       0.29644323538269923       0.52697751452510044       0.41005910203545576       0.49839900988845037       0.52237043720477716       0.95296649562371627       0.68884483570116994       0.58696643080869570       0.44824164736010780       0.53584162325993479     
  0.73472757788914655       0.61928070683509751       0.76345914433455375       0.74697194021544211       0.58396912922962585       0.84603078037959256       0.72057186434329534       0.85381069089437256       0.62526047138028895       0.78738517115110718       0.69342652672611094       0.70370750501082380       0.66747507408879636     
  0.82561656463822497       0.87862974274474215       0.16007375806226334       0.30964161883882096       0.54050627447414057       0.42585328782511545       0.51381666697046813       0.54164638600159110       0.95487681985796180       0.69567776780324386       0.60023768245455711       0.46535558062344240       0.54917459582913764     
  0.80826336960776490       0.65061007522662451       0.71263098300410410       0.72263089496267519       0.58977586810010718       0.70638278124679510       0.65073122648806347       0.68500363571380618       0.69344475433918218       0.75337571304361950       0.67467806419401177       0.70324540765309840       0.78818060318468042     
  0.83264228383924166       0.88376157892571205       0.16879676730117224       0.32480480145434687       0.55566302922523458       0.44077627715007289       0.53035165824801023       0.55613343857582009       0.95670592626903694       0.70262485618646797       0.61357465650797982       0.48326417529049670       0.56297319861124784     
  0.66148251139852687       0.77493218757643778       0.80579548386133315       0.65519428791483558       0.69566142567311240       0.74045492827252324       0.68783592804409743       0.63084271337909548       0.67821879363483051       0.77097548826073592       0.69165618030411635       0.66037462811751213       0.77342706677080386     
  0.83896329119714452       0.88877046248015934       0.17729987790162785       0.34063057021679610       0.57144257619712724       0.45532795106409085       0.54721854371770418       0.57053181644104756       0.95834876642755584       0.70924774746071917       0.62719117207911790       0.50153662490270845       0.57840893317125519     
  0.67216954342648505       0.65459092262937690       0.66747884774576649       0.73385115772978626       0.70139206458972858       0.64488124518143042       0.92338562486933484       0.67078294353214452       0.70755746671077591       0.74869438463773141       0.70998753454476515       0.65246025204709901       0.66231519971981856     
  0.84463730875700349       0.89295103453102675       0.18598789215317313       0.35730081277470926       0.58943872705767131       0.47066763599250722       0.56429027199335968       0.58376378951752139       0.95993469392894160       0.71590092425670282       0.64153979035749320       0.51941395669195645       0.59556738957792443     
  0.70451989136542559       0.74226038179065312       0.68698121127098166       0.66936849963205158       0.66736091618065585       0.80744886580030018       0.66581360602969442       0.70685155032322677       0.62672376127802953       0.76814728041560809       0.75292674675334537       0.67761241678817707       0.75028360704461916     
  0.85021875728131868       0.89723756698419410       0.19589468883534294       0.37499150308429796       0.60775839439597501       0.48647478484394946       0.58163275267928827       0.59792131754768085       0.96148387183354533       0.72225393170231789       0.65597632310909004       0.53645604402334546       0.61195012627989609     
  0.62299386471890539       0.78247330745601662       0.68288146564332775       0.65105592697205417       0.74185858924894843       0.58615237472965220       0.64633376266080211       0.66134958320140935       0.77578695531072939       0.68627398233792247       0.72769644087582031       0.72847310995513548       0.72799769561222127     
  0.85596441135423806       0.90150607007853500       0.20633129137157447       0.39268621446116253       0.62506589274410385       0.50373904012805182       0.59792064762322461       0.61315014101700116       0.96319699412231252       0.72821597987017261       0.67007927649561838       0.55394276853370705       0.62811377736804885     
  0.67549727253176095       0.63714883875495865       0.59387787423321381       0.70038487718894360       0.72810628857369308       0.61355358642214708       0.97006235433162535       0.73914117761398879       0.62093939256783826       0.70300833364009252       0.61971270850305815       0.65496660434164677       0.76018778365388484     
  0.86269905911650502       0.90638218024243011       0.21681190684567020       0.41026751685562252       0.64289133595859937       0.52001868146478780       0.61256278079523974       0.63029590379526190       0.96487307552661628       0.73353579702168548       0.68361049541769092       0.57177967603793334       0.64287118388464892     
  0.72286469592430835       0.62862828516706415       0.61314761361287817       0.70574053637026113       0.74461291882427794       0.75478331462732517       0.73647824038496057       0.79067139960539712       0.61188024383109885       0.71313904449430743       0.75540353105833125       0.72915935813231225       0.63541089874306977     
  0.86876911525057154       0.91134041293899348       0.22715430254328087       0.42786606571680108       0.65884448188335487       0.53490542829854026       0.62699017755624564       0.64758248954077546       0.96656053035012057       0.73917033617956718       0.69681895411801842       0.59014629125865115       0.65650836332198814     
  0.68857444779971444       0.86758678963405977       0.68529813220937241       0.70550490910818098       0.83321478574657448       0.61789279203048542       0.66290405518264794       0.64904751095243796       0.78161258758112229       0.66546802460271715       0.73596133713527623       0.72356914810759132       0.71659922211944771     
  0.87467715898366083       0.91599849596268923       0.23905667232080083       0.44366442130597417       0.67520877094591969       0.55093556923060960       0.64006275963139758       0.66509368169191763       0.96814479251164232       0.74547126971941136       0.71040072740506222       0.60835663845818078       0.67106062234431652     
  0.68453148729352853       0.64234282348768901       0.62047969842779926       0.72378944780667920       0.72104618174048796       0.64182745281343079       0.72464106072342915       0.74646230996308160       0.73899860629272462       0.67503339873669677       0.63631310630216065       0.71563504065219996       0.85375939026554137     
  0.88044625815956379       0.92025258897674611       0.25340805031999403       0.45868930966939814       0.69145367999623430       0.56890119807323669       0.65323615994283479       0.68139302243664679       0.96961650148008371       0.75215942522742896       0.72416403608089353       0.62448712034142217       0.68673258048698504     
  0.71124256898235194       0.62824810920776697       0.67632823089225347       0.72308058949404730       0.74015071500565832       0.68516624625010225       0.69393000082317358       0.67457178786613770       0.67260592597066127       0.78107413890818500       0.62841684233079187       0.61234182863194575       0.70933204081330459     
  0.88581556941729767       0.92425661300219231       0.26769365914065474       0.47412410952388417       0.70595543895210511       0.58779786905707365       0.66686023847989340       0.69649182636094942       0.97082929400551721       0.75885843305383160       0.73729310016698257       0.64021452765734410       0.70307093456790126     
  0.73904218461603832       0.66625314773791777       0.66772664901302548       0.76201814389532541       0.68867946317285522       0.60459278306587438       0.77381855747015238       0.82637843198274996       0.55975038161189972       0.70444196524741942       0.76960852713924288       0.62058890803465161       0.69794680647175023     
  0.89083497372605236       0.92846582398926947       0.28199435189695543       0.49115006354985635       0.72033587592596082       0.60748310839366049       0.68281590052715924       0.71275895615648621       0.97189264745796444       0.76591607257112082       0.74968250080294330       0.65607203388043034       0.71794212454305961     
  0.66650229355741608       0.67094018149874834       0.67932969464247905       0.70398700262209635       0.63172296430966424       0.74787666181710333       0.65285260449834059       0.72552716891050284       0.57557787550525086       0.82988899024715335       0.60099500306020048       0.73339136573005914       0.70301236510252385     
  0.89578628819476758       0.93307603627964320       0.29713376520925261       0.51099731245592150       0.73611388328929839       0.62784924426200062       0.70027277792021680       0.72791414344414063       0.97331667655313969       0.77294286318746130       0.76211339381179177       0.67197077276508010       0.73319838841954343     
  0.73812345782471178       0.77749911929707083       0.66270671471643328       0.70833497413639057       0.60553451916322731       0.63472097238363601       0.72286429722053380       0.77375223965519158       0.67433307939736942       0.85753928613735042       0.78810749730451335       0.69598128914068702       0.66720859557434675     
  0.90015453892907971       0.93778880761017380       0.31288398542389401       0.53254206737382948       0.75092399463823667       0.64864677170927965       0.71836307023753243       0.74263464161767645       0.97475457002127364       0.78042271452373335       0.77399444576269627       0.68723787580661133       0.74808368361250266     
  0.71077659275561544       0.80864104072016896       0.82570888917810059       0.85200639346853135       0.67991125969763111       0.73688256893748494       0.79878579784416281       0.70917221089435434       0.79089280067121615       0.77687471472447811       0.72756790087170709       0.76363107508798411       0.72739482573175551     
  0.90551314221444379       0.94212678756227053       0.32890899392887318       0.55170717164026850       0.76534081393672992       0.66820632363927079       0.73695039649567962       0.75599083178747384       0.97599421862262115       0.78773514572210235       0.78441506431288055       0.70445220497663896       0.76396651496456713     
  0.72198113752760795       0.78035978174175080       0.74126706581346069       0.64569948108763842       0.65632643304968008       0.63929572510369326       0.79642268953374551       0.67548163306671305       0.89534867420156516       0.73364364426324424       0.60869693264313152       0.74803108274113250       0.59222352240670295     
  0.91129230342520839       0.94623146489838361       0.34412663543863942       0.57037200811680899       0.77859709624648976       0.68665122822645885       0.75530742884895596       0.77028190067622171       0.97703603664897531       0.79482066022285913       0.79447716169519256       0.72234028403828621       0.77985032738974802     
  0.87022650105852295       0.74994338610219891       0.71817049767306718       0.77022496814575769       0.64337630856534256       0.74825249331884935       0.76748802052891341       0.60252661585107781       0.68232502605377998       0.72126203375243603       0.66028577301555136       0.70955042085111764       0.77584927177245788     
  0.91675284966295834       0.94997716805455146       0.35912400246784737       0.59047651290154801       0.79175393570334462       0.70579097541167257       0.77295328794884521       0.78569578778752003       0.97815160642191656       0.80159579643406553       0.80543440901069274       0.74291426127334415       0.79411325477510319     
  0.77711536932162417       0.72609115279577485       0.68737295753408212       0.65771552345969064       0.61507950365909769       0.77066035552694645       0.62103821678575266       0.74139867676380034       0.81098574155939018       0.60405451640543162       0.71250828735049876       0.72754538934020208       0.78855708592866092     
  0.92226580334283370       0.95364960001563415       0.37624412868259483       0.61592363864811894       0.80611946188791783       0.72727931838267856       0.78978491992585176       0.79993531952652930       0.97948679404606287       0.80817285078180445       0.81688009671106487       0.76246177618571964       0.81064817109306619     
  0.72235887888330597       0.70703179956124229       0.70447256922299595       0.66094110135617756       0.69831298948487541       0.69445152289672185       0.68708191067343649       0.72803754201523596       0.81981130082626752       0.61776335935970728       0.69900691157759542       0.62905459239764150       0.82012240871671327     
  0.92792076641508769       0.95732060828211718       0.39193983002986377       0.64045310930784172       0.82112007803666776       0.74840024325120125       0.80599228579167048       0.81202660348765077       0.98086875615480795       0.81449051862780519       0.82870089598031971       0.78058396603408720       0.82703886059962894     
  0.78146986832539800       0.75573911010132888       0.68329907705068416       0.58428083271114428       0.63763641443380936       0.63436709721890550       0.78813305442785409       0.65525640533734397       0.76713328110844015       0.75118355978865636       0.67753936759565270       0.66546672370856907       0.66515027180596153     
  0.93366558911584274       0.96097722323140422       0.40667264459057889       0.66259212799501588       0.83644792635598730       0.76856315533487851       0.82272786887315752       0.82489842280633729       0.98228000242891500       0.81946851190253445       0.84123292917524872       0.79718026366799111       0.84195157614815019     
  0.80910511785410644       0.66806482310527837       0.63374657302310933       0.72071972003747153       0.81248228477046580       0.70568826536664431       0.75741338711048123       0.58392816365696310        1.0324488613457619       0.62291766315687747       0.73866289965878396       0.66891679516726021       0.68885437251572346     
  0.93935228594759868       0.96466761755015284       0.42350838682808917       0.68660264242560265       0.85155669723257632       0.78789039612813083       0.83905927747574216       0.83892333452551948       0.98360148254231661       0.82520430116050625       0.85443006234181040       0.81360262627646440       0.85494776507971049     
  0.75738406335050201       0.65521529021262881       0.60633060851083675       0.73855669427450232       0.71172610134975833       0.67289426355890480       0.78127429632745571       0.72054137477154279       0.79945116734032995       0.62748013122177348       0.88065485881237515       0.71945513485522861       0.69168307114690908     
  0.94481067076744052       0.96827355716910746       0.44397519087669285       0.70955812389749184       0.86513252525365691       0.80752251545670772       0.85607742260942299       0.85356653580358843       0.98495744840734700       0.83161728335902541       0.86730546485794113       0.83332173692705780       0.86868166292689097     
  0.92660474643522317       0.68399387659698840       0.67396510728290804       0.70937827923445074       0.67112659322897283       0.69998339789324904       0.71199387375967715       0.71945458941845186       0.90582196939201931       0.63812720026542036       0.66848077857133925       0.81762215746178268       0.80274003370165581     
  0.95037115767012137       0.97179578334022487       0.46576412639480108       0.73356200167487584       0.87704455320748209       0.82825766545220658       0.87303855599296187       0.86918480963293587       0.98640447863004066       0.83836499563003275       0.88135075334830948       0.85015333862253906       0.88401184657244725     
  0.74459387865939308       0.83934368681478488       0.71865262626958859       0.81776621722581389       0.70398201045339892       0.80294788667562478       0.73541215300189955       0.66254650079034005       0.82727054382806364       0.64185136739491955       0.78612625297089289       0.62118756174515466       0.61950530775805224     
  0.95568416776575915       0.97544872262461080       0.49519545966244560       0.76486248965306514       0.88838694870142876       0.84941765063719810       0.88994235150856071       0.88424093997034003       0.98786394445707570       0.84532015297935503       0.89603021715259634       0.86787983487046316       0.89935472994713472     
  0.83141472107842496       0.71289716774478284       0.71206876856183576       0.66560655967578652       0.67964455852539485       0.79333761315641937       0.62488180949930860       0.78601640038378973       0.92458286404580670       0.61757124524095930       0.75412652740266395       0.63543330665205244       0.71231494146976038     
  0.96058437852737844       0.97916350992573620       0.52854047829820006       0.79755174001942264       0.89974086215773696       0.87070861288602364       0.90728223509843786       0.90135687707879464       0.98919710929249960       0.85408238839018014       0.90954070920343311       0.88626988758783631       0.91277520675081236     
  0.69393855984164521       0.82004648260677959       0.78468449661593598       0.90504734475478332       0.64477333834223383       0.64127178012461794       0.75902660401980038       0.92687240703670370       0.82227705587265354       0.66410717673703412       0.72209756040401185       0.59409624381989112       0.75273959840465998     
  0.96569373521379576       0.98285253087229696       0.56833241504102161       0.82533405183612607       0.91216638275441653       0.89192924644071536       0.92457706676751583       0.91623728442837316       0.99054428544314188       0.86440711956472471       0.92272519713905243       0.90477618263673565       0.92657034778061886     
  0.78877536256775627       0.76959592354348549       0.58984141062861339       0.77964854654116988       0.66622403291428112       0.68518506598793683       0.64816561634123082       0.61993047208733787       0.68655980703539055       0.75209707984414198       0.74203021149905835       0.65042887046381415       0.58908062947591722     
  0.97091924675131525       0.98628837030990257       0.61339387499693454       0.85643787414714956       0.92915627445615478       0.91431848926777959       0.94036185192031374       0.93301946571446681       0.99193093683406564       0.87549248215951558       0.93519149919214506       0.92379252042033289       0.94075590570917866     
  0.74818084765287984       0.80416040080789730       0.62525458067874295       0.71480081710263521       0.79060288680601576       0.70964613505170471       0.66783088508366362       0.61734470561879384       0.76270235898329164       0.75183255704997642       0.68369465306833543       0.66384030868437660       0.65419212723287445     
  0.97626911968159646       0.98926159228507382       0.66431572714038578       0.89382853028721276       0.94525783126096075       0.93439227270217995       0.95569257012306064       0.94971872548109448       0.99340074886878038       0.88849726858417377       0.94722193978823033       0.94243582415379246       0.95504953156673433     
  0.71290922498590692       0.69384439142219501       0.76183216507404261       0.81475815250086259       0.75634186408774062       0.67315217996381016       0.66496252009724000       0.64886632876707795       0.72711578369374574       0.66662355833208953       0.64802345942488426       0.68404717762225609       0.60385153631770883     
  0.98237330673168166       0.99238600880435057       0.73396205184268737       0.93283894804316048       0.96154978746628794       0.95464695280292711       0.97129172350767679       0.96642578404101476       0.99497424765216447       0.90520620680598984       0.96176150680376615       0.96203339633684348       0.97003422736032219     
  0.86332830829843410       0.79772633939048876       0.66405235880810398       0.75181752238190958       0.71719488511031393       0.66981848070863825       0.76205904148595305       0.71999652364812405       0.84761369160254885       0.74943688787241347       0.72680338669207945       0.71248542890619804       0.77300439831590950     
  0.99161228728583439       0.99580874769532313       0.84690578865564337       0.96646026924361628       0.97911599887843637       0.97736075728146765       0.98586349823609809       0.98310403230286536       0.99689368557384195       0.93365324526953186       0.98048481553500688       0.98098812994457885       0.98503105843164607     
  0.91004578727144669       0.75581828380894656       0.61696495769519677       0.71341335860743360       0.72458490252864649       0.78102784824350724       0.73481070455073072       0.84819292678000036       0.77122254480433816       0.63869661310661130       0.83121307131850519       0.70354599726382172       0.78632760850924488     
   1.0000000000000000        1.0000000000000000        1.0000000000000000        1.0000000000000000        1.0000000000000000        1.0000000000000000        1.0000000000000000        1.0000000000000000        1.0000000000000000        1.0000000000000000        1.0000000000000000        1.0000000000000000        1.0000000000000000     
  0.62501718745480561       0.78748875133936524       0.56193401050055758       0.67888864101076085       0.62859057720377853       0.64907130703387972       0.65322662228689543       0.74931917415049010       0.59137680037514706       0.57600776748665528       0.77667225579743771       0.77621351604462685       0.72371085749104280     
   7.1835441449638271        12.302853373817600        12.005889493810347       -3.4099667783899328        10.160249755053414        18.428167084382153       0.17353731134404615        17.120551028541186        0.0000000000000000        12.545389761677324        5.9622197488123660        7.8807938306074279        14.064740745390040     
   9.8717344626384005        14.161778021188871        10.306877196161782        13.023244236024423        3.2009744946290524        8.9108151344862332        3.3815535291434968       -2.7940389520096796        6.0881235853779039        6.5298795529269515        5.5544308740794461        12.697811626341110        13.832176589331635     
   10.862234298829721        13.262177999458101       -4.5857579830515194       0.83998832067265183        17.903422643820480        6.4388662258532161       -6.8277076091125259        13.282949704530253        8.6545269608019346        2.8219952061589441E-002   13.169362948507199        1.8430055683028297        4.2149211320746103     
   10.103580084804703        11.365452739970625        7.3798374562629974        7.3069186670044743        2.6297875820120376        7.8014312027985140        8.7034120624345537        10.574098242289303        8.0712521379536177        12.754608179635250        16.678970665765132        8.5801270570048320        5.0792895336543955     
   13.509363910300163        22.242964343392856        10.502747369554244       0.14088063941594525        7.8221397949745670       -7.8874912590025152        12.407755401480435        6.8003387530052981        10.092841683752633        8.0504571574638231        4.0728722375880411        8.9343642117077025        8.0332953219760697     
  -5.1840686344626050        14.410626650680381        6.3483623481763134       0.87939966836849548        6.2737186614994815        1.2262522699628458        8.2564664447644418        2.4384850418387218        9.3034712960749459        10.161358020024391        11.637510586683344        4.6601785523964612        13.268156165488774     
   10.862372369241751        11.442469126672643        12.001057189466202        5.9236848350296301       -6.0191259671901660        12.812651768970102        1.5959547121664039        5.1948727060366267        9.9252563031611842        2.4069708758724380       -6.4404652361947479       -7.0904234615875525        15.759214904748424     
   1.4924968884898091       -14.707960134822262        12.094128205158174        4.4306469326727749        7.9936600049281816        12.240522082347196        19.120580518828362        11.005841659755241        1.6318704288007194E-002   12.676776844935333        4.3546146359068914        11.629508196451360       -9.1458477214292966     
   7.3608376399235886E-004
           1           1           1           1           1           1           1           1           1           1           1           1           1
   2.5713049149408409E-004   9.4910379052579686E-005  -1.5707340655257433E-006   6.4797510921262287        5.9075205102969586E-006   4.0226567700409886E-009
   5.5123257797344675E-006   5.5212078314272975E-006   8.5925347752132642E-007  0.64415363780699353        8.5892917064924025E-007   5.3087551631456588E-010
   5.0000000000000001E-003   4.3602718636819287     
