     
 Soft #          73
 
 part:           1
 comp:           0
   1.1111109618160555        306.94440320168536        276.25000000000000     
   1.0101009971781227        279.04040047045640        276.25000000000000     
   1.0010009997261524        276.52652617434961        276.25000000000000     
   1.0001000098736872        276.27762772760610        276.25000000000000     
   1.0000100000872711        276.25276252410868        276.25000000000000     
   1.0000009999997270        276.25027624992458        276.25000000000000     
   1.0000000999998828        276.25002762496763        276.25000000000000     
   1.0000000099999877        276.25000276249659        276.25000000000000     
   1.0000000009999985        276.25000027624958        276.25000000000000     
   1.0000000000999998        276.25000002762494        276.25000000000000     
 comp:           1
   0.0000000000000000        0.0000000000000000     
   0.0000000000000000        0.0000000000000000     
   0.0000000000000000        0.0000000000000000     
   0.0000000000000000        0.0000000000000000     
   0.0000000000000000        0.0000000000000000     
   0.0000000000000000        0.0000000000000000     
   0.0000000000000000        0.0000000000000000     
   0.0000000000000000        0.0000000000000000     
   0.0000000000000000        0.0000000000000000     
   0.0000000000000000        0.0000000000000000     
 comp:           2
   0.0000000000000000        0.0000000000000000     
   0.0000000000000000        0.0000000000000000     
   0.0000000000000000        0.0000000000000000     
   0.0000000000000000        0.0000000000000000     
   0.0000000000000000        0.0000000000000000     
   0.0000000000000000        0.0000000000000000     
   0.0000000000000000        0.0000000000000000     
   0.0000000000000000        0.0000000000000000     
   0.0000000000000000        0.0000000000000000     
   0.0000000000000000        0.0000000000000000     
 comp:           3
   1.1111109618160555        306.94440320168536        276.25000000000000     
   1.0101009971781227        279.04040047045640        276.25000000000000     
   1.0010009997261524        276.52652617434961        276.25000000000000     
   1.0001000098736872        276.27762772760610        276.25000000000000     
   1.0000100000872711        276.25276252410868        276.25000000000000     
   1.0000009999997270        276.25027624992458        276.25000000000000     
   1.0000000999998828        276.25002762496763        276.25000000000000     
   1.0000000099999877        276.25000276249659        276.25000000000000     
   1.0000000009999985        276.25000027624958        276.25000000000000     
   1.0000000000999998        276.25000002762494        276.25000000000000     
 
 part:           2
 comp:           0
   1.0000001343655678        276.25003711848808        276.25000000000000     
   1.0000000127936584        276.25000353424815        276.25000000000000     
   1.0000000012735744        276.25000035182489        276.25000000000000     
   1.0000000001272999        276.25000003516664        276.25000000000000     
   1.0000000000127292        276.25000000351645        276.25000000000000     
   1.0000000000012728        276.25000000035158        276.25000000000000     
   1.0000000000001275        276.25000000003519        276.25000000000000     
   1.0000000000000129        276.25000000000358        276.25000000000000     
   1.0000000000000013        276.25000000000034        276.25000000000000     
   1.0000000000000000        276.25000000000000        276.25000000000000     
 comp:           1
   0.0000000000000000        0.0000000000000000     
   0.0000000000000000        0.0000000000000000     
   0.0000000000000000        0.0000000000000000     
   0.0000000000000000        0.0000000000000000     
   0.0000000000000000        0.0000000000000000     
   0.0000000000000000        0.0000000000000000     
   0.0000000000000000        0.0000000000000000     
   0.0000000000000000        0.0000000000000000     
   0.0000000000000000        0.0000000000000000     
   0.0000000000000000        0.0000000000000000     
 comp:           2
   0.0000000000000000        0.0000000000000000     
   0.0000000000000000        0.0000000000000000     
   0.0000000000000000        0.0000000000000000     
   0.0000000000000000        0.0000000000000000     
   0.0000000000000000        0.0000000000000000     
   0.0000000000000000        0.0000000000000000     
   0.0000000000000000        0.0000000000000000     
   0.0000000000000000        0.0000000000000000     
   0.0000000000000000        0.0000000000000000     
   0.0000000000000000        0.0000000000000000     
 comp:           3
   1.0000001343655678       -276.25003711848808       -276.25000000000000     
   1.0000000127936584       -276.25000353424815       -276.25000000000000     
   1.0000000012735744       -276.25000035182489       -276.25000000000000     
   1.0000000001272999       -276.25000003516664       -276.25000000000000     
   1.0000000000127292       -276.25000000351645       -276.25000000000000     
   1.0000000000012728       -276.25000000035158       -276.25000000000000     
   1.0000000000001275       -276.25000000003519       -276.25000000000000     
   1.0000000000000129       -276.25000000000358       -276.25000000000000     
   1.0000000000000013       -276.25000000000034       -276.25000000000000     
   1.0000000000000000       -276.25000000000000       -276.25000000000000     
 
 part:           3
 comp:           0
  0.99999615182291457        95.474036716067275        95.474404118481445     
  0.99999963248072521        95.474369029797685        95.474404118481445     
  0.99999996340823338        95.474400624904334        95.474404118481445     
  0.99999999634241321        95.474403769275526        95.474404118481445     
  0.99999999963425712        95.474404083562362        95.474404118481445     
  0.99999999996342592        95.474404114989554        95.474404118481445     
  0.99999999999634259        95.474404118132256        95.474404118481445     
  0.99999999999963429        95.474404118446529        95.474404118481445     
  0.99999999999996336        95.474404118477949        95.474404118481445     
  0.99999999999999623        95.474404118481090        95.474404118481445     
 comp:           1
   1.0000426230402037       -88.744640669052870       -88.740858263883368     
   1.0000040639545142       -88.741218902694911       -88.740858263883368     
   1.0000004045607667       -88.740894164953019       -88.740858263883368     
   1.0000000404378662       -88.740861852374323       -88.740858263883368     
   1.0000000040436046       -88.740858622716317       -88.740858263883368     
   1.0000000004043585       -88.740858299766501       -88.740858263883368     
   1.0000000000404359       -88.740858267471680       -88.740858263883368     
   1.0000000000040434       -88.740858264242192       -88.740858263883368     
   1.0000000000004043       -88.740858263919250       -88.740858263883368     
   1.0000000000000404       -88.740858263886963       -88.740858263883368     
 comp:           2
  0.99969088623492797        34.623738969361533        34.634444953042149     
  0.99997052710752254        34.633424175770031        34.634444953042149     
  0.99999706601638094        34.634343336148000        34.634444953042149     
  0.99999970673370553        34.634434795926815        34.634444953042149     
  0.99999997067469037        34.634443937376325        34.634444953042149     
  0.99999999706748233        34.634444851476026        34.634444953042149     
  0.99999999970674847        34.634444942885544        34.634444953042149     
  0.99999999997067479        34.634444952026485        34.634444953042149     
  0.99999999999706757        34.634444952940584        34.634444953042149     
  0.99999999999970679        34.634444953031995        34.634444953042149     
 comp:           3
   1.0000000000000000        6.3935232198811605        6.3935232198811605     
   1.0000000000000000        6.3935232198811605        6.3935232198811605     
   1.0000000000000000        6.3935232198811605        6.3935232198811605     
   1.0000000000000000        6.3935232198811605        6.3935232198811605     
   1.0000000000000000        6.3935232198811605        6.3935232198811605     
   1.0000000000000000        6.3935232198811605        6.3935232198811605     
   1.0000000000000000        6.3935232198811605        6.3935232198811605     
   1.0000000000000000        6.3935232198811605        6.3935232198811605     
   1.0000000000000000        6.3935232198811605        6.3935232198811605     
   1.0000000000000000        6.3935232198811605        6.3935232198811605     
 
 part:           4
 comp:           0
   1.0000482994894664        180.77638705080210        180.76765606530211     
   1.0000046045656426        180.76848842184052        180.76765606530211     
   1.0000004583719801        180.76773892413055        180.76765606530211     
   1.0000000458165073        180.76766434744474        180.76765606530211     
   1.0000000045814439        180.76765689347897        180.76765606530211     
   1.0000000004581422        180.76765614811941        180.76765606530211     
   1.0000000000458142        180.76765607358382        180.76765606530211     
   1.0000000000045814        180.76765606613029        180.76765606530211     
   1.0000000000004581        180.76765606538493        180.76765606530211     
   1.0000000000000457        180.76765606531038        180.76765606530211     
 comp:           1
   1.0000446062539332       -160.55977899726082       -160.55261734644182     
   1.0000042529465361       -160.55330016813963       -160.55261734644182     
   1.0000004233736999       -160.55268532019747       -160.55261734644182     
   1.0000000423183033       -160.55262414075617       -160.55261734644182     
   1.0000000042316397       -160.55261802584266       -160.55261734644182     
   1.0000000004231619       -160.55261741438159       -160.55261734644182     
   1.0000000000423162       -160.55261735323580       -160.55261734644182     
   1.0000000000042315       -160.55261734712121       -160.55261734644182     
   1.0000000000004230       -160.55261734650975       -160.55261734644182     
   1.0000000000000424       -160.55261734644861       -160.55261734644182     
 comp:           2
   1.0009594685438115       -21.147421526089232       -21.127150689582216     
   1.0000914797379334       -21.129083395790577       -21.127150689582216     
   1.0000091066545962       -21.127343087246146       -21.127150689582216     
   1.0000009102553393       -21.127169920683937       -21.127150689582216     
   1.0000000910214355       -21.127152612605801       -21.127150689582216     
   1.0000000091021026       -21.127150881883708       -21.127150689582216     
   1.0000000009102097       -21.127150708812355       -21.127150689582216     
   1.0000000000910210       -21.127150691505229       -21.127150689582216     
   1.0000000000091021       -21.127150689774517       -21.127150689582216     
   1.0000000000009102       -21.127150689601446       -21.127150689582216     
 comp:           3
   1.0000000000000000        80.333343303326217        80.333343303326217     
   1.0000000000000000        80.333343303326217        80.333343303326217     
   1.0000000000000000        80.333343303326217        80.333343303326217     
   1.0000000000000000        80.333343303326217        80.333343303326217     
   1.0000000000000000        80.333343303326217        80.333343303326217     
   1.0000000000000000        80.333343303326217        80.333343303326217     
   1.0000000000000000        80.333343303326217        80.333343303326217     
   1.0000000000000000        80.333343303326217        80.333343303326217     
   1.0000000000000000        80.333343303326217        80.333343303326217     
   1.0000000000000000        80.333343303326217        80.333343303326217     
 
 part:           5
 comp:           0
  0.99996973959956670        276.24958014033473        276.25793981621644     
  0.99999711417403914        276.25714258388183        276.25793981621644     
  0.99999971271450361        276.25786045131707        276.25793981621644     
  0.99999997128432516        276.25793188328328        276.25793981621644     
  0.99999999712856102        276.25793902295862        276.25793981621644     
  0.99999999971285736        276.25793973689099        276.25793981621644     
  0.99999999997128564        276.25793980828388        276.25793981621644     
  0.99999999999712863        276.25793981542319        276.25793981621644     
  0.99999999999971279        276.25793981613708        276.25793981621644     
  0.99999999999997125        276.25793981620848        276.25793981621644     
 comp:           1
  0.99995609851480205        249.28253125649576        249.29347561032520     
  0.99999581410031679        249.29243209284462        249.29347561032520     
  0.99999958329929661        249.29337172955857        249.29347561032520     
  0.99999995834868194        249.29346522692336        249.29347561032520     
  0.99999999583505561        249.29347457203173        249.29347561032520     
  0.99999999958350738        249.29347550649632        249.29347561032520     
  0.99999999995835076        249.29347559994233        249.29347561032520     
  0.99999999999583500        249.29347560928690        249.29347561032520     
  0.99999999999958356        249.29347561022138        249.29347561032520     
  0.99999999999995837        249.29347561031483        249.29347561032520     
 comp:           2
   1.0022934025581469       -13.538271926677391       -13.507294263459929     
   1.0002186703479017       -13.510247908195730       -13.507294263459929     
   1.0000217683400652       -13.507588294834818       -13.507294263459929     
   1.0000021758543935       -13.507323653365498       -13.507294263459929     
   1.0000002175756508       -13.507297202318270       -13.507294263459929     
   1.0000000217574672       -13.507294557344441       -13.507294263459929     
   1.0000000021757458       -13.507294292848368       -13.507294263459929     
   1.0000000002175746       -13.507294266398773       -13.507294263459929     
   1.0000000000217575       -13.507294263753813       -13.507294263459929     
   1.0000000000021758       -13.507294263489317       -13.507294263459929     
 comp:           3
   1.0000000000000000       -86.726866523207391       -86.726866523207391     
   1.0000000000000000       -86.726866523207391       -86.726866523207391     
   1.0000000000000000       -86.726866523207391       -86.726866523207391     
   1.0000000000000000       -86.726866523207391       -86.726866523207391     
   1.0000000000000000       -86.726866523207391       -86.726866523207391     
   1.0000000000000000       -86.726866523207391       -86.726866523207391     
   1.0000000000000000       -86.726866523207391       -86.726866523207391     
   1.0000000000000000       -86.726866523207391       -86.726866523207391     
   1.0000000000000000       -86.726866523207391       -86.726866523207391     
   1.0000000000000000       -86.726866523207391       -86.726866523207391     
 
 part:           6
 comp:           0
   30.694436412969459        0.0000000000000000     
   2.7904039691845721        0.0000000000000000     
  0.27652652582234971        0.0000000000000000     
   2.7627762769243783E-002   0.0000000000000000     
   2.7625276252059216E-003   0.0000000000000000     
   2.7625027624957299E-004   0.0000000000000000     
   2.7625002762493251E-005   0.0000000000000000     
   2.7625000276249312E-006   0.0000000000000000     
   2.7625000027624932E-007   0.0000000000000000     
   2.7625000002762500E-008   0.0000000000000000     
 comp:           1
   2.1888409817937039E-002   0.0000000000000000     
   2.0869779899478896E-003   0.0000000000000000     
   2.0775559193002448E-004   0.0000000000000000     
   2.0766207151478389E-005   0.0000000000000000     
   2.0765272641784535E-006   0.0000000000000000     
   2.0765179197753954E-007   0.0000000000000000     
   2.0765169853420279E-008   0.0000000000000000     
   2.0765168918987606E-009   0.0000000000000000     
   2.0765168825544345E-010   0.0000000000000000     
   2.0765168816200021E-011   0.0000000000000000     
 comp:           2
   6.1954483405093852E-002   0.0000000000000000     
   5.9071282162793870E-003   0.0000000000000000     
   5.8804593296660353E-004   0.0000000000000000     
   5.8778122625367860E-005   0.0000000000000000     
   5.8775477523882584E-006   0.0000000000000000     
   5.8775213033374136E-007   0.0000000000000000     
   5.8775186584519684E-008   0.0000000000000000     
   5.8775183939636198E-009   0.0000000000000000     
   5.8775183675147871E-010   0.0000000000000000     
   5.8775183648699045E-011   0.0000000000000000     
 comp:           3
   30.694366083197213        0.0000000000000000     
   2.7903969362082024        0.0000000000000000     
  0.27652582252472080        0.0000000000000000     
   2.7627692439480971E-002   0.0000000000000000     
   2.7625205922296417E-003   0.0000000000000000     
   2.7624957295194495E-004   0.0000000000000000     
   2.7624932432730448E-005   0.0000000000000000     
   2.7624929946486506E-006   0.0000000000000000     
   2.7624929697862130E-007   0.0000000000000000     
   2.7624929672999700E-008   0.0000000000000000     
 
 part: i_fks reduced
 comp:           0
   1.0540925533894596        291.19306787383823        276.25000000000000     
   1.0050378152592121        277.64169646535731        276.25000000000000     
   1.0005003753127737        276.38822868015376        276.25000000000000     
   1.0000500037503124        276.26381353602380        276.25000000000000     
   1.0000050000375003        276.25138126035944        276.25000000000000     
   1.0000005000003749        276.25013812510355        276.25000000000000     
   1.0000000500000037        276.25001381250104        276.25000000000000     
   1.0000000050000000        276.25000138125000        276.25000000000000     
   1.0000000004999998        276.25000013812496        276.25000000000000     
   1.0000000000500000        276.25000001381250        276.25000000000000     
 comp:           1
   1.0540925533894596       0.21888409817937038       0.20765168815161758     
   1.0050378152592121       0.20869779899478894       0.20765168815161758     
   1.0005003753127737       0.20775559193002444       0.20765168815161758     
   1.0000500037503124       0.20766207151478386       0.20765168815161758     
   1.0000050000375003       0.20765272641784532       0.20765168815161758     
   1.0000005000003749       0.20765179197753950       0.20765168815161758     
   1.0000000500000037       0.20765169853420276       0.20765168815161758     
   1.0000000050000000       0.20765168918987603       0.20765168815161758     
   1.0000000004999998       0.20765168825544339       0.20765168815161758     
   1.0000000000500000       0.20765168816200016       0.20765168815161758     
 comp:           2
   1.0540925533894596       0.61954483405093852       0.58775183645760265     
   1.0050378152592121       0.59071282162793870       0.58775183645760265     
   1.0005003753127739       0.58804593296660357       0.58775183645760265     
   1.0000500037503124       0.58778122625367857       0.58775183645760265     
   1.0000050000375003       0.58775477523882580       0.58775183645760265     
   1.0000005000003749       0.58775213033374119       0.58775183645760265     
   1.0000000500000037       0.58775186584519667       0.58775183645760265     
   1.0000000050000002       0.58775183939636189       0.58775183645760265     
   1.0000000005000000       0.58775183675147857       0.58775183645760265     
   1.0000000000500000       0.58775183648699025       0.58775183645760265     
 comp:           3
   1.1111111032534862        306.94366083197212        276.24929670237196     
   1.0101010100360712        279.03969362082023        276.24929670237196     
   1.0010010010003636        276.52582252472075        276.24929670237196     
   1.0001000100009936        276.27692439480967        276.24929670237196     
   1.0000100001000010        276.25205922296419        276.24929670237196     
   1.0000010000010000        276.24957295194491        276.24929670237196     
   1.0000001000000103        276.24932432730446        276.24929670237196     
   1.0000000100000004        276.24929946486503        276.24929670237196     
   1.0000000010000001        276.24929697862126        276.24929670237196     
   1.0000000001000000        276.24929672999690        276.24929670237196     
 
 part: i_fks full/reduced
 comp:           0
  0.10540922775767476        30.694436412969459        291.19306787383823     
   1.0050377896076370E-002   2.7904039691845721        277.64169646535731     
   1.0005003727649921E-003  0.27652652582234971        276.38822868015376     
   1.0000500034957066E-004   2.7627762769243783E-002   276.26381353602380     
   1.0000050000120413E-005   2.7625276252059216E-003   276.25138126035944     
   1.0000004999978293E-006   2.7625027624957299E-004   276.25013812510355     
   1.0000000499997495E-007   2.7625002762493251E-005   276.25001381250104     
   1.0000000049999751E-008   2.7625000276249312E-006   276.25000138125000     
   1.0000000004999977E-009   2.7625000027624932E-007   276.25000013812496     
   1.0000000000500000E-010   2.7625000002762500E-008   276.25000001381250     
 comp:           1
  0.10000000000000001        2.1888409817937039E-002  0.21888409817937038     
   1.0000000000000000E-002   2.0869779899478896E-003  0.20869779899478894     
   1.0000000000000002E-003   2.0775559193002448E-004  0.20775559193002444     
   1.0000000000000002E-004   2.0766207151478389E-005  0.20766207151478386     
   1.0000000000000001E-005   2.0765272641784535E-006  0.20765272641784532     
   1.0000000000000002E-006   2.0765179197753954E-007  0.20765179197753950     
   1.0000000000000001E-007   2.0765169853420279E-008  0.20765169853420276     
   1.0000000000000002E-008   2.0765168918987606E-009  0.20765168918987603     
   1.0000000000000003E-009   2.0765168825544345E-010  0.20765168825544339     
   1.0000000000000003E-010   2.0765168816200021E-011  0.20765168816200016     
 comp:           2
  0.10000000000000001        6.1954483405093852E-002  0.61954483405093852     
   1.0000000000000000E-002   5.9071282162793870E-003  0.59071282162793870     
   1.0000000000000000E-003   5.8804593296660353E-004  0.58804593296660357     
   1.0000000000000000E-004   5.8778122625367860E-005  0.58778122625367857     
   1.0000000000000001E-005   5.8775477523882584E-006  0.58775477523882580     
   1.0000000000000004E-006   5.8775213033374136E-007  0.58775213033374119     
   1.0000000000000002E-007   5.8775186584519684E-008  0.58775186584519667     
   1.0000000000000002E-008   5.8775183939636198E-009  0.58775183939636189     
   1.0000000000000003E-009   5.8775183675147871E-010  0.58775183675147857     
   1.0000000000000003E-010   5.8775183648699045E-011  0.58775183648699025     
 comp:           3
  0.10000000000000001        30.694366083197213        306.94366083197212     
   1.0000000000000000E-002   2.7903969362082024        279.03969362082023     
   1.0000000000000002E-003  0.27652582252472080        276.52582252472075     
   1.0000000000000002E-004   2.7627692439480971E-002   276.27692439480967     
   9.9999999999999991E-006   2.7625205922296417E-003   276.25205922296419     
   1.0000000000000002E-006   2.7624957295194495E-004   276.24957295194491     
   1.0000000000000001E-007   2.7624932432730448E-005   276.24932432730446     
   1.0000000000000002E-008   2.7624929946486506E-006   276.24929946486503     
   1.0000000000000001E-009   2.7624929697862130E-007   276.24929697862126     
   1.0000000000000003E-010   2.7624929672999700E-008   276.24929672999690     
