     
 Collinear #          14
 
 part:           1
 comp:           0
   1.0000000473744513        276.25001308719214        276.25000000000000     
   1.0000000045394084        276.25000125401158        276.25000000000000     
   1.0000000004520506        276.25000012487897        276.25000000000000     
   1.0000000000451863        276.25000001248270        276.25000000000000     
   1.0000000000045182        276.25000000124817        276.25000000000000     
   1.0000000000004519        276.25000000012483        276.25000000000000     
   1.0000000000000451        276.25000000001245        276.25000000000000     
   1.0000000000000044        276.25000000000125        276.25000000000000     
   1.0000000000000007        276.25000000000017        276.25000000000000     
   1.0000000000000000        276.25000000000000        276.25000000000000     
 comp:           1
   0.0000000000000000        0.0000000000000000     
   0.0000000000000000        0.0000000000000000     
   0.0000000000000000        0.0000000000000000     
   0.0000000000000000        0.0000000000000000     
   0.0000000000000000        0.0000000000000000     
   0.0000000000000000        0.0000000000000000     
   0.0000000000000000        0.0000000000000000     
   0.0000000000000000        0.0000000000000000     
   0.0000000000000000        0.0000000000000000     
   0.0000000000000000        0.0000000000000000     
 comp:           2
   0.0000000000000000        0.0000000000000000     
   0.0000000000000000        0.0000000000000000     
   0.0000000000000000        0.0000000000000000     
   0.0000000000000000        0.0000000000000000     
   0.0000000000000000        0.0000000000000000     
   0.0000000000000000        0.0000000000000000     
   0.0000000000000000        0.0000000000000000     
   0.0000000000000000        0.0000000000000000     
   0.0000000000000000        0.0000000000000000     
   0.0000000000000000        0.0000000000000000     
 comp:           3
   1.0000000473744513        276.25001308719214        276.25000000000000     
   1.0000000045394084        276.25000125401158        276.25000000000000     
   1.0000000004520506        276.25000012487897        276.25000000000000     
   1.0000000000451863        276.25000001248270        276.25000000000000     
   1.0000000000045182        276.25000000124817        276.25000000000000     
   1.0000000000004519        276.25000000012483        276.25000000000000     
   1.0000000000000451        276.25000000001245        276.25000000000000     
   1.0000000000000044        276.25000000000125        276.25000000000000     
   1.0000000000000007        276.25000000000017        276.25000000000000     
   1.0000000000000000        276.25000000000000        276.25000000000000     
 
 part:           2
 comp:           0
  0.99999999643167359        276.25024865675636        276.25024964250741     
  0.99999999965940689        276.25024954841848        276.25024964250741     
  0.99999999996609523        276.25024963314121        276.25024964250741     
  0.99999999999661138        276.25024964157132        276.25024964250741     
  0.99999999999966105        276.25024964241379        276.25024964250741     
  0.99999999999996625        276.25024964249809        276.25024964250741     
  0.99999999999999689        276.25024964250656        276.25024964250741     
  0.99999999999999956        276.25024964250730        276.25024964250741     
   1.0000000000000002        276.25024964250747        276.25024964250741     
   1.0000000000000000        276.25024964250741        276.25024964250741     
 comp:           1
   0.0000000000000000        0.0000000000000000     
   0.0000000000000000        0.0000000000000000     
   0.0000000000000000        0.0000000000000000     
   0.0000000000000000        0.0000000000000000     
   0.0000000000000000        0.0000000000000000     
   0.0000000000000000        0.0000000000000000     
   0.0000000000000000        0.0000000000000000     
   0.0000000000000000        0.0000000000000000     
   0.0000000000000000        0.0000000000000000     
   0.0000000000000000        0.0000000000000000     
 comp:           2
   0.0000000000000000        0.0000000000000000     
   0.0000000000000000        0.0000000000000000     
   0.0000000000000000        0.0000000000000000     
   0.0000000000000000        0.0000000000000000     
   0.0000000000000000        0.0000000000000000     
   0.0000000000000000        0.0000000000000000     
   0.0000000000000000        0.0000000000000000     
   0.0000000000000000        0.0000000000000000     
   0.0000000000000000        0.0000000000000000     
   0.0000000000000000        0.0000000000000000     
 comp:           3
  0.99999999643167359       -276.25024865675636       -276.25024964250741     
  0.99999999965940689       -276.25024954841848       -276.25024964250741     
  0.99999999996609523       -276.25024963314121       -276.25024964250741     
  0.99999999999661138       -276.25024964157132       -276.25024964250741     
  0.99999999999966105       -276.25024964241379       -276.25024964250741     
  0.99999999999996625       -276.25024964249809       -276.25024964250741     
  0.99999999999999689       -276.25024964250656       -276.25024964250741     
  0.99999999999999956       -276.25024964250730       -276.25024964250741     
   1.0000000000000002       -276.25024964250747       -276.25024964250741     
   1.0000000000000000       -276.25024964250741       -276.25024964250741     
 
 part:           3
 comp:           0
  0.99999989449249604        162.30638457023309        162.30640169477641     
  0.99999996728188867        162.30639638441750        162.30640169477641     
  0.99999998967343684        162.30640001870910        162.30640169477641     
  0.99999999673507856        162.30640116485876        162.30640169477641     
  0.99999999896756109        162.30640152720497        162.30640169477641     
  0.99999999967351472        162.30640164178575        162.30640169477641     
  0.99999999989675636        162.30640167801931        162.30640169477641     
  0.99999999996735134        162.30640168947733        162.30640169477641     
  0.99999999998967559        162.30640169310070        162.30640169477641     
  0.99999999999673517        162.30640169424652        162.30640169477641     
 comp:           1
  0.99999987355851616        126.77142031613926        126.77143634530778     
  0.99999996079021880        126.77143137462750        126.77143634530778     
  0.99999998762452191        126.77143477645065        126.77143634530778     
  0.99999999608727885        126.77143584928649        126.77143634530778     
  0.99999999876271262        126.77143618845508        126.77143634530778     
  0.99999999960873609        126.77143629570669        126.77143634530778     
  0.99999999987627153        126.77143632962255        126.77143634530778     
  0.99999999996087352        126.77143634034766        126.77143634530778     
  0.99999999998762712        126.77143634373925        126.77143634530778     
  0.99999999999608735        126.77143634481176        126.77143634530778     
 comp:           2
  0.99999884073995460       -25.391045584966317       -25.391075019825099     
  0.99999964051092016       -25.391065892010904       -25.391075019825099     
  0.99999988653725957       -25.391072138884144       -25.391075019825099     
  0.99999996412679382       -25.391074108965828       -25.391075019825099     
  0.99999998865611384       -25.391074731791633       -25.391075019825099     
  0.99999999641275483       -25.391074928741087       -25.391075019825099     
  0.99999999886561364       -25.391074991021810       -25.391075019825099     
  0.99999999964127517       -25.391075010716690       -25.391075019825099     
  0.99999999988656141       -25.391075016944772       -25.391075019825099     
  0.99999999996412747       -25.391075018914258       -25.391075019825099     
 comp:           3
   1.0000000000000000       -98.120661776158585       -98.120661776158585     
   1.0000000000000000       -98.120661776158585       -98.120661776158585     
   1.0000000000000000       -98.120661776158585       -98.120661776158585     
   1.0000000000000000       -98.120661776158585       -98.120661776158585     
   1.0000000000000000       -98.120661776158585       -98.120661776158585     
   1.0000000000000000       -98.120661776158585       -98.120661776158585     
   1.0000000000000000       -98.120661776158585       -98.120661776158585     
   1.0000000000000000       -98.120661776158585       -98.120661776158585     
   1.0000000000000000       -98.120661776158585       -98.120661776158585     
   1.0000000000000000       -98.120661776158585       -98.120661776158585     
 
 part:           4
 comp:           0
  0.99999986921482775        22.200673777512783        22.200676681032107     
  0.99999995944322861        22.200675780644339        22.200676681032107     
  0.99999998719938155        22.200676396849715        22.200676681032107     
  0.99999999595286326        22.200676591182933        22.200676681032107     
  0.99999999872020773        22.200676652619851        22.200676681032107     
  0.99999999959529484        22.200676672047379        22.200676681032107     
  0.99999999987202104        22.200676678190888        22.200676681032107     
  0.99999999995952926        22.200676680133629        22.200676681032107     
  0.99999999998720213        22.200676680747986        22.200676681032107     
  0.99999999999595290        22.200676680942259        22.200676681032107     
 comp:           1
  0.99999983655497826        13.414354631414177        13.414356823924020     
  0.99999994931534020        13.414356144021909        13.414356823924020     
  0.99999998400279522        13.414356609331808        13.414356823924020     
  0.99999999494220726        13.414356756076984        13.414356823924020     
  0.99999999840061626        13.414356802469316        13.414356823924020     
  0.99999999949423135        13.414356817139460        13.414356823924020     
  0.99999999984006194        13.414356821778554        13.414356823924020     
  0.99999999994942312        13.414356823245564        13.414356823924020     
  0.99999999998400624        13.414356823709474        13.414356823924020     
  0.99999999999494227        13.414356823856174        13.414356823924020     
 comp:           2
  0.99999953750236992       -8.7052811330335818       -8.7052851592073370     
  0.99999985657847057       -8.7052839106820255       -8.7052851592073370     
  0.99999995473297887       -8.7052847651450094       -8.7052851592073370     
  0.99999998568804893       -8.7052850346177220       -8.7052851592073370     
  0.99999999547425056       -8.7052851198093979       -8.7052851592073370     
  0.99999999856883504       -8.7052851467486381       -8.7052851592073370     
  0.99999999954742602       -8.7052851552675516       -8.7052851592073370     
  0.99999999985688337       -8.7052851579614661       -8.7052851592073370     
  0.99999999995474265       -8.7052851588133588       -8.7052851592073370     
  0.99999999998568845       -8.7052851590827505       -8.7052851592073370     
 comp:           3
   1.0000000000000000        15.399450847126040        15.399450847126040     
   1.0000000000000000        15.399450847126040        15.399450847126040     
   1.0000000000000000        15.399450847126040        15.399450847126040     
   1.0000000000000000        15.399450847126040        15.399450847126040     
   1.0000000000000000        15.399450847126040        15.399450847126040     
   1.0000000000000000        15.399450847126040        15.399450847126040     
   1.0000000000000000        15.399450847126040        15.399450847126040     
   1.0000000000000000        15.399450847126040        15.399450847126040     
   1.0000000000000000        15.399450847126040        15.399450847126040     
   1.0000000000000000        15.399450847126040        15.399450847126040     
 
 part:           5
 comp:           0
  0.99999998595622486        222.98901446499363        222.98901759660126     
  0.99999999564499031        222.98901662548192        222.98901759660126     
  0.99999999862546174        222.98901729009432        222.98901759660126     
  0.99999999956541585        222.98901749969377        222.98901759660126     
  0.99999999986257526        222.98901756595706        222.98901759660126     
  0.99999999995654243        222.98901758691071        222.98901759660126     
  0.99999999998625744        222.98901759353683        222.98901759660126     
  0.99999999999565403        222.98901759563216        222.98901759660126     
  0.99999999999862577        222.98901759629481        222.98901759660126     
  0.99999999999956535        222.98901759650434        222.98901759660126     
 comp:           1
   1.0000001328642323       -165.74896098314869       -165.74893896104317     
   1.0000000412014882       -165.74894579014614       -165.74893896104317     
   1.0000000130041049       -165.74894111645975       -165.74893896104317     
   1.0000000041114725       -165.74893964251538       -165.74893896104317     
   1.0000000013001369       -165.74893917653947       -165.74893896104317     
   1.0000000004111387       -165.74893902918896       -165.74893896104317     
   1.0000000001300136       -165.74893898259276       -165.74893896104317     
   1.0000000000411140       -165.74893896785775       -165.74893896104317     
   1.0000000000130014       -165.74893896319813       -165.74893896104317     
   1.0000000000041114       -165.74893896172463       -165.74893896104317     
 comp:           2
  0.99999962391627162       -107.52887298389243       -107.52891342376709     
  0.99999988337561552       -107.52890088327375       -107.52891342376709     
  0.99999996319075357       -107.52890946570882       -107.52891342376709     
  0.99999998836212067       -107.52891217235857       -107.52891342376709     
  0.99999999631984982       -107.52891302804454       -107.52891342376709     
  0.99999999883623658       -107.52891329862888       -107.52891342376709     
  0.99999999963198571       -107.52891338419492       -107.52891342376709     
  0.99999999988362365       -107.52891341125327       -107.52891342376709     
  0.99999999996319866       -107.52891341980988       -107.52891342376709     
  0.99999999998836242       -107.52891342251571       -107.52891342376709     
 comp:           3
   1.0000000000000000        64.974672184776750        64.974672184776750     
   1.0000000000000000        64.974672184776750        64.974672184776750     
   1.0000000000000000        64.974672184776750        64.974672184776750     
   1.0000000000000000        64.974672184776750        64.974672184776750     
   1.0000000000000000        64.974672184776750        64.974672184776750     
   1.0000000000000000        64.974672184776750        64.974672184776750     
   1.0000000000000000        64.974672184776750        64.974672184776750     
   1.0000000000000000        64.974672184776750        64.974672184776750     
   1.0000000000000000        64.974672184776750        64.974672184776750     
   1.0000000000000000        64.974672184776750        64.974672184776750     
 
 part:           6
 comp:           0
   1.0484750348499889        2.6174393670977490E-004   2.4964250746058446E-004
   1.0046463299246080        2.5080242891345277E-004   2.4964250746058446E-004
   1.0004627119869867        2.4975802004124789E-004   2.4964250746058446E-004
   1.0000462520752831        2.4965405394463341E-004   2.4964250746058446E-004
   1.0000046250163810        2.4964366206127085E-004   2.4964250746058446E-004
   1.0000004624997263        2.4964262292017584E-004   2.4964250746058446E-004
   1.0000000462499536        2.4964251900653887E-004   2.4964250746058446E-004
   1.0000000046249955        2.4964250861517993E-004   2.4964250746058446E-004
   1.0000000004624994        2.4964250757604397E-004   2.4964250746058446E-004
   1.0000000000462494        2.4964250747213030E-004   2.4964250746058446E-004
 comp:           1
   5.4564182195997440E-005   0.0000000000000000     
   1.6920471846285497E-005   0.0000000000000000     
   5.3404767726565072E-006   0.0000000000000000     
   1.6884840137333896E-006   0.0000000000000000     
   5.3393531576932167E-007   0.0000000000000000     
   1.6884484918989000E-007   0.0000000000000000     
   5.3393419237216095E-008   0.0000000000000000     
   1.6884481404343087E-008   0.0000000000000000     
   5.3393417385249812E-009   0.0000000000000000     
   1.6884482029990955E-009   0.0000000000000000     
 comp:           2
  -1.0019789832174681E-004  -0.0000000000000000     
  -3.1071586696198291E-005  -0.0000000000000000     
  -9.8068829609534577E-006  -0.0000000000000000     
  -3.1006155085077687E-006  -0.0000000000000000     
  -9.8048196319835445E-007  -0.0000000000000000     
  -3.1005502786625263E-007  -0.0000000000000000     
  -9.8047990026934214E-008  -0.0000000000000000     
  -3.1005496332572086E-008  -0.0000000000000000     
  -9.8047986626111165E-009  -0.0000000000000000     
  -3.1005497481468647E-009  -0.0000000000000000     
 comp:           3
  0.94362761630224434       -2.3556956424274658E-004  -2.4964250746058446E-004
  0.99459987560999941       -2.4829440686726566E-004  -2.4964250746058446E-004
  0.99946225017816226       -2.4950826224667442E-004  -2.4964250746058446E-004
  0.99994624754043870       -2.4962908856179740E-004  -2.4964250746058446E-004
  0.99999462497916791       -2.4964116562690628E-004  -2.4964250746058446E-004
  0.99999946250016758       -2.4964237327777854E-004  -2.4964250746058446E-004
  0.99999994625003952       -2.4964249404230956E-004  -2.4964250746058446E-004
  0.99999999462500444       -2.4964250611875710E-004  -2.4964250746058446E-004
  0.99999999946250040       -2.4964250732640171E-004  -2.4964250746058446E-004
  0.99999999994624944       -2.4964250744716605E-004  -2.4964250746058446E-004
 
 part:           7
 comp:           0
   1.0000001597176449        145.00392718727230        145.00390402759024     
   1.0000000495287853        145.00391120945747        145.00390402759024     
   1.0000000156323843        145.00390629434699        145.00390402759024     
   1.0000000049424485        145.00390474426456        145.00390402759024     
   1.0000000015629096        145.00390425421824        145.00390402759024     
   1.0000000004942344        145.00390409925618        145.00390402759024     
   1.0000000001562908        145.00390405025300        145.00390402759024     
   1.0000000000494231        145.00390403475680        145.00390402759024     
   1.0000000000156291        145.00390402985650        145.00390402759024     
   1.0000000000049423        145.00390402830689        145.00390402759024     
 comp:           1
  0.99999943980297124        25.563131471413048        25.563145791811365     
  0.99999982628168937        25.563141351024864        25.563145791811365     
  0.99999994517064339        25.563144390200527        25.563145791811365     
  0.99999998266475165        25.563145348667884        25.563145791811365     
  0.99999999451821753        25.563145651679761        25.563145791811365     
  0.99999999826651154        25.563145747497948        25.563145791811365     
  0.99999999945182305        25.563145777798237        25.563145791811365     
  0.99999999982665144        25.563145787380030        25.563145791811365     
  0.99999999994518218        25.563145790410051        25.563145791811365     
  0.99999999998266509        25.563145791368232        25.563145791811365     
 comp:           2
   1.0000001856800729        141.62529989979063        141.62527360279952     
   1.0000000575797923        141.62528175755335        141.62527360279952     
   1.0000000181734612        141.62527617662093        141.62527360279952     
   1.0000000057458538        141.62527441655763        141.62527360279952     
   1.0000000018169639        141.62527386012752        141.62527360279952     
   1.0000000005745733        141.62527368417364        141.62527360279952     
   1.0000000001816960        141.62527362853226        141.62527360279952     
   1.0000000000574572        141.62527361093692        141.62527360279952     
   1.0000000000181697        141.62527360537280        141.62527360279952     
   1.0000000000057458        141.62527360361327        141.62527360279952     
 comp:           3
   1.0000000000000000        17.746538744255759        17.746538744255759     
   1.0000000000000000        17.746538744255759        17.746538744255759     
   1.0000000000000000        17.746538744255759        17.746538744255759     
   1.0000000000000000        17.746538744255759        17.746538744255759     
   1.0000000000000000        17.746538744255759        17.746538744255759     
   1.0000000000000000        17.746538744255759        17.746538744255759     
   1.0000000000000000        17.746538744255759        17.746538744255759     
   1.0000000000000000        17.746538744255759        17.746538744255759     
   1.0000000000000000        17.746538744255759        17.746538744255759     
   1.0000000000000000        17.746538744255759        17.746538744255759     
 
 part: i_fks+j_fks
 comp:           0
   1.0000000402376765        276.25051040069309        276.25049928501488     
   1.0000000038582102        276.25050035084740        276.25049928501488     
   1.0000000003842395        276.25049939116127        276.25049928501488     
   1.0000000000384086        276.25049929562527        276.25049928501488     
   1.0000000000038407        276.25049928607586        276.25049928501488     
   1.0000000000003841        276.25049928512101        276.25049928501488     
   1.0000000000000386        276.25049928502557        276.25049928501488     
   1.0000000000000038        276.25049928501591        276.25049928501488     
   1.0000000000000007        276.25049928501505        276.25049928501488     
   1.0000000000000000        276.25049928501488        276.25049928501488     
 comp:           1
   5.4564182195997440E-005   0.0000000000000000     
   1.6920471846285497E-005   0.0000000000000000     
   5.3404767726565072E-006   0.0000000000000000     
   1.6884840137333896E-006   0.0000000000000000     
   5.3393531576932167E-007   0.0000000000000000     
   1.6884484918989000E-007   0.0000000000000000     
   5.3393419237216095E-008   0.0000000000000000     
   1.6884481404343087E-008   0.0000000000000000     
   5.3393417385249812E-009   0.0000000000000000     
   1.6884482029990955E-009   0.0000000000000000     
 comp:           2
  -1.0019789832174681E-004   0.0000000000000000     
  -3.1071586696198291E-005   0.0000000000000000     
  -9.8068829609534577E-006   0.0000000000000000     
  -3.1006155085077687E-006   0.0000000000000000     
  -9.8048196319835445E-007   0.0000000000000000     
  -3.1005502786625263E-007   0.0000000000000000     
  -9.8047990026934214E-008   0.0000000000000000     
  -3.1005496332572086E-008   0.0000000000000000     
  -9.8047986626111165E-009   0.0000000000000000     
  -3.1005497481468647E-009   0.0000000000000000     
 comp:           3
  0.99999994548898807       -276.25048422632062       -276.25049928501488     
  0.99999999477941370       -276.25049784282533       -276.25049928501488     
  0.99999999948014051       -276.25049914140345       -276.25049928501488     
  0.99999999994803623       -276.25049927065987       -276.25049928501488     
  0.99999999999480371       -276.25049928357942       -276.25049928501488     
  0.99999999999948042       -276.25049928487135       -276.25049928501488     
  0.99999999999994837       -276.25049928500061       -276.25049928501488     
  0.99999999999999467       -276.25049928501340       -276.25049928501488     
  0.99999999999999956       -276.25049928501477       -276.25049928501488     
   1.0000000000000000       -276.25049928501488       -276.25049928501488     
