     
 Soft #          91
 
 part:           1
 comp:           0
   1.0000000758279013        276.25002094745776        276.25000000000000     
   1.0000000072199768        276.25000199451858        276.25000000000000     
   1.0000000007187293        276.25000019854895        276.25000000000000     
   1.0000000000718405        276.25000001984597        276.25000000000000     
   1.0000000000071836        276.25000000198446        276.25000000000000     
   1.0000000000007181        276.25000000019838        276.25000000000000     
   1.0000000000000719        276.25000000001990        276.25000000000000     
   1.0000000000000073        276.25000000000205        276.25000000000000     
   1.0000000000000007        276.25000000000017        276.25000000000000     
   1.0000000000000000        276.25000000000000        276.25000000000000     
 comp:           1
   0.0000000000000000        0.0000000000000000     
   0.0000000000000000        0.0000000000000000     
   0.0000000000000000        0.0000000000000000     
   0.0000000000000000        0.0000000000000000     
   0.0000000000000000        0.0000000000000000     
   0.0000000000000000        0.0000000000000000     
   0.0000000000000000        0.0000000000000000     
   0.0000000000000000        0.0000000000000000     
   0.0000000000000000        0.0000000000000000     
   0.0000000000000000        0.0000000000000000     
 comp:           2
   0.0000000000000000        0.0000000000000000     
   0.0000000000000000        0.0000000000000000     
   0.0000000000000000        0.0000000000000000     
   0.0000000000000000        0.0000000000000000     
   0.0000000000000000        0.0000000000000000     
   0.0000000000000000        0.0000000000000000     
   0.0000000000000000        0.0000000000000000     
   0.0000000000000000        0.0000000000000000     
   0.0000000000000000        0.0000000000000000     
   0.0000000000000000        0.0000000000000000     
 comp:           3
   1.0000000758279013        276.25002094745776        276.25000000000000     
   1.0000000072199768        276.25000199451858        276.25000000000000     
   1.0000000007187293        276.25000019854895        276.25000000000000     
   1.0000000000718405        276.25000001984597        276.25000000000000     
   1.0000000000071836        276.25000000198446        276.25000000000000     
   1.0000000000007181        276.25000000019838        276.25000000000000     
   1.0000000000000719        276.25000000001990        276.25000000000000     
   1.0000000000000073        276.25000000000205        276.25000000000000     
   1.0000000000000007        276.25000000000017        276.25000000000000     
   1.0000000000000000        276.25000000000000        276.25000000000000     
 
 part:           2
 comp:           0
   1.1111110268578932        306.94442116949301        276.25000000000000     
   1.0101010028081039        279.04040202573873        276.25000000000000     
   1.0010010002815526        276.52652632777892        276.25000000000000     
   1.0001000099291524        276.27762774292836        276.25000000000000     
   1.0000100000928172        276.25276252564072        276.25000000000000     
   1.0000010000002812        276.25027625007772        276.25000000000000     
   1.0000000999999381        276.25002762498292        276.25000000000000     
   1.0000000099999931        276.25000276249807        276.25000000000000     
   1.0000000009999992        276.25000027624981        276.25000000000000     
   1.0000000001000000        276.25000002762499        276.25000000000000     
 comp:           1
   0.0000000000000000        0.0000000000000000     
   0.0000000000000000        0.0000000000000000     
   0.0000000000000000        0.0000000000000000     
   0.0000000000000000        0.0000000000000000     
   0.0000000000000000        0.0000000000000000     
   0.0000000000000000        0.0000000000000000     
   0.0000000000000000        0.0000000000000000     
   0.0000000000000000        0.0000000000000000     
   0.0000000000000000        0.0000000000000000     
   0.0000000000000000        0.0000000000000000     
 comp:           2
   0.0000000000000000        0.0000000000000000     
   0.0000000000000000        0.0000000000000000     
   0.0000000000000000        0.0000000000000000     
   0.0000000000000000        0.0000000000000000     
   0.0000000000000000        0.0000000000000000     
   0.0000000000000000        0.0000000000000000     
   0.0000000000000000        0.0000000000000000     
   0.0000000000000000        0.0000000000000000     
   0.0000000000000000        0.0000000000000000     
   0.0000000000000000        0.0000000000000000     
 comp:           3
   1.1111110268578932       -306.94442116949301       -276.25000000000000     
   1.0101010028081039       -279.04040202573873       -276.25000000000000     
   1.0010010002815526       -276.52652632777892       -276.25000000000000     
   1.0001000099291524       -276.27762774292836       -276.25000000000000     
   1.0000100000928172       -276.25276252564072       -276.25000000000000     
   1.0000010000002812       -276.25027625007772       -276.25000000000000     
   1.0000000999999381       -276.25002762498292       -276.25000000000000     
   1.0000000099999931       -276.25000276249807       -276.25000000000000     
   1.0000000009999992       -276.25000027624981       -276.25000000000000     
   1.0000000001000000       -276.25000002762499       -276.25000000000000     
 
 part:           3
 comp:           0
  0.99995866504385822        86.216152779761842        86.219716667968868     
  0.99999605852232942        86.219376834880862        86.219716667968868     
  0.99999960762843798        86.219682837803958        86.219716667968868     
  0.99999996078047393        86.219713286472441        86.219716667968868     
  0.99999999607822354        86.219716329834412        86.219716667968868     
  0.99999999960782415        86.219716634155574        86.219716667968868     
  0.99999999996078237        86.219716664587537        86.219716667968868     
  0.99999999999607825        86.219716667630735        86.219716667968868     
  0.99999999999960787        86.219716667935060        86.219716667968868     
  0.99999999999996081        86.219716667965486        86.219716667968868     
 comp:           1
  0.99975590889733057        26.165715021223800        26.172103398801593     
  0.99997672639133639        26.171494279509186        26.172103398801593     
  0.99999768314234838        26.172042761763574        26.172103398801593     
  0.99999976841848637        26.172097337826273        26.172103398801593     
  0.99999997684289033        26.172102792731323        26.172103398801593     
  0.99999999768429937        26.172103338194837        26.172103398801593     
  0.99999999976843001        26.172103392740919        26.172103398801593     
  0.99999999997684297        26.172103398195524        26.172103398801593     
  0.99999999999768430        26.172103398740987        26.172103398801593     
  0.99999999999976841        26.172103398795532        26.172103398801593     
 comp:           2
  0.99986779640659906        32.549580477478465        32.553884217951236     
  0.99998739464624864        32.553473864724687        32.553884217951236     
  0.99999874515333165        32.553843367818082        32.553884217951236     
  0.99999987457179740        32.553880134776051        32.553884217951236     
  0.99999998745774399        32.553883809652085        32.553884217951236     
  0.99999999874578005        32.553884177121503        32.553884217951236     
  0.99999999987457810        32.553884213868265        32.553884217951236     
  0.99999999998745770        32.553884217542937        32.553884217951236     
  0.99999999999874589        32.553884217910408        32.553884217951236     
  0.99999999999987454        32.553884217947150        32.553884217951236     
 comp:           3
   1.0000000000000000       -75.405221565296770       -75.405221565296770     
   1.0000000000000000       -75.405221565296770       -75.405221565296770     
   1.0000000000000000       -75.405221565296770       -75.405221565296770     
   1.0000000000000000       -75.405221565296770       -75.405221565296770     
   1.0000000000000000       -75.405221565296770       -75.405221565296770     
   1.0000000000000000       -75.405221565296770       -75.405221565296770     
   1.0000000000000000       -75.405221565296770       -75.405221565296770     
   1.0000000000000000       -75.405221565296770       -75.405221565296770     
   1.0000000000000000       -75.405221565296770       -75.405221565296770     
   1.0000000000000000       -75.405221565296770       -75.405221565296770     
 
 part:           4
 comp:           0
  0.99999883280912139        189.93351454778849        189.93373623671297     
  0.99999988836847664        189.93371503412067        189.93373623671297     
  0.99999998888399355        189.93373412540834        189.93373623671297     
  0.99999999888886737        189.93373602567141        189.93373623671297     
  0.99999999988889143        189.93373621560971        189.93373623671297     
  0.99999999998888922        189.93373623460266        189.93373623671297     
  0.99999999999888889        189.93373623650194        189.93373623671297     
  0.99999999999988887        189.93373623669186        189.93373623671297     
  0.99999999999998890        189.93373623671087        189.93373623671297     
  0.99999999999999900        189.93373623671278        189.93373623671297     
 comp:           1
   1.0002404289367746       -58.548057100813821       -58.533983837314636     
   1.0000229240118028       -58.535325671050991       -58.533983837314636     
   1.0000022820518013       -58.534117414897885       -58.533983837314636     
   1.0000002281024556       -58.533997189060081       -58.533983837314636     
   1.0000000228092192       -58.533985172429098       -58.533983837314636     
   1.0000000022809117       -58.533983970825481       -58.533983837314636     
   1.0000000002280911       -58.533983850665713       -58.533983837314636     
   1.0000000000228091       -58.533983838649746       -58.533983837314636     
   1.0000000000022808       -58.533983837448147       -58.533983837314636     
   1.0000000000002280       -58.533983837327987       -58.533983837314636     
 comp:           2
  0.99989620521002720        91.333412074942245        91.342892991335788     
  0.99999010354983764        91.341989020947608        91.342892991335788     
  0.99999901482288045        91.342803002407578        91.342892991335788     
  0.99999990152663498        91.342883996493740        91.342892991335788     
  0.99999999015310659        91.342892091892054        91.342892991335788     
  0.99999999901531511        91.342892901391821        91.342892991335788     
  0.99999999990153154        91.342892982341397        91.342892991335788     
  0.99999999999015321        91.342892990436354        91.342892991335788     
  0.99999999999901534        91.342892991245847        91.342892991335788     
  0.99999999999990152        91.342892991326792        91.342892991335788     
 comp:           3
   1.0000000000000000       -155.90084283589889       -155.90084283589889     
   1.0000000000000000       -155.90084283589889       -155.90084283589889     
   1.0000000000000000       -155.90084283589889       -155.90084283589889     
   1.0000000000000000       -155.90084283589889       -155.90084283589889     
   1.0000000000000000       -155.90084283589889       -155.90084283589889     
   1.0000000000000000       -155.90084283589889       -155.90084283589889     
   1.0000000000000000       -155.90084283589889       -155.90084283589889     
   1.0000000000000000       -155.90084283589889       -155.90084283589889     
   1.0000000000000000       -155.90084283589889       -155.90084283589889     
   1.0000000000000000       -155.90084283589889       -155.90084283589889     
 
 part:           5
 comp:           0
   1.0000137066381514        276.35033487744357        276.34654709531816     
   1.0000013065324307        276.34690815104403        276.34654709531816     
   1.0000001300601311        276.34658303698632        276.34654709531816     
   1.0000000130001261        276.34655068785810        276.34654709531816     
   1.0000000012999537        276.34654745455589        276.34654709531816     
   1.0000000001299949        276.34654713124178        276.34654709531816     
   1.0000000000129994        276.34654709891049        276.34654709531816     
   1.0000000000013001        276.34654709567741        276.34654709531816     
   1.0000000000001299        276.34654709535408        276.34654709531816     
   1.0000000000000129        276.34654709532174        276.34654709531816     
 comp:           1
  0.99936727319846896        32.341404209411650        32.361880438513040     
  0.99993967224046831        32.359928118771954        32.361880438513040     
  0.99999399446372728        32.361686088066214        32.361880438513040     
  0.99999939971674479        32.361861012218107        32.361880438513040     
  0.99999993997437631        32.361878495970984        32.361880438513040     
  0.99999999399746464        32.361880244259709        32.361880438513040     
  0.99999999939974682        32.361880419087719        32.361880438513040     
  0.99999999993997468        32.361880436570509        32.361880438513040     
  0.99999999999399736        32.361880438318785        32.361880438513040     
  0.99999999999939970        32.361880438493614        32.361880438513040     
 comp:           2
   1.0001113385261429       -123.91057169385535       -123.89677720928702     
   1.0000106156461455       -123.89809245363243       -123.89677720928702     
   1.0000010567713518       -123.89690813985175       -123.89677720928702     
   1.0000001056295589       -123.89679029644894       -123.89677720928702     
   1.0000000105624804       -123.89677851794431       -123.89677720928702     
   1.0000000010562433       -123.89677734015217       -123.89677720928702     
   1.0000000001056242       -123.89677722237353       -123.89677720928702     
   1.0000000000105624       -123.89677721059567       -123.89677720928702     
   1.0000000000010563       -123.89677720941789       -123.89677720928702     
   1.0000000000001057       -123.89677720930011       -123.89677720928702     
 comp:           3
   1.0000000000000000        231.30606440119561        231.30606440119561     
   1.0000000000000000        231.30606440119561        231.30606440119561     
   1.0000000000000000        231.30606440119561        231.30606440119561     
   1.0000000000000000        231.30606440119561        231.30606440119561     
   1.0000000000000000        231.30606440119561        231.30606440119561     
   1.0000000000000000        231.30606440119561        231.30606440119561     
   1.0000000000000000        231.30606440119561        231.30606440119561     
   1.0000000000000000        231.30606440119561        231.30606440119561     
   1.0000000000000000        231.30606440119561        231.30606440119561     
   1.0000000000000000        231.30606440119561        231.30606440119561     
 
 part:           6
 comp:           0
   30.694439911957001        0.0000000000000000     
   2.7904040002120030        0.0000000000000000     
  0.27652652612913103        0.0000000000000000     
   2.7627762772308141E-002   0.0000000000000000     
   2.7625276252365616E-003   0.0000000000000000     
   2.7625027624987938E-004   0.0000000000000000     
   2.7625002762496318E-005   0.0000000000000000     
   2.7625000276249617E-006   0.0000000000000000     
   2.7625000027624963E-007   0.0000000000000000     
   2.7625000002762500E-008   0.0000000000000000     
 comp:           1
   4.0937870178363249E-002   0.0000000000000000     
   3.9032727698462139E-003   0.0000000000000000     
   3.8856506808871268E-004   0.0000000000000000     
   3.8839015695309383E-005   0.0000000000000000     
   3.8837267882798300E-006   0.0000000000000000     
   3.8837093114524838E-007   0.0000000000000000     
   3.8837075637827264E-008   0.0000000000000000     
   3.8837073890158798E-009   0.0000000000000000     
   3.8837073715391963E-010   0.0000000000000000     
   3.8837073697915284E-011   0.0000000000000000     
 comp:           2
   2.7579141434638185E-002   0.0000000000000000     
   2.6295679601440526E-003   0.0000000000000000     
   2.6176962608675890E-004   0.0000000000000000     
   2.6165179145279507E-005   0.0000000000000000     
   2.6164001673949557E-006   0.0000000000000000     
   2.6163883935559372E-007   0.0000000000000000     
   2.6163872161807782E-008   0.0000000000000000     
   2.6163870984433493E-009   0.0000000000000000     
   2.6163870866696073E-010   0.0000000000000000     
   2.6163870854922335E-011   0.0000000000000000     
 comp:           3
  -30.694400222035313       -0.0000000000000000     
  -2.7904000312201069       -0.0000000000000000     
 -0.27652612922994396       -0.0000000000000000     
  -2.7627723082389470E-002  -0.0000000000000000     
  -2.7625236562446947E-003  -0.0000000000000000     
  -2.7624987935069263E-004  -0.0000000000000000     
  -2.7624963072577641E-005  -0.0000000000000000     
  -2.7624960586330946E-006  -0.0000000000000000     
  -2.7624960337706290E-007  -0.0000000000000000     
  -2.7624960312843832E-008  -0.0000000000000000     
 
 part: i_fks reduced
 comp:           0
   1.0540925533894596        291.19306787383823        276.25000000000000     
   1.0050378152592121        277.64169646535731        276.25000000000000     
   1.0005003753127737        276.38822868015376        276.25000000000000     
   1.0000500037503124        276.26381353602380        276.25000000000000     
   1.0000050000375003        276.25138126035944        276.25000000000000     
   1.0000005000003749        276.25013812510355        276.25000000000000     
   1.0000000500000037        276.25001381250104        276.25000000000000     
   1.0000000050000000        276.25000138125000        276.25000000000000     
   1.0000000004999998        276.25000013812496        276.25000000000000     
   1.0000000000500000        276.25000001381250        276.25000000000000     
 comp:           1
   1.0540925533894596       0.40937870178363245       0.38837073695973423     
   1.0050378152592121       0.39032727698462139       0.38837073695973423     
   1.0005003753127739       0.38856506808871266       0.38837073695973423     
   1.0000500037503124       0.38839015695309381       0.38837073695973423     
   1.0000050000375003       0.38837267882798304       0.38837073695973423     
   1.0000005000003749       0.38837093114524829       0.38837073695973423     
   1.0000000500000039       0.38837075637827256       0.38837073695973423     
   1.0000000050000000       0.38837073890158791       0.38837073695973423     
   1.0000000004999998       0.38837073715391957       0.38837073695973423     
   1.0000000000500000       0.38837073697915275       0.38837073695973423     
 comp:           2
   1.0540925533894598       0.27579141434638188       0.26163870853614135     
   1.0050378152592121       0.26295679601440525       0.26163870853614135     
   1.0005003753127737       0.26176962608675886       0.26163870853614135     
   1.0000500037503124       0.26165179145279505       0.26163870853614135     
   1.0000050000375003       0.26164001673949555       0.26163870853614135     
   1.0000005000003749       0.26163883935559368       0.26163870853614135     
   1.0000000500000039       0.26163872161807777       0.26163870853614135     
   1.0000000050000000       0.26163870984433490       0.26163870853614135     
   1.0000000004999998       0.26163870866696065       0.26163870853614135     
   1.0000000000500000       0.26163870854922328       0.26163870853614135     
 comp:           3
   1.1111111066767339       -306.94400222035313       -276.24960310081326     
   1.0101010100643624       -279.04000312201066       -276.24960310081326     
   1.0010010010006414       -276.52612922994393       -276.24960310081326     
   1.0001000100009967       -276.27723082389468       -276.24960310081326     
   1.0000100001000007       -276.25236562446946       -276.24960310081326     
   1.0000010000010000       -276.24987935069259       -276.24960310081326     
   1.0000001000000103       -276.24963072577640       -276.24960310081326     
   1.0000000100000004       -276.24960586330940       -276.24960310081326     
   1.0000000009999999       -276.24960337706284       -276.24960310081326     
   1.0000000001000000       -276.24960312843825       -276.24960310081326     
 
 part: i_fks full/reduced
 comp:           0
  0.10540923977371473        30.694439911957001        291.19306787383823     
   1.0050378007829869E-002   2.7904040002120030        277.64169646535731     
   1.0005003738749573E-003  0.27652652612913103        276.38822868015376     
   1.0000500036066280E-004   2.7627762772308141E-002   276.26381353602380     
   1.0000050000231326E-005   2.7625276252365616E-003   276.25138126035944     
   1.0000004999989385E-006   2.7625027624987938E-004   276.25013812510355     
   1.0000000499998604E-007   2.7625002762496318E-005   276.25001381250104     
   1.0000000049999860E-008   2.7625000276249617E-006   276.25000138125000     
   1.0000000004999989E-009   2.7625000027624963E-007   276.25000013812496     
   1.0000000000500000E-010   2.7625000002762500E-008   276.25000001381250     
 comp:           1
  0.10000000000000001        4.0937870178363249E-002  0.40937870178363245     
   1.0000000000000000E-002   3.9032727698462139E-003  0.39032727698462139     
   1.0000000000000000E-003   3.8856506808871268E-004  0.38856506808871266     
   1.0000000000000000E-004   3.8839015695309383E-005  0.38839015695309381     
   9.9999999999999991E-006   3.8837267882798300E-006  0.38837267882798304     
   1.0000000000000002E-006   3.8837093114524838E-007  0.38837093114524829     
   1.0000000000000002E-007   3.8837075637827264E-008  0.38837075637827256     
   1.0000000000000002E-008   3.8837073890158798E-009  0.38837073890158791     
   1.0000000000000001E-009   3.8837073715391963E-010  0.38837073715391957     
   1.0000000000000003E-010   3.8837073697915284E-011  0.38837073697915275     
 comp:           2
   9.9999999999999992E-002   2.7579141434638185E-002  0.27579141434638188     
   1.0000000000000000E-002   2.6295679601440526E-003  0.26295679601440525     
   1.0000000000000002E-003   2.6176962608675890E-004  0.26176962608675886     
   1.0000000000000000E-004   2.6165179145279507E-005  0.26165179145279505     
   1.0000000000000001E-005   2.6164001673949557E-006  0.26164001673949555     
   1.0000000000000002E-006   2.6163883935559372E-007  0.26163883935559368     
   1.0000000000000002E-007   2.6163872161807782E-008  0.26163872161807777     
   1.0000000000000000E-008   2.6163870984433493E-009  0.26163870984433490     
   1.0000000000000003E-009   2.6163870866696073E-010  0.26163870866696065     
   1.0000000000000003E-010   2.6163870854922335E-011  0.26163870854922328     
 comp:           3
  0.10000000000000001       -30.694400222035313       -306.94400222035313     
   1.0000000000000002E-002  -2.7904000312201069       -279.04000312201066     
   1.0000000000000000E-003 -0.27652612922994396       -276.52612922994393     
   1.0000000000000000E-004  -2.7627723082389470E-002  -276.27723082389468     
   1.0000000000000001E-005  -2.7625236562446947E-003  -276.25236562446946     
   1.0000000000000002E-006  -2.7624987935069263E-004  -276.24987935069259     
   1.0000000000000001E-007  -2.7624963072577641E-005  -276.24963072577640     
   1.0000000000000002E-008  -2.7624960586330946E-006  -276.24960586330940     
   1.0000000000000003E-009  -2.7624960337706290E-007  -276.24960337706284     
   1.0000000000000003E-010  -2.7624960312843832E-008  -276.24960312843825     
     
 Collinear #          41
 
 part:           1
 comp:           0
   1.0000123459092014        276.25341055741688        276.25000000000000     
   1.0000011829693796        276.25032679529113        276.25000000000000     
   1.0000001178041964        276.25003254340925        276.25000000000000     
   1.0000000117755146        276.25000325298589        276.25000000000000     
   1.0000000011775023        276.25000032528504        276.25000000000000     
   1.0000000001177496        276.25000003252831        276.25000000000000     
   1.0000000000117748        276.25000000325281        276.25000000000000     
   1.0000000000011775        276.25000000032531        276.25000000000000     
   1.0000000000001179        276.25000000003257        276.25000000000000     
   1.0000000000000118        276.25000000000324        276.25000000000000     
 comp:           1
   0.0000000000000000        0.0000000000000000     
   0.0000000000000000        0.0000000000000000     
   0.0000000000000000        0.0000000000000000     
   0.0000000000000000        0.0000000000000000     
   0.0000000000000000        0.0000000000000000     
   0.0000000000000000        0.0000000000000000     
   0.0000000000000000        0.0000000000000000     
   0.0000000000000000        0.0000000000000000     
   0.0000000000000000        0.0000000000000000     
   0.0000000000000000        0.0000000000000000     
 comp:           2
   0.0000000000000000        0.0000000000000000     
   0.0000000000000000        0.0000000000000000     
   0.0000000000000000        0.0000000000000000     
   0.0000000000000000        0.0000000000000000     
   0.0000000000000000        0.0000000000000000     
   0.0000000000000000        0.0000000000000000     
   0.0000000000000000        0.0000000000000000     
   0.0000000000000000        0.0000000000000000     
   0.0000000000000000        0.0000000000000000     
   0.0000000000000000        0.0000000000000000     
 comp:           3
   1.0000123459092014        276.25341055741688        276.25000000000000     
   1.0000011829693796        276.25032679529113        276.25000000000000     
   1.0000001178041964        276.25003254340925        276.25000000000000     
   1.0000000117755146        276.25000325298589        276.25000000000000     
   1.0000000011775023        276.25000032528504        276.25000000000000     
   1.0000000001177496        276.25000003252831        276.25000000000000     
   1.0000000000117748        276.25000000325281        276.25000000000000     
   1.0000000000011775        276.25000000032531        276.25000000000000     
   1.0000000000001179        276.25000000003257        276.25000000000000     
   1.0000000000000118        276.25000000000324        276.25000000000000     
 
 part:           2
 comp:           0
  0.99999907142974198        276.31480779103339        276.31506436898400     
  0.99999991136980704        276.31503987912652        276.31506436898400     
  0.99999999117715632        276.31506193109936        276.31506436898400     
  0.99999999911811555        276.31506412530604        276.31506436898400     
  0.99999999991181565        276.31506434461733        276.31506436898400     
  0.99999999999118139        276.31506436654729        276.31506436898400     
  0.99999999999911826        276.31506436874037        276.31506436898400     
  0.99999999999991196        276.31506436895967        276.31506436898400     
  0.99999999999999134        276.31506436898161        276.31506436898400     
  0.99999999999999922        276.31506436898377        276.31506436898400     
 comp:           1
   0.0000000000000000        0.0000000000000000     
   0.0000000000000000        0.0000000000000000     
   0.0000000000000000        0.0000000000000000     
   0.0000000000000000        0.0000000000000000     
   0.0000000000000000        0.0000000000000000     
   0.0000000000000000        0.0000000000000000     
   0.0000000000000000        0.0000000000000000     
   0.0000000000000000        0.0000000000000000     
   0.0000000000000000        0.0000000000000000     
   0.0000000000000000        0.0000000000000000     
 comp:           2
   0.0000000000000000        0.0000000000000000     
   0.0000000000000000        0.0000000000000000     
   0.0000000000000000        0.0000000000000000     
   0.0000000000000000        0.0000000000000000     
   0.0000000000000000        0.0000000000000000     
   0.0000000000000000        0.0000000000000000     
   0.0000000000000000        0.0000000000000000     
   0.0000000000000000        0.0000000000000000     
   0.0000000000000000        0.0000000000000000     
   0.0000000000000000        0.0000000000000000     
 comp:           3
  0.99999907142974198       -276.31480779103339       -276.31506436898400     
  0.99999991136980704       -276.31503987912652       -276.31506436898400     
  0.99999999117715632       -276.31506193109936       -276.31506436898400     
  0.99999999911811555       -276.31506412530604       -276.31506436898400     
  0.99999999991181565       -276.31506434461733       -276.31506436898400     
  0.99999999999118139       -276.31506436654729       -276.31506436898400     
  0.99999999999911826       -276.31506436874037       -276.31506436898400     
  0.99999999999991196       -276.31506436895967       -276.31506436898400     
  0.99999999999999134       -276.31506436898161       -276.31506436898400     
  0.99999999999999922       -276.31506436898377       -276.31506436898400     
 
 part:           3
 comp:           0
  0.99998027026600034        60.962404603606679        60.963607399364328     
  0.99999388148815493        60.963234392810335        60.963607399364328     
  0.99999806883262077        60.963489668434399        60.963607399364328     
  0.99999938942509392        60.963570176515468        60.963607399364328     
  0.99999980692265544        60.963595628672898        60.963607399364328     
  0.99999993894366956        60.963603677150168        60.963607399364328     
  0.99999998069229390        60.963606222296910        60.963607399364328     
  0.99999999389436711        60.963607027142920        60.963607399364328     
  0.99999999806922935        60.963607281657580        60.963607399364328     
  0.99999999938943662        60.963607362142184        60.963607399364328     
 comp:           1
  0.99995361352111167       -48.654646907733827       -48.656903930180754     
  0.99998561542783104       -48.656204021434654       -48.656903930180754     
  0.99999545990221839       -48.656683023079161       -48.656903930180754     
  0.99999856456875691       -48.656834086540663       -48.656903930180754     
  0.99999954608537367       -48.656881844100390       -48.656903930180754     
  0.99999985645985678       -48.656896945961797       -48.656903930180754     
  0.99999995460862900       -48.656901721577178       -48.656903930180754     
  0.99999998564598835       -48.656903231758989       -48.656903930180754     
  0.99999999546086304       -48.656903709320403       -48.656903930180754     
  0.99999999856459876       -48.656903860338574       -48.656903930180754     
 comp:           2
   1.0001553565461292        15.327788151167884        15.325407248829682     
   1.0000481764838216        15.326145573064064        15.325407248829682     
   1.0000152055928222        15.325640280732141        15.325407248829682     
   1.0000048075138588        15.325480925937423        15.325407248829682     
   1.0000015202406021        15.325430547136024        15.325407248829682     
   1.0000004807414014        15.325414616387439        15.325407248829682     
   1.0000001520237534        15.325409578655613        15.325407248829682     
   1.0000000480741313        15.325407985585324        15.325407248829682     
   1.0000000152023749        15.325407481812270        15.325407248829682     
   1.0000000048074134        15.325407322505249        15.325407248829682     
 comp:           3
   1.0000000000000000       -33.332286011171064       -33.332286011171064     
   1.0000000000000000       -33.332286011171064       -33.332286011171064     
   1.0000000000000000       -33.332286011171064       -33.332286011171064     
   1.0000000000000000       -33.332286011171064       -33.332286011171064     
   1.0000000000000000       -33.332286011171064       -33.332286011171064     
   1.0000000000000000       -33.332286011171064       -33.332286011171064     
   1.0000000000000000       -33.332286011171064       -33.332286011171064     
   1.0000000000000000       -33.332286011171064       -33.332286011171064     
   1.0000000000000000       -33.332286011171064       -33.332286011171064     
   1.0000000000000000       -33.332286011171064       -33.332286011171064     
 
 part:           4
 comp:           0
  0.99995429198438757        215.41733273431720        215.42717948320035     
  0.99998582560781613        215.42412593387130        215.42717948320035     
  0.99999552621908694        215.42621570919661        215.42717948320035     
  0.99999858553392873        215.42687476876415        215.42717948320035     
  0.99999955271481122        215.42708312581371        215.42717948320035     
  0.99999985855624463        215.42714901237107        215.42717948320035     
  0.99999995527156293        215.42716984747932        215.42717948320035     
  0.99999998585562622        215.42717643611780        215.42717948320035     
  0.99999999552715635        215.42717851962826        215.42717948320035     
  0.99999999858556254        215.42717917849208        215.42717948320035     
 comp:           1
  0.99996154912747615       -207.41357465725977       -207.42155019684509     
  0.99998807617390684       -207.41907693835256       -207.42155019684509     
  0.99999623655921155       -207.42076957812267       -207.42155019684509     
  0.99999881012140146       -207.42130339038164       -207.42155019684509     
  0.99999962373436524       -207.42147215124385       -207.42155019684509     
  0.99999988101456838       -207.42152551670242       -207.42155019684509     
  0.99999996237350830       -207.42154239229984       -207.42155019684509     
  0.99999998810145863       -207.42154772883120       -207.42155019684509     
  0.99999999623735092       -207.42154941639058       -207.42155019684509     
  0.99999999881014590       -207.42154995004370       -207.42155019684509     
 comp:           2
  0.99984842212551295       -55.496312992140545       -55.504726280574140     
  0.99995299487121303       -55.502117273767034       -55.504726280574140     
  0.99998516407254157       -55.503902816481443       -55.504726280574140     
  0.99999530935822734       -55.504465927786470       -55.504726280574140     
  0.99999851671648987       -55.504643951328916       -55.504726280574140     
  0.99999953094539495       -55.504700245826676       -55.504726280574140     
  0.99999985167193162       -55.504718047665307       -55.504726280574140     
  0.99999995309454648       -55.504723677099783       -55.504726280574140     
  0.99999998516719335       -55.504725457283264       -55.504726280574140     
  0.99999999530945438       -55.504726020226691       -55.504726280574140     
 comp:           3
   1.0000000000000000       -17.446934817991000       -17.446934817991000     
   1.0000000000000000       -17.446934817991000       -17.446934817991000     
   1.0000000000000000       -17.446934817991000       -17.446934817991000     
   1.0000000000000000       -17.446934817991000       -17.446934817991000     
   1.0000000000000000       -17.446934817991000       -17.446934817991000     
   1.0000000000000000       -17.446934817991000       -17.446934817991000     
   1.0000000000000000       -17.446934817991000       -17.446934817991000     
   1.0000000000000000       -17.446934817991000       -17.446934817991000     
   1.0000000000000000       -17.446934817991000       -17.446934817991000     
   1.0000000000000000       -17.446934817991000       -17.446934817991000     
 
 part:           5
 comp:           0
   1.0000400216440748        276.12026346208847        276.10921311743533     
   1.0000124104254815        276.11263975024946        276.10921311743533     
   1.0000039169739581        276.11029463003268        276.10921311743533     
   1.0000012384159420        276.10955505548657        276.10921311743533     
   1.0000003916137152        276.10932124559008        276.10921311743533     
   1.0000001238388634        276.10924731048647        276.10921311743533     
   1.0000000391612769        276.10922393022469        276.10921311743533     
   1.0000000123838826        276.10921653673938        276.10921311743533     
   1.0000000039161274        276.10921419871420        276.10921311743533     
   1.0000000012383883        276.10921345936572        276.10921311743533     
 comp:           1
   1.0000399195883629        256.08867667350319        256.07845412702585     
   1.0000123789168356        256.08162410091285        256.07845412702585     
   1.0000039070426192        256.07945463646001        256.07845412702585     
   1.0000012352773220        256.07877045493291        256.07845412702585     
   1.0000003906213497        256.07855415673725        256.07845412702585     
   1.0000001235250640        256.07848575913329        256.07845412702585     
   1.0000000390620458        256.07846412997418        256.07845412702585     
   1.0000000123525030        256.07845729023575        256.07845412702585     
   1.0000000039062045        256.07845512732064        256.07845412702585     
   1.0000000012352503        256.07845444334686        256.07845412702585     
 comp:           2
   1.0002683874629723        40.190102657243344        40.179319031744456     
   1.0000832259604895        40.182662994162683        40.179319031744456     
   1.0000262678374037        40.180374455563772        40.179319031744456     
   1.0000083050191686        40.179652721759197        40.179319031744456     
   1.0000026262263058        40.179424551729042        40.179319031744456     
   1.0000008304839783        40.179352400025167        40.179319031744456     
   1.0000002626220321        40.179329583718868        40.179319031744456     
   1.0000000830483762        40.179322368571654        40.179319031744456     
   1.0000000262622017        40.179320086941836        40.179319031744456     
   1.0000000083048377        40.179319365427183        40.179319031744456     
 comp:           3
   1.0000000000000000        50.779220829162064        50.779220829162064     
   1.0000000000000000        50.779220829162064        50.779220829162064     
   1.0000000000000000        50.779220829162064        50.779220829162064     
   1.0000000000000000        50.779220829162064        50.779220829162064     
   1.0000000000000000        50.779220829162064        50.779220829162064     
   1.0000000000000000        50.779220829162064        50.779220829162064     
   1.0000000000000000        50.779220829162064        50.779220829162064     
   1.0000000000000000        50.779220829162064        50.779220829162064     
   1.0000000000000000        50.779220829162064        50.779220829162064     
   1.0000000000000000        50.779220829162064        50.779220829162064     
 
 part:           6
 comp:           0
   1.0484624611491613        6.8217548438110162E-002   6.5064368984027052E-002
   1.0046450692970796        6.5366597486728614E-002   6.5064368984027052E-002
   1.0004625859188054        6.5094466844935028E-002   6.5064368984027052E-002
   1.0000462394684353        6.5067377525862946E-002   6.5064368984027052E-002
   1.0000046237556959        6.5064669825773747E-002   6.5064368984027052E-002
   1.0000004623736578        6.5064399068077330E-002   6.5064368984027052E-002
   1.0000000462373468        6.5064371992430842E-002   6.5064368984027052E-002
   1.0000000046237350        6.5064369284867446E-002   6.5064368984027052E-002
   1.0000000004623733        6.5064369014111070E-002   6.5064368984027052E-002
   1.0000000000462370        6.5064368987035437E-002   6.5064368984027052E-002
 comp:           1
  -2.0455108509553909E-002  -0.0000000000000000     
  -6.3431411256228108E-003  -0.0000000000000000     
  -2.0020352581872486E-003  -0.0000000000000000     
  -6.3297801060302873E-004  -0.0000000000000000     
  -2.0016139304076874E-004  -0.0000000000000000     
  -6.3296469079608312E-005  -0.0000000000000000     
  -2.0016097179471111E-005  -0.0000000000000000     
  -6.3296455900522136E-006  -0.0000000000000000     
  -2.0016096485099438E-006  -0.0000000000000000     
  -6.3296458245913598E-007  -0.0000000000000000     
 comp:           2
  -2.1577816270684166E-002  -0.0000000000000000     
  -6.6912934597135850E-003  -0.0000000000000000     
  -2.1119198144766184E-003  -0.0000000000000000     
  -6.6771991015329951E-004  -0.0000000000000000     
  -2.1114753615218536E-004  -0.0000000000000000     
  -6.6770585926978065E-005  -0.0000000000000000     
  -2.1114709178543796E-005  -0.0000000000000000     
  -6.6770572024538965E-006  -0.0000000000000000     
  -2.1114708446060543E-006  -0.0000000000000000     
  -6.6770574498660583E-007  -0.0000000000000000     
 comp:           3
  0.94363834730426410       -6.1397233616482111E-002  -6.5064368984027052E-002
  0.99460095972488072       -6.4713083835407068E-002  -6.5064368984027052E-002
  0.99946235866912492       -6.5029387690093934E-002  -6.5064368984027052E-002
  0.99994625839030160       -6.5060872320103838E-002  -6.5064368984027052E-002
  0.99999462606416167       -6.5064019332282771E-002  -6.5064368984027052E-002
  0.99999946260866668       -6.5064334018999054E-002  -6.5064368984027052E-002
  0.99999994626088939       -6.5064365487525727E-002  -6.5064368984027052E-002
  0.99999999462608946       -6.5064368634376951E-002  -6.5064368984027052E-002
  0.99999999946260842       -6.5064368949062007E-002  -6.5064368984027052E-002
  0.99999999994626054       -6.5064368980530529E-002  -6.5064368984027052E-002
 
 part: i_fks+j_fks
 comp:           0
   1.0000104804984231        276.38302533947149        276.38012873796805     
   1.0000010049153911        276.38040647661325        276.38012873796805     
   1.0000001000794680        276.38015639794429        276.38012873796805     
   1.0000000100038444        276.38013150283189        276.38012873796805     
   1.0000000010003436        276.38012901444313        276.38012873796805     
   1.0000000001000338        276.38012876561538        276.38012873796805     
   1.0000000000100033        276.38012874073280        276.38012873796805     
   1.0000000000010003        276.38012873824454        276.38012873796805     
   1.0000000000001001        276.38012873799573        276.38012873796805     
   1.0000000000000098        276.38012873797078        276.38012873796805     
 comp:           1
  -2.0455108509553909E-002   0.0000000000000000     
  -6.3431411256228108E-003   0.0000000000000000     
  -2.0020352581872486E-003   0.0000000000000000     
  -6.3297801060302873E-004   0.0000000000000000     
  -2.0016139304076874E-004   0.0000000000000000     
  -6.3296469079608312E-005   0.0000000000000000     
  -2.0016097179471111E-005   0.0000000000000000     
  -6.3296455900522136E-006   0.0000000000000000     
  -2.0016096485099438E-006   0.0000000000000000     
  -6.3296458245913598E-007   0.0000000000000000     
 comp:           2
  -2.1577816270684166E-002   0.0000000000000000     
  -6.6912934597135850E-003   0.0000000000000000     
  -2.1119198144766184E-003   0.0000000000000000     
  -6.6771991015329951E-004   0.0000000000000000     
  -2.1114753615218536E-004   0.0000000000000000     
  -6.6770585926978065E-005   0.0000000000000000     
  -2.1114709178543796E-005   0.0000000000000000     
  -6.6770572024538965E-006   0.0000000000000000     
  -2.1114708446060543E-006   0.0000000000000000     
  -6.6770574498660583E-007   0.0000000000000000     
 comp:           3
  0.99998580320033836       -276.37620502464989       -276.38012873796805     
  0.99999864036894448       -276.37975296296190       -276.38012873796805     
  0.99999986460973611       -276.38009131878948       -276.38012873796805     
  0.99999998646667565       -276.38012499762613       -276.38012873796805     
  0.99999999864672451       -276.38012836394961       -276.38012873796805     
  0.99999999986467270       -276.38012870056627       -276.38012873796805     
  0.99999999998646727       -276.38012873422787       -276.38012873796805     
  0.99999999999864664       -276.38012873759402       -276.38012873796805     
  0.99999999999986466       -276.38012873793065       -276.38012873796805     
  0.99999999999998646       -276.38012873796430       -276.38012873796805     
