   0.0000000000000000        0.0000000000000000        0.0000000000000000        0.0000000000000000        0.0000000000000000        0.0000000000000000        0.0000000000000000        0.0000000000000000        0.0000000000000000        0.0000000000000000        0.0000000000000000        0.0000000000000000        0.0000000000000000     
  0.21540789131043064       0.25469661571885621        1.9573901560361513E-003   2.7779972242962067E-002   1.5193540471466193E-002   1.9835374629020255E-002   1.1165903999795548E-002   1.6434676664509769E-002  0.64883381731555867       0.17113269820350391        8.8413165567075569E-002   1.8023465018797782E-002   8.4127556230037363E-003
  0.56832442697864793       0.56829255565185766        1.2419000787936503       0.68780879993728861       0.62453632032516182       0.69489387062874952       0.63316062255052064       0.71223109554233710       0.57172381745172562       0.56444059641700406       0.68386609739879711       0.77635835778264006       0.69722063385745547     
  0.32051518564250847       0.39753924981679734        3.9069253374714053E-003   5.7270611067303120E-002   3.0136357618230535E-002   4.2125926954172152E-002   2.3852863811794561E-002   3.3749776760152658E-002  0.76154883528127448       0.27276332769577988       0.15335477269367195        3.5266232768379327E-002   1.6784059808092697E-002
  0.67851379997527783       0.73672085859001890       0.93297959650022722       0.81511998248791406       0.84727857227754488       0.87767855490359015       0.61155909111344442       0.71383963613867774       0.78858932598480491       0.76451681196117982       0.82456440582943613       0.92673390311128900       0.64310342092838590     
  0.37534687432825897       0.45826190237278414        5.9895837838054708E-003   9.6994558315269264E-002   4.3716273577394105E-002   5.6529895065411312E-002   3.7720621184484736E-002   5.1782434751696749E-002  0.78730101658655738       0.32090721688717999       0.19020835595733460        5.3082998002776917E-002   2.6885147914920395E-002
  0.77856329462830565       0.67977339492231403       0.83600619914355601       0.74984851764067550       0.59071049622335459       0.62659765100847387       0.61796112850325091       0.79883249384753729       0.67343784244907656       0.72946776249252021       0.83989591864577973        1.0071145673818664       0.64335888405704600     
  0.41438584431275366       0.50104284521780873        8.1252786757747223E-003  0.13664234965508390        5.8705390801973248E-002   7.2779763713541820E-002   4.9198420505999416E-002   7.0315833583291798E-002  0.80541258076620159       0.35637190455476514       0.21815921060019380        7.0126529765666870E-002   4.1487421703359582E-002
  0.61041735936390662       0.63900023765286906       0.81464707907716283       0.77868794690137122       0.81945466046275728       0.71264208310741761       0.61818237117394625       0.71739268806989309       0.61765162926236328       0.89249659269533665       0.75084573907105001       0.81860860055920126       0.72550020884272748     
  0.44646617241618969       0.53386446123715148        1.0053347522273891E-002  0.16623204438112527        7.3073626674419329E-002   9.0157795617861566E-002   6.2829030629562785E-002   8.8870938972070199E-002  0.82049425887683014       0.37938579433843994       0.23681456905111714        8.5723248604925459E-002   5.3613627565720703E-002
  0.66550145757688717       0.59621808607725668       0.84216162436621345       0.67993761379222739       0.71559751576182051       0.65295589393154785       0.82612055522938921       0.68578874500924125       0.71956333629491731       0.60674845295465463       0.73302177121674983       0.74280675317532963       0.61322220799311433     
  0.47263417229720261       0.55910981840917562        1.1895249124806842E-002  0.19748115125858107        8.6656270900042798E-002  0.11194900139916633        7.7856639110236894E-002  0.10620425841264436       0.83231741315025309       0.40067687209076924       0.25045264241613929       0.10144682408753486        6.4427245379999276E-002
  0.61400306807757776       0.58921509325199428       0.73560786085868146       0.68186657167881437       0.70307272975156165       0.66776661972545437       0.67646714023230858       0.77351066145632918       0.72040228764062364       0.64828420938510267       0.71904059391961606       0.77974123522495020       0.65848869351088268     
  0.49708677912010213       0.58076535379516137        1.4079409017268767E-002  0.22726528304751517       0.10037300174846826       0.13237904854338040        9.1842705467416047E-002  0.12117620178748180       0.84264048893416699       0.42020927572670680       0.26154347880639645       0.11717651800075234        7.3979235693734047E-002
  0.63789253582896543       0.60818112632390164       0.78441166738591839       0.73085505458073863       0.66911462794450283       0.86641514085902749       0.66255824237366689       0.72050060762932211       0.63897672721735288       0.69468247906989722       0.76170813423835948       0.85208601866678479       0.62376671182628818     
  0.52037455377063457       0.60095201379212082        1.6621440663982814E-002  0.25587995387377377       0.11336151159959168       0.14561195270318564       0.10622087160643470       0.13512326515851017       0.85045652444371378       0.43626021941822557       0.27165985355813282       0.13249024304160781        8.0613837220119708E-002
  0.59391987747458486       0.57438669217998195       0.64567762016359576       0.67091398122842205       0.71256583360768289       0.54877125909212365       0.68541355997830600       0.78975887229597475       0.65252767497604713       0.73158590020476588       0.76042578096077929       0.93475098441833826       0.54172842079263417     
  0.54341032534913458       0.62195521024723111        1.8928888166473964E-002  0.28107840183417387       0.12734346852477277       0.15928017678274140       0.12224822399853459       0.14822425032347605       0.85802414469113142       0.45226481298371135       0.28076078073435012       0.14449435020992943        9.2832445522394447E-002
  0.62679572777985493       0.64173483236758344       0.61385721357329603       0.70333866002891698       0.58594805741891565       0.63667510391770021       0.70396048441235815       0.67115270429751250       0.70154367374142423       0.67340953216534549       0.69747951378264728       0.78320998802420716       0.61062972615599997     
  0.56326396786134481       0.64218107775903632        2.1500336954219445E-002  0.29964981170344418       0.14468086948154726       0.17291915584677114       0.13867158992201906       0.16349518766186866       0.86526007692213069       0.46624381646490404       0.28894890930748618       0.15728187754336129       0.10516092834725467     
  0.63959700977857348       0.68801414972902342       0.83506844699895377       0.67972879387283491       0.72837579845573708       0.63396617212280959       0.89624777302004999       0.63844067298030949       0.58921509325199428       0.60632276481016045       0.63538102410743735       0.74768554517873642       0.66301941219608951     
  0.57984823909569783       0.65911169905643097        2.3932729407528167E-002  0.31670057094739468       0.16041230565697401       0.18779220470183269       0.15433663388365473       0.18000647178483736       0.87146982226006342       0.48082230151653294       0.29750862421531460       0.16717784468296942       0.11815813202641065     
  0.82946388758259726       0.68920934677433665       0.78455442188950075       0.69838981277568402       0.76743336087190206       0.61857692266680053       0.75697684341210258       0.67180416553837663       0.62522375927469553       0.78728125252574721       0.60327051555651756       0.62883660402263886       0.57507452494676725     
  0.59645602185534563       0.67498457115030697        2.6434574446959399E-002  0.33596373910106259       0.17382915295116866       0.20498779943688855       0.17113507757252133       0.19511914118971677       0.87710441266069183       0.49450713792254603       0.30929994533470562       0.17685427098794823       0.13271309088342878     
  0.70436945609994495       0.65183850817189448       0.76251287357476971       0.68376798936771810       0.61907874677940855       0.69332581784708125       0.75322353776565165       0.63393969236532499       0.71838652360528754       0.68807276870466416       0.80723612476197171       0.60307500755497334       0.67850416294334104     
  0.61288191442976747       0.68841955839249103        2.9542265860205901E-002  0.35684865241657182       0.18732080158410105       0.22191688488015174       0.18770537740812521       0.21503006856323323       0.88272417041711881       0.50973763336448397       0.32179669523740628       0.18688640595826830       0.15076196363619393     
  0.69430046509323140       0.65078395236421305       0.63689186239084128       0.58993458400582621       0.76364827538946067       0.55827066826639626       0.71262314382412950       0.85868154284343456       0.58703978610150753       0.84250708457218626       0.66668949377420716       0.70311175766271039       0.77997935553627573     
  0.62803346998652998       0.70022767592796675        3.2550307669822295E-002  0.38762510611230355       0.20194453942864804       0.23854182672792959       0.20328723461600695       0.23388510147936989       0.88800322300848156       0.52240622016903848       0.33488462780452966       0.19882617605959799       0.16623190868989973     
  0.68313729590478767       0.65870497049297783       0.72928700861668228       0.86462932589170716       0.65597611278688228       0.78575499075997768       0.64038276218967249       0.72934531005505587       0.60700020427309387       0.88875032086583783       0.72145376894458935       0.63228177932258944       0.76164083748234845     
  0.64164892998378986       0.71339959413803256        3.5659130854032897E-002  0.41626825436092646       0.21939096726475923       0.25694814436418650       0.21721338591243114       0.25101919972940528       0.89321578331177720       0.53334967618672924       0.34766388468478387       0.21255149161458231       0.17969722349132577     
  0.62513932637364278       0.74210594464027702       0.71268310849230343       0.60473831664582078       0.75391789935528819       0.57373155771028317       0.62845133299750244       0.75734370295208597       0.65020418857066675       0.67453053565377197       0.66523489990600204       0.59936964933619752       0.67802994159934626     
  0.65502324953552804       0.72666641757484995        3.8844508137461854E-002  0.44141029353757039       0.23866641375104505       0.27714509994398712       0.23013035319734482       0.26892481992874023       0.89805649106330865       0.54326890305148079       0.36001328654976844       0.22595241114366857       0.19316485708158138     
  0.58899988183063989       0.62395492677170838       0.71469646210682869       0.67610434507948580       0.66474108139000654       0.71130652338815292       0.69400006389482283       0.72509598486193882       0.79043104566868738       0.65357825457595187       0.59665203622690233       0.74180406057585124       0.55423035448563140     
  0.66825988856784269       0.73734331368627248        4.2856546408289613E-002  0.46718834851203589       0.25801391699997933       0.29876994073639690       0.23823199304738055       0.28268358358186518       0.90243203534855199       0.55283225562612093       0.37285048601578874       0.23842079669212332       0.20598983147439984     
  0.67174649985206869       0.65207407917225579       0.67572240053915289       0.73733128064802755       0.77960868017187890       0.68825676750326481       0.62566323748146568       0.68145170905193608       0.67011386420449059       0.70941617057352591       0.65789156813615679       0.60376258005495520       0.72590127685041272     
  0.68147828981307190       0.74612654429999825        4.7352870499500752E-002  0.48719451678951109       0.27616700495610896       0.31855410379991911       0.24652645035379192       0.29633940873996528       0.90661959819661242       0.56160781839724694       0.38634449724462994       0.25009253406101356       0.22182560799974702     
  0.81864670453215471       0.65417415589562322       0.69906857329148220       0.64239541121637767       0.84790044072134896       0.74016070273433443       0.63027600278992935       0.58921509325199428       0.65725140650500558       0.68886488407709401       0.66761022532549286       0.64116248360393890       0.71803638681755444     
  0.69347577034359420       0.75491650797026622        5.1750224720499997E-002  0.50693558426796459       0.29225082947999959       0.33717255282126440       0.25625887683290749       0.31182385252125355       0.91054297736725054       0.56925559058010289       0.39736059294246162       0.26166313143389541       0.24096207479790022     
  0.65715937702344829       0.62689146534534557       0.61064926498461558       0.69814865100721313       0.73270274634772425       0.71254208424282584       0.61634038047390216       0.67244086414164606       0.70469073533835680       0.53371199576813122       0.67236310016665990       0.70851077359159642       0.76062714847018553     
  0.70431913424379922       0.76497712926569150        5.8010181612241161E-002  0.52511675827807580       0.30973918606060985       0.35671431212852156       0.26855613452963578       0.32606116871681595       0.91429131641365935       0.57658198691528317       0.40797399310424026       0.27453601871800004       0.25902574294706654     
  0.67164636940231726       0.62577143312820604       0.70958600114116077       0.69549472814573221       0.67511730823003302       0.74924083263813224       0.72397976885057957       0.78901538937232252       0.76277377819048364       0.65094184229513241       0.68228795455785196       0.68650016175785589       0.71456413684753584     
  0.71398919990458343       0.77458557091945746        6.4164355789318964E-002  0.54048651986191576       0.32909890395393299       0.37559935413797724       0.28169097379311459       0.34333128958565795       0.91811950651029728       0.58411349594546647       0.42105445065295333       0.28810830353423211       0.27645516569919532     
  0.63317410713935152       0.61850722068822328       0.84248344127874508       0.81438023817199101       0.83706935713004527       0.68116507732987897       0.83052850790775512       0.75010659049940698       0.60833786251846766       0.66178510924176770       0.73840333095718569       0.81692761858607876       0.70749491102238626     
  0.72334433395736952       0.78359128742369633        7.0894270090986491E-002  0.55447552005731560       0.34872671920991744       0.39569000263972337       0.29450196816776292       0.36085223393775911       0.92170818127785781       0.59171043207810980       0.43428774805001508       0.30427963319585571       0.29335066069888832     
  0.57468838925012766       0.68434155653855500       0.86985300382859965       0.71725722358348754       0.65065569482614105       0.90374756555346281       0.69975337046316854       0.67875924210702265       0.73317796284026382       0.64690141000111079       0.68215246140600638       0.83800129794853140       0.71259568396115081     
  0.73298478790126453       0.79279463354444435        7.7784899794821033E-002  0.56911746259203466       0.36833120419578308       0.41705476026096144       0.30735746898561045       0.37944341572777568       0.92500161930198166       0.60020722268199334       0.44983227075680887       0.32099879718236951       0.31079357999309037     
  0.72572241995516296       0.63510948962077618       0.69234596284652428       0.66765250101553575       0.81577468426301369       0.76509458368915306       0.64345084610000036       0.69027550708546304       0.65240466866640567       0.64756941302557902       0.67776898018500809       0.71828518864489632       0.73877229964650182     
  0.74285966731350572       0.80208748642275862        8.5017263589978784E-002  0.58335321745293356       0.38633040539945251       0.43775416508655768       0.32153547296184576       0.39897412480303346       0.92783405660459084       0.60962496131419930       0.46443854223825304       0.33945479585595356       0.32889946951261845     
  0.70016454951312113       0.66858226352523309       0.70768214918881733       0.58942362449791508       0.76092783554915533       0.79990675197469241       0.60539768034514962       0.67785630601231239       0.62492942932129414       0.68659097714777417       0.83489232418407444       0.70365873488073005       0.90162475261121744     
  0.75299578120065580       0.81189176203598490        9.3061478143783502E-002  0.59916397614102712       0.40154347765476978       0.45758061425296714       0.33695133891673812       0.41586003452447812       0.93046794327929350       0.61907927651408901       0.47814759480375385       0.35841997763871108       0.34740201440365526     
  0.70831819105294835       0.85857091524786922       0.62960418331694379       0.67402426061754817       0.67551046131512515       0.77575603961094863       0.57908599882111067       0.67147846316324145       0.65180639271365237        1.0049582458928981       0.65069695835859476       0.71811833860753804       0.66849463733722037     
  0.76206013749205892       0.81848812130253712       0.10084635640186441       0.61647729697763720       0.41705868185932077       0.47581871893398053       0.35290649881023656       0.43022671071320234       0.93296033443707227       0.62753018115786052       0.49270581384330653       0.37736903431457075       0.36487296689301435     
  0.66344492805164856       0.64903479870983771       0.67120495844953509       0.72374469027332833       0.67246825743074223       0.66852481592068524       0.69622377654053658       0.64741061126662203       0.61243964614882773       0.69068989048014506       0.87553689296441028       0.60442926702873623       0.75005336155618263     
  0.77101417981604181       0.82436134555867169       0.10637965722918935       0.63244479567246892       0.43349929871292547       0.49405394303465155       0.36895516210596729       0.44449199000877737       0.93538409135151412       0.63608178328519283       0.50682951969027601       0.39480909180440910       0.38368407291338902     
  0.70657451989049780       0.67238296294880207       0.63833578740792285       0.66289823540253023       0.64379745822042278       0.68947416811648166       0.75252446401229900       0.79413139937312527       0.58112244212527353       0.76426012304827051       0.70552886008800442       0.70488885818702796       0.84982418569498341     
  0.77887160457056803       0.82968980522929592       0.11134861633834751       0.64574079026178755       0.45054934892610143       0.51217517768844756       0.38543950323925791       0.45842056492968336       0.93776262150395728       0.64215200680970652       0.52003230951828949       0.41081059596463881       0.39993880330322062     
  0.65890083416880940       0.66511778240114017       0.68005145238735665       0.62593582642117318       0.73219446837170510       0.70391440296058494       0.74209779206500237       0.72342160748602991       0.80246186736053804       0.57435903982614400       0.69494804524750953       0.69524893365879925       0.85480318465112193     
  0.78686325349223607       0.83548714774201616       0.11680140096409289       0.65569669609278203       0.46904070789509106       0.53095337571450318       0.40249933380008801       0.47270402799553646       0.94008496798395969       0.64800614261560618       0.53345411194052250       0.42656197330938417       0.41586467539024868     
  0.71972317623271165       0.75084429696817001       0.64750285537384666       0.67104126740510661       0.75469375048056475       0.72953204317492570       0.69012288771731467       0.62010193716885453       0.60745345642758319       0.59599995513661230       0.67678440371312987       0.83118349492711641       0.70325082735993472     
  0.79418943720242585       0.84104286009729379       0.12369645240140451       0.66564961946073298       0.48757521971780210       0.54932378496228795       0.41952122150392424       0.48657631434562754       0.94239999894938653       0.65259292385395362       0.54704991159989980       0.44189996789517355       0.43115282433605612     
  0.74816214200405540       0.62107536235567640       0.80096035192801840       0.63545030481363129       0.67876622072384796       0.68189027860702500       0.78069674518674392       0.64895676065563779       0.76611529602166528       0.63316062255052064       0.79158782823738227       0.64657389706915791       0.59696550516443836     
  0.80149159416758875       0.84807663138697176       0.13201825833169831       0.67799723544359614       0.50658672887918621       0.56421158299849750       0.43674120029376884       0.50042682816982276       0.94464312249148863       0.65746076186701696       0.56123607488920058       0.45836515583580967       0.44693710452694690     
  0.66235070453702383       0.74455326810681544       0.66585177820799357       0.62116025640783923       0.73039063980858066       0.71948262767224114       0.75816811659025729       0.58000433737286206       0.62148409211317357       0.64057753055885569       0.72569472133063495       0.66195336609612265       0.76217184884942168     
  0.80711454167858865       0.85463371176498226       0.14071034831836424       0.69218081228422867       0.52552334336415196       0.57752112672249389       0.45409794166937306       0.51469991018322103       0.94678577935623631       0.66348152970665020       0.57615065026644008       0.47539640063542826       0.46336407017102466     
  0.58946925579484810       0.68843515999851579       0.73387578076241522       0.62748197739411005       0.81633826048027880       0.62084846614504385       0.59698756470113956       0.69526558212258616       0.67896590522956457       0.67524450155070392       0.74478322650823436       0.67268501604993780       0.78892851458412416     
  0.81198461004928479       0.85979508917792979       0.14973000306379780       0.70525215162121957       0.54666715655229658       0.59455642102194783       0.47234703515851489       0.52923469112807642       0.94890386276507932       0.67037272157580663       0.59172314639099577       0.49369630061266584       0.47929443564128787     
  0.65697671449801132       0.67074402203118144       0.60514616717145708       0.64676955132618885       0.76059512534211993       0.70054568768096437       0.82142142278802321       0.67917665012108086       0.69905514198422647       0.68042433009488068       0.68622856784023634       0.86054943817061991       0.76844571682566265     
  0.81585277116549615       0.86482909606317404       0.15947373768237397       0.71740124371161895       0.56519167200141684       0.60996627713172791       0.49072299599301333       0.54032906951623039       0.95108221025189221       0.67783819531285994       0.60791451989800915       0.51090614015400193       0.49400455288378481     
  0.58921509325199428       0.66489019942607508       0.71960741796919436       0.64845755011271333       0.77367584403605816       0.76806461932953196       0.75066155499224463       0.65131564993084101       0.70301801362998151       0.74683587736087287       0.68446069954439193       0.65885112230337806       0.64057763249348010     
  0.82020385319026512       0.87001750391606358       0.16935339920970996       0.72917922446242212       0.58037986479933101       0.62454652703084568       0.50720677497890199       0.54901685586649340       0.95321692952973847       0.68609772590132334       0.62383469927785873       0.52689349034774535       0.50839357204135971     
  0.63940630460525461       0.61657228041001344       0.72609385237803070       0.70414159035971957       0.68236730852972272       0.67045016715546257       0.70456547414695581       0.62246064377414179       0.66603286192658562       0.67708882499922718       0.76038047370946893       0.64442912945097885       0.59243126674088109     
  0.82585679134745038       0.87498576269085249       0.17929520425294174       0.74143057876602059       0.59233292754368738       0.64012807636187874       0.52318017165621988       0.55797953476772000       0.95528974070050932       0.69359944185938693       0.63871836356443401       0.54156218818368240       0.52414039250068445     
  0.68062913853539109       0.66602804735340815       0.67780452754463938       0.65552033743397042       0.64463814953657350       0.62852248283252365       0.66652697948768524       0.56237660352046337       0.65593166496728716       0.79242755302808188       0.85736275006908025       0.74430373625021407       0.64513092782809656     
  0.83139819828052519       0.88036195831024222       0.18884320317670791       0.75358963868627560       0.60337670135487020       0.65667779467191834       0.53613767391724931       0.56718894818761467       0.95719527301272622       0.70028065284458674       0.65319061347052099       0.55466008528402710       0.54184078175687056     
  0.58921509325199428       0.75975542804462892       0.65885347449669784       0.74607082026901772       0.65830960323761722       0.73699331985334404       0.65636434508994446       0.65329112372987086       0.74999468197405528       0.75256308056258581       0.89043247701219475       0.62198481252789528       0.61802202908473625     
  0.83694242010598285       0.88535945389896820       0.19787957566366648       0.76532929673529881       0.61542397384015046       0.66968899049811403       0.54968683455013312       0.57900661907414053       0.95884717141899511       0.70746041258598447       0.66600927315812730       0.56734785846881985       0.56022029546605456     
  0.62993762831577971       0.69687521117245177       0.60441285760540198       0.69349438584741685       0.74530658683103590       0.69898662793971078       0.63649833124769395       0.64127911509286384       0.73624478743573907       0.86468714278942860       0.75860865533023858       0.65121714827211918       0.72826981278520697     
  0.84333580022670696       0.89082932317034857       0.20840115411436616       0.77671413546075707       0.62769085648440304       0.68277129232495715       0.56428937855312100       0.59288241046329782       0.96040364655344279       0.71476730452730497       0.67870541416154972       0.57996829989457188       0.57671230216351554     
  0.61182633043494394       0.73264809209033266       0.71833579708844919       0.76966507569393883       0.65111336438146006       0.65863918327013726       0.69405308699763124       0.66768447924734198       0.69085879499999325       0.81949371845590557       0.58169100719892375       0.73158425012745321       0.76376222519333459     
  0.84966052769033629       0.89645853014847343       0.22010715831749655       0.78844255881264980       0.64106761325952344       0.69878857512256531       0.58017830619467636       0.60700914983099674       0.96187131817174654       0.72190458527162615       0.69165232826993239       0.59402337009391903       0.59467346095437923     
  0.76769439365207814       0.79857107330968724       0.61454235600479878       0.70688216744822030       0.62037124118447939       0.75585678445204818       0.73129741956085137       0.62334391194604999       0.74654840842872372       0.74369651258064295       0.61171500228798614       0.70890558557749406       0.88367770270751189     
  0.85632323066040428       0.90120231694176001       0.23157823579417555       0.79989267840606637       0.65637089679914828       0.71435399355968165       0.59664163529997372       0.62234663900010656       0.96323404628041553       0.72902833737993444       0.70521544180529372       0.60841461397501673       0.60966137673058296     
  0.77660820184314294       0.79053687493298985       0.66866798390288462       0.64750450694444606       0.88569195941948209       0.72696770978532121       0.70535310447832988       0.72985862419438441       0.80098301910143854       0.74220057015786056       0.75009973448046541       0.64457736902798224       0.70105531949275279     
  0.86250797252376643       0.90577396987740244       0.24336834019581990       0.81173801099803722       0.66923518699361118       0.73021039237181107       0.61341088431906643       0.63800460198278652       0.96469225742553610       0.73619375265881670       0.71913309894253929       0.62261747564655401       0.62614132559171920     
  0.88363027737042366       0.72202424286502609       0.76547682455665267       0.70749997403402443       0.67095537951685957       0.72141716064556627       0.68167850055247170       0.69203449511248327       0.67041221553060726       0.71558105549128426       0.80449302056688121       0.69389473327069318       0.65920046384080266     
  0.86750222294001078       0.91001712989190564       0.25631640835965269       0.82278554445982710       0.68253366490083400       0.74822196198651847       0.63042915438788916       0.65651647384383416       0.96636605029593070       0.74361650133997514       0.73267304360694674       0.63709031506396163       0.64272737259440982     
  0.85138657165840481       0.64280175514025795       0.64722637885551870       0.80869591565235821       0.65764339824889906       0.89349454695460151       0.75431353374973797       0.84972868420560499       0.75051198351141113       0.71190001802835856       0.65868834366443940       0.59435908599713760       0.74280063895165660     
  0.87234520694387618       0.91421646324710326       0.26912651647224212       0.83367375704556212       0.69675992535026998       0.76385882041220987       0.64613263539364563       0.67703476901366200       0.96822354618800455       0.75095863358354453       0.74608875340263980       0.65131919517399706       0.65781171105725578     
  0.80185446083089984       0.79629453315004517       0.65921893217718885       0.67116824599475133       0.75184262062823803       0.64219207849316451       0.75220219708233238       0.79352292817256564       0.74648372811005703       0.80730889451769938       0.69517121798122727       0.62337757083424628       0.60164360742849665     
  0.87687330668562835       0.91902580228470965       0.28169151250683910       0.84390576989523702       0.71125106068832966       0.77783612588933682       0.66104640251470104       0.69595963547023731       0.97005203426270914       0.75825172219605042       0.75899091894445314       0.66599152173598453       0.67178765996864320     
  0.65469640764015613       0.71003123880832608       0.56956703681154819       0.81810077461855990       0.73659708381108913       0.64743803667988831       0.75015222727220643       0.71297634862792181       0.85312153412703651       0.77994661762290751       0.66230126110708964       0.76406438107023411       0.65937228392743719     
  0.88098883870872635       0.92365569374992684       0.29501830117518757       0.85361809434825797       0.72557072711892090       0.79223915890010099       0.67515072687399535       0.71236676789326769       0.97198929928627775       0.76534305690291116       0.77324452656318821       0.68174509791744664       0.68823888244709597     
  0.73363248765107214       0.67900035746842058       0.72712707313805569       0.73239278675295705       0.71592845347698209       0.64879553285857205       0.67393699835288745       0.78778622643164209       0.75822348310413445       0.70445462422543959       0.63850191748863960       0.72901877747893429       0.79914240773676393     
  0.88649299783464786       0.92843513119906029       0.30910386924959143       0.86333213247056462       0.73827498583450124       0.80710680856990769       0.68908390828834798       0.72899610045803886       0.97397537216967234       0.77239895815836923       0.78795568785335601       0.69530628923576965       0.70567326300044397     
  0.71387483936591900       0.67528632801706512       0.70340648958290031       0.75639616690680289       0.61503443630006882       0.66678438811920104       0.76390332055924526       0.80116308452016194       0.69499500897792543       0.92186168854199069       0.66042899720028936       0.59742893428512467       0.61306979999545019     
  0.89302245642362144       0.93348733016522778       0.32432678680519134       0.87294466791585046       0.74969473493179817       0.82144105898509967       0.70342282046496374       0.74184397501673816       0.97567975959873288       0.77946670467647072       0.80250049596332018       0.70713628414153273       0.72358227514062035     
  0.86267425688691779       0.88906773095287517       0.63515073922144372       0.59942427043670066       0.63907655698752608       0.72058074212489787       0.66393048186648895       0.68610971588433800       0.79461706576781010       0.68052517135567114       0.65596931695014304       0.70585835704710642       0.84457983211925791     
  0.89929069379582915       0.93839504925402417       0.33674232734809212       0.88164111330649997       0.76081096290495909       0.83477827431092888       0.71916317122174722       0.75503346882675682       0.97714955776861590       0.78561102793209625       0.81622088676084315       0.72006353894746300       0.74268738003219648     
  0.77413777553883190       0.85111212826196170       0.63249131022639504       0.71907568471422845       0.60966455535635633       0.68480449913758290       0.65577625431851194       0.75442078092060405       0.71416990992867924       0.61088472696651486       0.65232265024249181       0.65224271745889995       0.65838879561361308     
  0.90516064998358814       0.94343434622855915       0.34717255548200199       0.88949613822314144       0.77173989490687245       0.84722972386146955       0.73720204678968315       0.76822407467528930       0.97857912053655893       0.79136051578578070       0.83083732296198043       0.73203294785868778       0.76368170169136040     
  0.76813174929116079       0.73642312981274993       0.64789485308773487       0.73892524804643878       0.70618343021948504       0.73578073819543699       0.74938605809850101       0.71593898472758033       0.76553483136978684       0.90995551314075207       0.78181050603618529       0.63917521195788218       0.83793584778861574     
  0.91233934078816248       0.94827855419808393       0.36261800015425810       0.89744337560964726       0.78372061051701414       0.85883805491471321       0.75587825366174111       0.78255259519496678       0.97986643971752196       0.79682963617036384       0.84672107961625542       0.74584664236923559       0.78437987045717816     
  0.81187692802295064       0.80914083512379342       0.57176884727122368       0.63318786928156123       0.70418324214109129       0.68332419097292330       0.86292594216447738       0.71710429946619392       0.76586566193324268       0.64329796107062609       0.73029631069286693       0.60388174297138864       0.72102536438271581     
  0.91948570182545575       0.95220343985279488       0.38946791732178387       0.90590475021583328       0.79697724415100901       0.87084383182421055       0.77410036066739474       0.79965990695101730       0.98125308018801383       0.80270029162963308       0.86147837549027229       0.76385490337679673       0.80348925707933649     
  0.96706154014587042       0.68711043617000500       0.69167930572238101       0.87746502836227747       0.68034302447925332       0.69839140715307613       0.70508746838084624       0.69311590522522726       0.83594074574289989       0.66615749286144055       0.69008745288494533       0.69566505865655381       0.71336641676796730     
  0.92664889224283875       0.95507611482169386       0.41654967000391363       0.91466263707566953       0.81083968537643025       0.88403106148337407       0.79304145241066704       0.81617380008663432       0.98243849776988923       0.80948670321598337       0.87386189657997904       0.78244821047070690       0.82135440012882022     
  0.80537731712652494       0.75032759151582396       0.78493898774248982       0.74257128763219227       0.60549442730797254       0.83501530246968758       0.81130968350264598       0.58289280603459381       0.59773036881814212       0.68152377138926612       0.64549231971688814       0.77128364999416565       0.82294890237176577     
  0.93336543298535346       0.95809006283290965       0.44539909308648273       0.92367319058561825       0.82566853852365341       0.89700175657053882       0.81201145453938683       0.83327766765744737       0.98340519188172248       0.81529271095470091       0.88597853933767612       0.80158610710722533       0.83803673890134434     
  0.80862645039941006       0.66652341883328770       0.69956395893555934       0.71573027402374134       0.64055655467855732       0.87402117325383166       0.82407265273012698       0.72522725875268934       0.80015707153373683       0.56905484273360507       0.62633810299624315       0.62629560573044385       0.78027946396449466     
  0.93940663618466436       0.96132296936395512       0.47280869717321455       0.93255206488964582       0.84111193856951649       0.90834174521646283       0.83111575101078428       0.85100362481341540       0.98449080535890043       0.82244124750783243       0.89693615226900070       0.82190549056584161       0.85523757625786989     
  0.88641513136398220       0.70024626718194072       0.81855698667292975       0.72885397877579272       0.68415383865424562       0.70980201657670039       0.76050079589306407       0.78872763599361861       0.82591656175274186       0.75481243822951205       0.55690476053644544       0.67037895577020201       0.68630897634608501     
  0.94495983317165344       0.96504967118019891       0.49600381434618795       0.93984664705242582       0.85629383473008569       0.91950293139816519       0.84957865998276738       0.86824348348488956       0.98555461535764921       0.82940784007917057       0.90713697943398752       0.84578468169822374       0.87193155461244065     
  0.70571871592476065       0.76900324861192659       0.61806107401356625       0.75200025863716591       0.74597050229443018       0.81153782835356214       0.60392754442075103       0.62375275127822893       0.63525725478936890       0.74316796273500429       0.68461221437754016       0.77767645848573996       0.74526877776343969     
  0.95039950235664084       0.96947019567383408       0.52413586766969800       0.94710469998399005       0.87402208935841996       0.92960917858584058       0.86832192952334231       0.88331598313151938       0.98659343702280555       0.83784852762940210       0.91906862212789775       0.86874688079948048       0.88898897099470375     
  0.74210137898508155       0.97279768636461628       0.71851081444336984       0.77009186560878895       0.69350369587066818       0.66338220686307414       0.92648915164010925       0.68352993046232247       0.75364349748584170       0.60887945236046903       0.90418361860142415       0.68890005846129254       0.71160230579088446     
  0.95579621763328837       0.97443966579429731       0.55578264154372525       0.95448422458604865       0.89161935389491553       0.94076878172241063       0.88811362718946030       0.90033253076554498       0.98799016271099360       0.84607548406644217       0.93159120915150195       0.88993682227447635       0.90469985776329853     
  0.67400329109003299       0.91461595715594368       0.68040991851862764       0.73162379501393238       0.87826699136212050       0.71152390632766882       0.65626695095959831       0.78972832971319651       0.66957158500929581       0.56111467729804276       0.61483259502310728       0.75842978629757551       0.64807795064660434     
  0.96105216066847698       0.97902116701955177       0.58886372768401440       0.96167173984657217       0.90941302403675472       0.95090300806165573       0.90896549261318538       0.91779958616426116       0.98934851632453302       0.85476557167114797       0.94236227252358673       0.91151899158742644       0.92039867276239262     
  0.79692602700817605       0.90575452883044927       0.62955640697481130       0.73830169533094248       0.60998791285883358       0.62720335873228727       0.77499856059411154       0.75830692811227629       0.74201159413258444       0.82448985032700151       0.65294644249774492       0.77272852381991286       0.65924274224454638     
  0.96769222372542629       0.98358867114318538       0.63394768141219904       0.96998260181753237       0.92732512587300475       0.96026295517602156       0.92964966383313241       0.93471935531726091       0.99081571856309480       0.86399489810469632       0.95290368837338424       0.92903545840260959       0.93666439796454815     
  0.85241751389159170       0.81545673507254290       0.81687638483660818       0.73809584258405647       0.77517550123602563       0.75777342345883048       0.79971305021129779       0.81794276854828019       0.81227242434577196       0.75916728503938646       0.69388792085498652       0.67952388097366878       0.77918636076942160     
  0.97386284492276209       0.98716811352395473       0.68813777447795610       0.97693219717865010       0.94563570994912416       0.97033832881604454       0.94686033811126247       0.95143463428028130       0.99240912823317562       0.88155219289516562       0.96295667515525274       0.94535643339857633       0.95248352771782685     
  0.79163043984528103       0.71622351485088409       0.74723481703804118       0.80410409116589476       0.73988864216074901       0.73350580514898012       0.67099346257094639       0.67247897589103844       0.91283843264723730       0.69938797365372996       0.75003476108576428       0.59170108980367908       0.73750512867404827     
  0.98072589439663294       0.99127854372247182       0.75996963064615608       0.98370090701118895       0.96542709502577573       0.98054511578484382       0.96616779531752506       0.96778544045061932       0.99409801853154367       0.89961955653104309       0.97224803448747754       0.96230852796875332       0.96751186250815091     
  0.67137835014310621       0.86211574446005257       0.73422129926305446       0.64866305295184590       0.66345891570222792       0.70797846723522317       0.75379496729302686       0.75565379854684578       0.83130235637572591       0.73511916326546378       0.69261950436777420       0.62088916023819074       0.61562380943657802     
  0.98978140576731266       0.99565501900819486       0.86041257217459755       0.99230010698512039       0.98268066121004849       0.99032399546797389       0.98261015798501905       0.98382748414574239       0.99663588197014341       0.94463215546968959       0.98507725022495396       0.97812934942701557       0.98323901407205061     
  0.84709118956347551       0.88223967328083797       0.57799972498616425       0.82416392200220334       0.70650845647272442       0.68395195179188417       0.67193980409976639       0.78418358484367634        1.0455688250861359       0.73328936160266645       0.64542229044734367       0.63450101747971910       0.86974705373307881     
   1.0000000000000000        1.0000000000000000        1.0000000000000000        1.0000000000000000        1.0000000000000000        1.0000000000000000        1.0000000000000000        1.0000000000000000        1.0000000000000000        1.0000000000000000        1.0000000000000000        1.0000000000000000        1.0000000000000000     
  0.67051099525741875       0.74963222300073296       0.56711275841389885       0.72239932269073848       0.66010623364554799       0.66686811243511945       0.64058453591080233       0.79221689319017541       0.62965146776756387       0.60716161802927093       0.73440666224014994       0.76124487328041845       0.76903135039026715     
   13.666574543270885        9.4539749649684808        1.2714007807645311        7.4036673865990705        4.8749567204503403        9.9241964077119231        4.0657787769614782       -1.2936771549027888        0.0000000000000000        2.3213650410286131        4.6582328429230397        2.8676070132647768       -3.3685359157495064E-002
   8.9978949164684945        9.5672893258560627        8.1978556770247568        1.4375343378627246        5.6789331480892828       -1.5521170786597449E-002   6.7637974008569373        11.934630021291339        8.1476764278323799        12.304680548165733        6.2692448096028173        4.8367213679681447        5.5865790452046653     
   11.411363946636751        9.8355366926881356        5.2161403960825590       0.59413007767138526        5.7198912924904022        8.6316596521804030        13.835258199172204       -4.8813771944811304        7.9429259740620255        6.7230236497645963        6.9416505260999379        2.3879976046203426        5.9225887393051293     
   12.145781632907655        10.060668015156946        6.7455176783634370        3.0032957782330882        12.514319200169277        10.860766862018380        8.7742530184732104        10.340737142175602        8.9947661459973336        10.184080665742169        4.7744878679467515        10.703417049211055        2.0210103461884228     
   9.9670223504606899        17.233334878357525        11.805443666739350        2.3268810945402545        2.3316053564254333        3.3044142970011881        4.9281576043188453        1.1968908496762902        4.1084173756985534       0.91746067262150666        6.8465116928565557        7.2641430093880430        12.685659531290179     
   12.716570714763510        6.4302085880687088        8.8374106713230027        8.0695216720762577        8.8387270836868570        9.7741553396732588        1.8471984195682511        1.2295827945789863        8.6255235723917618        3.8301673061405026        3.6767001358587703        4.1355373241445212        11.527068623261901     
  -1.8749362304497212        10.373665020456588        1.5365504943063915        11.623462196578190        3.9818118417692752        7.1888162612695172        6.2435863957229172        8.0926240514370562        7.0041782996320796        3.3040776409116326        4.8611062135829606        3.3304239479107975        6.8806982838033370     
  -12.615398770045692       -10.508372825029388        5.5419757833307521        8.6559563889559392        2.5801538747509980        1.1122990469692235       0.54161851872257560        4.1710125448548485        1.1747929839309352        5.9488844359745059        3.7688251573359199       0.79192422460248513        6.5144424873865656     
   9.9971326462340452E-004
           1           1           1           1           1           1           1           1           1           1           1           1           1
   2.5839515832834991E-004   1.0292127252550005E-004  -1.2174109710030092E-006   7.2594838282258349        8.3565249304258034E-006   2.6195929800392066E-008
   8.9376199415741308E-006   8.4365156051263098E-006   9.3389924011996767E-007  0.33165752251403835        9.3328186981556356E-007   3.1945912941714371E-009
   1.5495423141829895E-002   6.5608864076544036     
