   0.0000000000000000        0.0000000000000000        0.0000000000000000        0.0000000000000000        0.0000000000000000        0.0000000000000000        0.0000000000000000        0.0000000000000000        0.0000000000000000        0.0000000000000000     
  0.20173897239857108        3.0635313694030358E-002   1.6736944690015593E-002   1.1612631023325359E-002   1.7516784059345470E-002  0.31992293995386201       0.18794264481214060       0.10396852871511744        6.2709495086730280E-002   1.6808176262135856E-002
  0.53556319370246508       0.57822108941065598       0.55164892673301880       0.64510184341557220       0.64479616209155544       0.57385411633224714       0.50556131907429303       0.59042149747465189       0.63162236181765952       0.70818340858823792     
  0.28807167618363833        5.4837282152739232E-002   3.4855117404904094E-002   2.4203452910524975E-002   3.1720472291247748E-002  0.55911613121314852       0.25883502689249849       0.16714945104780957       0.11013872655042925        3.3295685402244729E-002
  0.69645740525163247       0.46426725803129476       0.52237029053738404       0.58318741990987832       0.57408267959964043       0.48164485651557382       0.59015031073496160       0.67658466340890255       0.66746887042902436       0.62054229976213859     
  0.33602978304020981        7.4980660710425001E-002   5.2069207628136327E-002   3.5188187463309296E-002   4.5495797555617744E-002  0.78159668996462328       0.29725902922351066       0.20333781960676972       0.14428002315283997        4.8386546258340629E-002
  0.59951579454013038       0.50591447993287564       0.73267448959819426       0.60051956769813009       0.64029762110278476       0.55684487187111675       0.59370824534582300       0.58696785029330056       0.66499421835811001       0.50470517821696848     
  0.37404690802927026        9.5904851108933764E-002   6.8056695299000519E-002   4.5070410281695852E-002   5.8599792676476414E-002  0.92362700847708634       0.32348579912236797       0.23476729636817453       0.17531123765313383        6.3615368652769247E-002
  0.55705507629637341       0.49372139999539555       0.58161845953576663       0.55605986092297288       0.50217340499930541       0.53136273843687687       0.60599473804828008       0.62380332803072158       0.49910880266914126       0.50228705998588785     
  0.40450844733957531       0.12257300570720231        8.3407111256819044E-002   5.5918446671610299E-002   7.1704179550624317E-002  0.96253841717252386       0.34411999408953581       0.26393928829775348       0.20149319448686992        8.1237444410641624E-002
  0.53655150203006396       0.50023815711402575       0.60727629038226583       0.55479590590381822       0.53540875465337356       0.48401927711385540       0.46898696938357964       0.67545029239976939       0.57373273913732148       0.54016138499950483     
  0.42853794881519142       0.15469783503318174        9.9170536841839171E-002   6.8694667754548702E-002   8.6976161160664520E-002  0.97652938525344724       0.36388822814867477       0.29162066359690098       0.22427693949160857        9.7177137761247492E-002
  0.48344538698888584       0.53218887277107130       0.60266602381490064       0.56000735983868011       0.49053920666583511       0.67545120575755180       0.51890952371667343       0.62622890792737351       0.58017912196454580       0.65209421921856914     
  0.44959014529881225       0.18308224231022333       0.11576757596426555        8.0993756013154200E-002  0.10242967919069453       0.98267707681993566       0.38318205492874757       0.31766376438024113       0.24577022948763033       0.11464417462309420     
  0.58277918703266429       0.59025783555010525       0.58124566245596587       0.63255419741946661       0.58815721170775548       0.61421560217603577       0.59298162453124681       0.57681701883796943       0.57209151217756249       0.62087689079948782     
  0.46885935641656590       0.21107753552797109       0.13315996564786706        9.3215170375677378E-002  0.11858552276745052       0.98596376773279237       0.40076446485644257       0.34199499354379814       0.26822522733711568       0.13286553905466369     
  0.54857189809772133       0.55921250553757396       0.58581097360180823       0.68989226126750425       0.67131817973651253       0.55770069150419266       0.63987391365083046       0.56471347107397829       0.55201478388266578       0.61899868347723752     
  0.48666049773239667       0.23917114521763982       0.15027514129550709       0.10577398568647844       0.13510693630195791       0.98788543150707409       0.41693401229870919       0.36425651044223878       0.29214716719791783       0.15068024445678341     
  0.50127315133535677       0.69502276532107521       0.54987010859221264       0.58455305614723341       0.55635515603921337       0.55598183347728669       0.58655559023226278       0.65396291226768277       0.56017323747001901       0.60022997517954835     
  0.50533035593776765       0.26639214453930476       0.16611279797904022       0.11801394893980523       0.15114669302482586       0.98917938103279024       0.43240547858570461       0.38459158929244758       0.31639942610274990       0.16808774162232282     
  0.61049599679524680       0.52073592498692267       0.57885907098952627       0.63529908680169977       0.60683446019772891       0.45953816903050421       0.59414777318818501       0.58278090883894507       0.54710713300662550       0.70134015767585078     
  0.52395889509080540       0.29197597451769258       0.17993406347170943       0.13054335064530714       0.16775124021183185       0.99035629317059903       0.44726968602456363       0.40270179902592551       0.33933340601941375       0.18516312100712728     
  0.61885493092071675       0.50899899584047736       0.55708228925103442       0.56371756096555248       0.58992766945880759       0.46638322703726981       0.60506323657905081       0.62288262607119649       0.60404571256575179       0.66132825021953767     
  0.54297750976600356       0.31748524294767455       0.19260269224552645       0.14335319065778007       0.18360537193137355       0.99132493743489414       0.46315298676386357       0.41902342024226591       0.36100546230416558       0.20173739636779286     
  0.50029018003528114       0.56488560078812566       0.47323889588260948       0.58215067509375373       0.65571848385480302       0.52086206900849208       0.56517940481457718       0.60279345886395741       0.56441345107421592       0.66081710936195348     
  0.56213458771686176       0.34186936019766778       0.20434356735619741       0.15650284430999578       0.19950958998661331       0.99210253001706528       0.47819536988592853       0.43385677390976124       0.38224307697081755       0.21762361393717761     
  0.55376613875103764       0.52470197073765712       0.50031730540932817       0.62151002554115276       0.63706881255578585       0.47979200074214151       0.61542673185131103       0.48191309560392187       0.58073626539833700       0.56891066183248162     
  0.57963812722734298       0.36607415596937315       0.21519932391638585       0.17003182014975476       0.21524494070566638       0.99278534503369131       0.49118251715796857       0.44866902453971247       0.40294746979113433       0.23296513726781340     
  0.56774875831924210       0.55720642097406892       0.51669576243846826       0.54812835299862084       0.56538232899642771       0.50762391297108977       0.57562847123908201       0.50192367245259772       0.55929425082450435       0.56656336840539301     
  0.59521930979604964       0.39128755926510861       0.22906592841790185       0.18420707614152837       0.23173785765070101       0.99339722883799619       0.50256775072793836       0.46200423298447268       0.42312063575881714       0.24795993540813235     
  0.61073277921434410       0.61376535113435826       0.46784821696771611       0.54965318145055242       0.64382489770171158       0.54137910343357920       0.61179725821902475       0.50314505160741718       0.56179495372839849       0.61034144986387517     
  0.60975257117287351       0.41657487703198259       0.24414423733085586       0.19932892214564302       0.24912653021437453       0.99392791892611621       0.51227492414578368       0.47593761048781791       0.44280067485541219       0.26264987622030112     
  0.57207153110197428       0.65071536798827023       0.62159582602995922       0.53176900696703877       0.61576560671005354       0.58403350046748859       0.51133111544635967       0.56568473653747153       0.59485923161954557       0.61459647745464008     
  0.62378775416337462       0.43955283438522846       0.25957357432898931       0.21514409462649750       0.26655067672128324       0.99437903895991708       0.52190969476255600       0.49032086594745095       0.46136902268074154       0.27761114419767369     
  0.64614520240721163       0.54387704336490139       0.58906438801257222       0.69971193080707172       0.50555525718851957       0.49191141953719203       0.52866364763154605       0.59852030604330764       0.55072928178407221       0.57843675464053279     
  0.63738530248620129       0.46006710687087798       0.27437908353048651       0.23104861942589816       0.28373834435188861       0.99477275913198415       0.53125489434833617       0.50565988680162077       0.47886230074267477       0.29282765487979118     
  0.58095046319023946       0.49682098458582846       0.54635663089163933       0.61317274781353848       0.52487251370922350       0.52305880140210126       0.60243621548961312       0.49996522344908639       0.60438062328196052       0.55881774277866969     
  0.65034288940651996       0.47791614683444478       0.28779481754791414       0.24674757561693020       0.30096608703610161       0.99511523413367708       0.54093604924087724       0.52165968282358455       0.49603205369343562       0.30954806963446763     
  0.57649681627063887       0.50676433477160832       0.57696637998480715       0.63129840426486472       0.67053707647389560       0.50437397394953531       0.55110653968120904       0.57395725510695028       0.57244129705211344       0.65175351656937419     
  0.66285509817345722       0.49661168839626879       0.30319436549102058       0.26217155024259536       0.31793403714741392       0.99542167921730074       0.54913035827000212       0.53699982616065067       0.51261953218777478       0.32555709002144823     
  0.48131355462198483       0.54650607286666775       0.57281639988860766       0.60919258745617044       0.79771170127224766       0.51235937175589918       0.50688545388427020       0.57444584827631795       0.58605175040107060       0.66782621883811499     
  0.67528855012214484       0.51558501316474903       0.31975193530936136       0.27700376856787046       0.33525848761515742       0.99569575448437408       0.55977429776183174       0.55171114489555440       0.52836372900016038       0.34062690793498246     
  0.47925744523369185       0.54757844093486308       0.53877062747329130       0.54285288768844742       0.51332295924285254       0.55558448870797905       0.53259502594178865       0.48813375988604013       0.59443009408511627       0.48926466740206970     
  0.68699283338697259       0.53271517329745044       0.33594372661857935       0.29170392922671773       0.35343290285726620       0.99594384754494714       0.57195448662579484       0.56538186418455860       0.54372418098805686       0.35556938018371725     
  0.55489617331497931       0.49860278444721406       0.57102927893167543       0.64915653182558841       0.63097603707721861       0.57886764561952231       0.63614311477531515       0.57042574888201658       0.58872661551123529       0.53779905533459971     
  0.69760820436041393       0.54955531090162213       0.35140685616274614       0.30714051174806933       0.37182483242004472       0.99618717143231283       0.58394620506197614       0.57832341969334855       0.55874153379621083       0.36969749496734078     
  0.55866934819584591       0.60017643874825022       0.53558361666392973       0.52278264792995222       0.58349774030836421       0.51816321861762737       0.58856668042644544       0.60860406330003347       0.62124177734840069       0.55648573778635479     
  0.70779971056701851       0.56626520428970417       0.36676637518005351       0.32265789217142160       0.38972922910034347       0.99642079257319338       0.59563270831018611       0.59124817933055152       0.57368472636176315       0.38409794969344768     
  0.52164402528692089       0.53140573555574722       0.56103602504444350       0.59158205424425780       0.53418239960764402       0.54336145247841838       0.61078386872841450       0.55140223963842960       0.54388566125466287       0.57037814378409146     
  0.71778031088792515       0.58229721671385171       0.38265727593058629       0.33865610192924456       0.40594848775430453       0.99663429390359715       0.60695174148297371       0.60437632440519062       0.58886581234390944       0.39908895912596032     
  0.46690796331447026       0.49932452607167804       0.58855517509667454       0.55963697455802497       0.54171677714790700       0.54023450211450974       0.66450413598139690       0.54864165383799490       0.58770952097642326       0.65883756934438809     
  0.72762089503398919       0.59713977871516377       0.39855708779387722       0.35443053525068585       0.42107531801007336       0.99683358992200866       0.61827622972116114       0.61819615926685900       0.60264225686582085       0.41505265788401186     
  0.54461970010073479       0.64599042235169502       0.55185868098663127       0.60510830716465669       0.66816916743910681       0.56578278587633979       0.59199468964525748       0.58222994885095558       0.55386290378626868       0.60459923557221718     
  0.73769358770534854       0.61191676428903363       0.41400959496618528       0.36975291753580303       0.43664596947535067       0.99701956964879512       0.62886467450719530       0.63134277859831478       0.61700159970085944       0.43201470828222915     
  0.57385429397675458       0.56552875159335558       0.50321831516123194       0.54639239774048254       0.76636799916441389       0.56619025092238295       0.71774611631995500       0.56544366572939342       0.62832422803318222       0.63653206071630741     
  0.74731161579438588       0.62707057588159365       0.42966425061672953       0.38493306434477531       0.45239991294180121       0.99719337793616414       0.63897480016060726       0.64348266796533249       0.63014314415231831       0.44954976552443371     
  0.49725179549218462       0.54734481642005162       0.53785089138622233       0.58846866141452492       0.66192437800946946       0.54270852303707340       0.62148699248736849       0.58840518628478511       0.53332486590897488       0.69508014419858044     
  0.75593491611319419       0.64233043012412816       0.44586089650676008       0.40038223052375588       0.46704458086154188       0.99735403929835820       0.64838451183698198       0.65566294397864944       0.63981192194661418       0.46689857512367844     
  0.50810688863174625       0.58879395869874118       0.58139265294683962       0.55859817790341348       0.54264346580847422       0.54550249224555314       0.64174074611190635       0.57156797533644055       0.64744630033848538       0.60585234375752361     
  0.76436853190909548       0.65616694421945188       0.46199915846396106       0.41563432651141646       0.48029004937650110       0.99750761606790395       0.65787036640809871       0.66740630616648833       0.65211300162717045       0.48318478988562313     
  0.56582798042893390       0.50783403017830653       0.70969309330989505       0.54635308254775405       0.55052478784675896       0.56598039022904323       0.79794824571951273       0.61367843776860365       0.56194857058844194       0.53219926400545414     
  0.77296148076967208       0.66918346653903027       0.47772068800734546       0.43010770448995317       0.49420592167701483       0.99765352167071175       0.66740944921855150       0.67888471979003640       0.66469699137295168       0.49852928519515072     
  0.49398887364986677       0.51733384915107550       0.63286929167469597       0.61571496831847383       0.59744636877845636       0.54302072253025935       0.73693152038807586       0.55517667517015890       0.54039299275198238       0.58430730572682976     
  0.78155293284883076       0.68242328864642121       0.49376256766120347       0.44415308299219508       0.50786438446163928       0.99778943890791194       0.67693608037533148       0.69133865808834927       0.67760544118005872       0.51450773360870983     
  0.55203288322739086       0.61084123770679000       0.57768264604322428       0.51134422123537182       0.54394149205167064       0.65263474336488847       0.70105346865441398       0.71154936630289645       0.58227404797568594       0.60155536788345187     
  0.78907998938752211       0.69581680870297502       0.50902274546673076       0.45921376046424772       0.52155912110758496       0.99791400796198626       0.68487004781861238       0.70342695667050703       0.68932473924694049       0.53138194421186480     
  0.53499544473804783       0.61470723554456885       0.66480483933082291       0.59468457284286769       0.56911979538160329       0.60950189186607973       0.63696734762306861       0.47620081043555085       0.64344723847321306       0.65235095488353800     
  0.79595750105032026       0.70955942434592789       0.52255495307498168       0.47447374974564099       0.53571025852247423       0.99803084929579389       0.69231392333118702       0.71593626630312113       0.70003754680635899       0.54857193177776920     
  0.49100045370044260       0.56106699111103864       0.54579783293890960       0.66723170100815810       0.57495726233345301       0.47665956630869161       0.56414123901056157       0.63754251588980870       0.54021599968087775       0.65106853413679922     
  0.80301720134772558       0.72356157312896341       0.53543651118788071       0.48945068110892181       0.55062286568353191       0.99814396158246299       0.69983171288256685       0.72808279500648099       0.71152435956617310       0.56533645651288023     
  0.54544597281472418       0.57154033537769655       0.49738291159493309       0.52349094753082714       0.61691364922931813       0.54904785694605063       0.55040969492965941       0.61087078934941264       0.59828532313053218       0.69668732958112456     
  0.80979116276049357       0.73674507252432542       0.54855014204181629       0.50552864172423573       0.56546540466563711       0.99825386595635524       0.70700926708072509       0.73908193250474008       0.72189345301016539       0.58126865799694882     
  0.62059964502772680       0.56850742462479353       0.53386017516174533       0.60951498453336583       0.68485099629631785       0.54012510223898047       0.59682947793918661       0.65663765568812515       0.51084862061530900       0.60999874582754154     
  0.81636657756728792       0.74928056020725176       0.56245296860059879       0.51976154476180936       0.57983486478798285       0.99835723571925628       0.71416923587039105       0.74947688027486781       0.73189707110653579       0.59674969818318957     
  0.50397615834130005       0.59565283474777164       0.53794668804767398       0.57838492862229085       0.48520179734924346       0.58689239465170617       0.54486094795421425       0.62429696608871277       0.50642312771115006       0.48423754310463574     
  0.82303980678625754       0.76159865432210760       0.57751546256105890       0.53324852804322576       0.59586894745951657       0.99845361116117193       0.72136817970732525       0.75985811859038377       0.74329023416838680       0.61250954809288627     
  0.50105000609109063       0.53259955547728999       0.50983312702280659       0.63744064219210661       0.62833119514788727       0.55468617430448297       0.51109930880194443       0.64966725647099288       0.59770606615666322       0.52489187057925357     
  0.82939728929615986       0.77409773999318365       0.59236999033072124       0.54587484771891470       0.61480508923609456       0.99854455647688245       0.72858321244860014       0.76984244532740653       0.75475688590012735       0.62831414522711093     
  0.50124534017293598       0.59512296426904410       0.54156558800018717       0.48957032898041669       0.52937864531196366       0.54605746144519762       0.63722041023313292       0.53860991173577200       0.59777475808716152       0.56079555864303032     
  0.83543192247885301       0.78643629959450212       0.60698914438024598       0.55799054413809090       0.63295721572180730       0.99863462121770830       0.73574650427440180       0.78057077122681873       0.76583472725605484       0.64383477249337517     
  0.49311127161478141       0.64282545688679438       0.51157628256731680       0.51644515968112037       0.63615097291393885       0.58564552432942341       0.56716795244418428       0.54485085728127747       0.61898892101168679       0.50615248019169956     
  0.84188731268182870       0.79752813364380970       0.62204945733663586       0.56876041263409982       0.64942362256214647       0.99871791326121362       0.74280424568914838       0.79173301592575474       0.77726583636178526       0.65937128741404305     
  0.57869137995522191       0.58511852244652163       0.65987115596963974       0.51794645153036278       0.55569360880174301       0.57118266467546319       0.52745003088771369       0.69586779905397345       0.64864567492984027       0.58702501647661753     
  0.84856737148194639       0.80863325666146446       0.63814019701734226       0.58110178704176241       0.66658323935919184       0.99879582428069880       0.74984368890081055       0.80266612898655587       0.78929997926080619       0.67493553189591504     
  0.59250504990807262       0.57917269299313601       0.66759229431764311       0.57372141487440109       0.61790234842111946       0.63707764635301911       0.59710371128912398       0.57238710604995491       0.56227994702724471       0.52072992710124277     
  0.85492329198217643       0.81897370348401555       0.65452205176955780       0.59661999148498090       0.68310489833466170       0.99887124487476708       0.75670680354123554       0.81316938371927472       0.80132398856612830       0.68888068611196185     
  0.55709573551492797       0.56007846716788623       0.61741645431731740       0.56047582455882994       0.57293354642879657       0.63294604879770533       0.55250293966677577       0.65506525081059697       0.61724695153860032       0.59636735144251285     
  0.86121819770688357       0.82906354726458609       0.67293138734716862       0.61678872170061327       0.69869838420356434       0.99894456131388698       0.76336806512506028       0.82314371673666842       0.81223006127916708       0.70281263259219795     
  0.53651372418161591       0.56914460849000459       0.66862486540376609       0.68706765245552903       0.51644515968112037       0.60462722876402442       0.60027570318014323       0.60986142295747725       0.60969589347143904       0.59621759845643685     
  0.86764893315423974       0.83970384183584967       0.69114559061105352       0.63326485439221492       0.71129234632523308       0.99901572890666712       0.76997700285729875       0.83267325174658913       0.82290027297775448       0.71665004974503865     
  0.68358265679677588       0.69427007685296260       0.57717846810069162       0.51228472041050166       0.57090295808663172       0.54526298084270464       0.52931914602542862       0.54202745212034942       0.55821765816902791       0.56693717638704633     
  0.87378641349793118       0.85038858128517336       0.70836191697676232       0.64926746691101167       0.72444430437521334       0.99908483608216614       0.77665033224225766       0.84209939174402393       0.83399037237695173       0.73055867398279783     
  0.61880283821736093       0.60639538519041247       0.62228612090365021       0.53094636696027331       0.49587246160324361       0.56201285579451843       0.61242635493942654       0.56800342092089928       0.52829208974131803       0.58718453837867757     
  0.87951158832549192       0.86112687775585472       0.72528759856374991       0.66601569717444253       0.73715552826919883       0.99915042462817094       0.78341176500242471       0.85154112113803238       0.84519901708992207       0.74143491289492403     
  0.52182721466819137       0.59296497030565831       0.61458714711416018       0.59089697444969491       0.54298405579408482       0.59665001031195120       0.59770764545042865       0.60242630531318631       0.57010714061045387       0.52971959127030732     
  0.88463439780513664       0.87154408117657989       0.74138739810210152       0.68204600068701160       0.75147530222787851       0.99920948497824402       0.79017919162848216       0.86091233044172477       0.85571865524024449       0.75136342972067394     
  0.63075966622016921       0.78184255742648545       0.72105963599694267       0.55547595447006082       0.55910319782309481       0.59123798822329654       0.59312729102049444       0.62189901792358215       0.57567113744485043       0.48908503078045695     
  0.89049109602014365       0.88181992574569534       0.75747391176213330       0.70270338495880391       0.76675433035590723       0.99926697248332463       0.79706603232535667       0.87099580381536867       0.86575062223922195       0.76264378308187297     
  0.58739292010658872       0.70048041503625913       0.62928031195102618       0.67062427486399045       0.54652208829935334       0.54834676187369169       0.54000146122286208       0.66166689507239562       0.57882585422408739       0.55914661089371609     
  0.89721674568598020       0.89168799145638866       0.77384771343975267       0.72202936764827641       0.78322568216123900       0.99931964294139564       0.80386365342320198       0.88147602632488797       0.87588549235050261       0.77567282627820655     
  0.54488448777439613       0.66503588288989246       0.67754008848802305       0.65750724648047332       0.58443819572891920       0.64429340710818239       0.62873149381646776       0.63743521318231344       0.61809180148453746       0.57960144740647479     
  0.90368932592652884       0.90161457747301821       0.79037427561694296       0.74346932223110040       0.80004612237698258       0.99937259804859324       0.81036924299902580       0.89171637293112382       0.88631560414716892       0.79220512317118263     
  0.61801632583907518       0.64579530602408153       0.56258309191309008       0.66938827876654605       0.53052543206781033       0.60635448998061203       0.49034174683619375       0.59590571313184471       0.59144020766568417       0.52270100773529427     
  0.90984917772682639       0.91157139287077593       0.80690748803335932       0.76606665559738429       0.81698038629137359       0.99942354537094047       0.81715212939567550       0.90143111741442672       0.89659790916099646       0.81050914809850194     
  0.62749806420606624       0.65026288339567817       0.52646340498146582       0.55116602065925058       0.57783448794539527       0.72849376948039879       0.60644468255356454       0.56012740438753150       0.51751978034910562       0.53423457920766071     
  0.91586743000977477       0.92113320099275353       0.82303490429494874       0.78814649395713066       0.83363263274581889       0.99947522110528153       0.82437367961710817       0.91068628260596385       0.90686466299697799       0.82883109100334240     
  0.56528706812015495       0.52495495254292857       0.62559852183018316       0.65032297744577283       0.64424461663580623       0.70763548410865207       0.64016475346759472       0.60271435877643575       0.67238350686170445       0.61949069683004443     
  0.92197920524920329       0.92980798504257167       0.83885386474262891       0.80880456121909761       0.84971762137466866       0.99952784081406931       0.83179325308512175       0.91968476383671305       0.91700191794006958       0.84706184102641691     
  0.63755463147563751       0.69695069383159525       0.65367186679423428       0.61817510398204589       0.65771548528261792       0.68116454040691377       0.54551203164625051       0.52481694479281660       0.57673779789711321       0.61228473992761578     
  0.92820872308683477       0.93806978372201666       0.85465815609135776       0.82834206938699795       0.86648712812535300       0.99958040640651125       0.83953478383406599       0.92807843185159078       0.92568836653492470       0.86412332751479293     
  0.83572065174721832       0.69270860863100003       0.59379125295471624       0.55152247925924169       0.63208188667113940       0.70121042840501635       0.61819645612912955       0.56141416056547544       0.54175617432615653       0.58906445744805713     
  0.93474873851411355       0.94582794731321018       0.87028418009634900       0.84737007565998657       0.88371442628719676       0.99963088161827796       0.84740545333572148       0.93618790131734420       0.93393416323827338       0.87976638713422073     
  0.70962181436605321       0.63682513618652681       0.60244335305734165       0.50738766098108512       0.54881800489965005       0.60884556216363517       0.52067292942314181       0.53238161376853443       0.56416128224831907       0.57797793809965925     
  0.94195494050125916       0.95316681484687427       0.88620417022742015       0.86707012029752417       0.90061403017553565       0.99967434172757652       0.85420415914358616       0.94434944738193705       0.94205556188218453       0.89520205501263483     
  0.82414939645952801       0.65429304497522789       0.53629425977880985       0.59131281235149868       0.69713757872613680       0.70827223285157703       0.61700970219736395       0.52382856468940742       0.55575191311708882       0.55775917723427915     
  0.94852195275081352       0.95988756591333635       0.90312936341612993       0.88783066387121234       0.91645401029655604       0.99971816652842083       0.86158648884340461       0.95240224773358351       0.94989286794331484       0.90966274101208167     
  0.72332784808935091       0.65537553243453484       0.59056532746723234       0.49113808763276040       0.51603838594112483       0.62374114928496360       0.58120256461465125       0.62301382790513748       0.63351059826535705       0.61770152622609431     
  0.95568606879027695       0.96749383407799217       0.91975208574571499       0.90964468895584194       0.93165688460870333       0.99976105650730074       0.87026162288355413       0.96089700135341705       0.95836544308862393       0.92478432258499432     
  0.74823410457053297       0.54844600534097021       0.61896251484036380       0.60749223096803939       0.54427945354540519       0.82619329721281387       0.61183279284775649       0.60804172760054453       0.65966035148076874       0.53629760783711788     
  0.96326607908365436       0.97503168287695918       0.93632542674248465       0.92841765282653499       0.94595016968525891       0.99980433052443407       0.88001750702055936       0.96972406844446901       0.96713058034324861       0.94007294290914678     
  0.77187612039088838       0.69473060526497510       0.71241193755463006       0.55455668555086535       0.62974251604287068       0.90082322323332420       0.49041639118392644       0.63861454826761332       0.56188152300219307       0.57518743349216106     
  0.97130768174505144       0.98178952228262262       0.95184784316590842       0.94574044846063254       0.95963798937823419       0.99984895790628447       0.89187072224799002       0.97774525586520866       0.97536083568237297       0.95510740993799537     
  0.97831396315111874       0.53836182557730905       0.66128016425708225       0.59218503038597758       0.46929395089818826       0.68166494214497886       0.55137925185255299       0.53021720727261534       0.64295790790259688       0.51770075304518803     
  0.97999051770206602       0.98811000738510590       0.96777879279253110       0.96284600640748652       0.97416322960951440       0.99989553231106909       0.90747042120273325       0.98539184801955282       0.98318498241150720       0.97021733628842965     
  0.68796724200650439       0.61479914840538807       0.63587556891601393       0.54104531186242177       0.54496986137612213       0.65956488787866518       0.56858878697245341       0.51872791151506881       0.52443294838354504       0.54220566652257507     
  0.98969677468751005       0.99418763310861169       0.98378111639347521       0.98235353593671493       0.98707264340510503       0.99994560965921520       0.93772350672336280       0.99303595336865957       0.99124733189198089       0.98505414123500179     
  0.71956778446860481       0.60546703986196593       0.60667457546002668       0.53872016231989328       0.55799404243531114       0.78022926784469648       0.59297833202357442       0.55792090210181122       0.57840747819456562       0.52182196971047567     
   1.0000000000000000        1.0000000000000000        1.0000000000000000        1.0000000000000000        1.0000000000000000        1.0000000000000000        1.0000000000000000        1.0000000000000000        1.0000000000000000        1.0000000000000000     
  0.56723979901922017       0.75182149417731448       0.55877758925301724       0.67697323575089019       0.53158298500779455       0.72420051540570363       0.46013816596098589       0.52859135507652599       0.68304032084377120       0.56105095706117647     
   8.0475032703400053        8.3307054884689506        6.6082023556376459        8.4463860591255884        8.3176168698514132        5.8025129977132570        7.0562769506896998        6.6901202011796839        6.9435999569619327        8.3486920534513533     
   7.4247502002122641        8.4504456039807518        6.0554514634860164        6.5943314820516568        9.1670483807591019        5.1253258139308917        9.0058604998412264        4.1847586163222701        5.0004151038464490        7.7751623114663220     
   6.2081322580133538        6.5338046891639356        9.0908299839831130        5.2527156212893491        6.0255872185158621        4.7691144909049124        7.6864237868846210        9.5910169734742592        9.1937084596173744        9.1609985137179191     
   10.140403247219993        5.1616015506615156        8.9515665781061937        9.2034355304157902        8.1375978951706678        4.8610624088316206        8.4734624250026780        8.6004831115066320        6.8589765396608460        7.9371942706609016     
   8.4578587279594650        9.1627417086683423        9.7949184654813983        8.9951248508345749        7.3599033824849647        5.2196780542428369        8.3126292365487284        9.1165837186936098        7.9005890737898312        6.6144835790020986     
   7.9100092592623366        7.4534821245998275        7.3977089808190222        9.4954341465662839        6.9594741052104263        4.5836092026159259        6.9729611282548065        8.7007420320491935        10.316663890007254        8.0803060578895405     
   7.2669625384638517        6.7685042663540571        7.8486301165891224        10.902215478302153        7.4359772677671563        5.3262033911214797        9.3024404097000009        8.0997073439466227        8.5385479609782120        5.0032589024926049     
   7.4386257483299945        10.269245969719847        6.1376854020207583        8.1250851998635554        9.0847967354997845        11.073747045845231        6.5916744989213996        7.9832328799594805        8.3729293327778080        9.6541488769419850     
   6.5626668151583063E-005
           1           1           1           1           1           1           1           1           1           1
   3.7843600744896018E-004   3.4622166550984153E-004   2.0468122187588235E-006   8.1424851790036339        5.0431941528420874E-006   1.5392023275688337E-008
   5.4264588849281795E-006   5.2839170077239962E-006   8.8931798599959091E-007  0.25878009548547193        8.8869797840213411E-007   2.5036555238160120E-009
   5.0000000000000001E-003   8.4155410715349657     
