   0.0000000000000000        0.0000000000000000        0.0000000000000000        0.0000000000000000        0.0000000000000000        0.0000000000000000        0.0000000000000000        0.0000000000000000        0.0000000000000000        0.0000000000000000        0.0000000000000000        0.0000000000000000        0.0000000000000000     
  0.23350683458085891       0.57588515160817866        1.9197082484946632E-002   1.4159869254484774E-002   5.6405800901988988E-003   1.1845628427955923E-002   9.5414862481761793E-003   1.3128247495547075E-002  0.32692489540822023       0.12574356253473451        5.5425193669881412E-002   2.9659208024106189E-002   1.4325824185674834E-002
  0.88126733698281390       0.92953089136079181       0.92589847885394527       0.79637905349365079        1.0749063468216924       0.76318372943615487       0.90187511401164244       0.83892242303725240       0.68901995914465552       0.69117837000144622       0.86788474581840003       0.97228578508701602       0.77464439111804395     
  0.30711143649824479       0.65747144008050451        3.8310366254121250E-002   2.8759170337095567E-002   1.1204318282348295E-002   2.4162801439271922E-002   1.9269144737009927E-002   2.6621840856892110E-002  0.52719830738919160       0.19981665767050164        9.9978420079733413E-002   5.7717518222759133E-002   2.8703101886411099E-002
  0.84805627068033962       0.80622869089300608       0.90573236064495233       0.77248901602109976       0.90850913456218652       0.75708352108727683       0.92204339637649946       0.81372537650105603        1.2853898861109663       0.78956557735834521       0.77973632930296644        1.2484003110846023       0.85243539633866339     
  0.32176941705800405       0.69393261071064460        5.5941958377547694E-002   4.5606995850282786E-002   1.6298217203182343E-002   3.5903128740612536E-002   2.9205144248662850E-002   3.9044372735554181E-002  0.56131447013624280       0.23523354934851515       0.13313533529562102        8.2225939721626728E-002   4.4648265991019447E-002
   1.1384630372887805        1.0169340251022192       0.97702267797814568       0.94374287864598350       0.81170545150095263       0.78937080876830590       0.92905731277411296       0.86036708035000908       0.82361783256392973       0.86753285854092532       0.83018909664876250       0.86996659242167973       0.83439986470532346     
  0.33503169488735096       0.71074571968495226        7.3739365949858027E-002   6.2043208065684294E-002   2.1393032638200027E-002   4.8747482580689484E-002   3.9363135009618702E-002   5.2052676354997968E-002  0.59044990340728876       0.26251009197492786       0.15957576119685851       0.10577446602106400        6.0619926884438638E-002
  0.89794998038327467       0.75199107700440759        1.0073487663546166       0.76458677264736197       0.80897661112454422       0.70436316084134498       0.97054569578997774       0.88260472964112080       0.78134341905027782       0.86833647380131895       0.90485092260568811       0.97431140445858511       0.87944185419934096     
  0.34823578866992488       0.72597781529767336        8.8005302213053208E-002   7.7966698691859626E-002   2.7275193886269873E-002   6.1920127246966682E-002   5.0332188231650858E-002   6.7897489435571209E-002  0.61662073555088459       0.28177003567969339       0.18217647164342651       0.12615959930565052        7.4789877066217605E-002
  0.91102822539041151       0.82340023850474087       0.87345559560377095       0.81484432409792595       0.77407919858699670       0.77818005998169426       0.89705801608537938       0.79630251210120129       0.90678638990731908       0.86590660137598918       0.90513158419918494       0.93594606125490332       0.89307187354428075     
  0.36039701268857338       0.73341801042574783       0.10196715923603566        9.4387502922182592E-002   3.3444159155345432E-002   7.4761013162305906E-002   6.2234732948238579E-002   8.4124869329845489E-002  0.63480647629296383       0.29988779885780642       0.19872365182424942       0.14693138537787212        8.8720114400632044E-002
  0.92609659164718250       0.77522852003986409       0.85520101744114252       0.92833462123022970       0.89884589364208667       0.85732188680968513       0.86788894212557222       0.91943306958102555       0.85487750968946052       0.81132894630282615       0.84630442175355003       0.86565749637122547        1.1385932072805314     
  0.37173555734010699       0.74145019588766847       0.11610411685858436       0.11177387334405804        3.9521686132217085E-002   8.7700671503756281E-002   7.4812756191582341E-002  0.10014485127254708       0.65187425396596022       0.31590802036266341       0.21416045041665485       0.16705001264690852       0.10279645963696361     
  0.86333373749802478       0.72700053901743877       0.90579658795421303       0.91217067861633994       0.88471024964516765       0.90411864454733049       0.81440004474202865       0.75877244552546119       0.88849332794138847       0.83304206668681124       0.90868169748391203       0.89896555048616211       0.85321101562938162     
  0.38293451593444489       0.74897185520268772       0.13040251657065546       0.12903319342380801        4.5700398956201947E-002  0.10097993671092026        8.7274183745268352E-002  0.11607139662014566       0.66640022374402630       0.33075877678983800       0.22763099438759732       0.18690637791560824       0.11744251653037741     
  0.87236492133070276       0.79147379888990910       0.91847273440659405       0.91332700056575955       0.88072306330006855       0.86044079864566358       0.85374545386566625       0.85764912973572416       0.83224169246994284       0.96780019341238699       0.77502403399299391       0.91567545482655377       0.82003017476993101     
  0.39393604707496305       0.75581072931578264       0.14407601013923732       0.14747394243405379        5.2221165594549132E-002  0.11402176287847046       0.10044194342126664       0.13334245839043665       0.68083139664015835       0.34262461882611656       0.24125751904796244       0.20700137543795744       0.13430215911703014     
  0.74845086426336527       0.91929673657724775       0.94672741790778614       0.99937133373622378       0.90416868258248662       0.74010512136255402       0.77230927876034383       0.98549085329104269       0.83209148058289917       0.78660868928168337       0.82940266430930665        1.1284684467435662       0.86781094431197092     
  0.40440573560492959       0.76182804329647835       0.15826438472299617       0.16525749827373257        5.9093055548390096E-002  0.12557157701967570       0.11436685057482972       0.14740565997780197       0.69189421380013183       0.35423519193331848       0.25282092316501115       0.22665593780057819       0.14980602693642237     
  0.89237502625582110       0.81452549668380447       0.95354646479016358       0.88100414765687185       0.83284976226323226       0.77339735935777842        1.0060210425210712       0.83384724527529419       0.87451386077966142       0.92160767648319286       0.87100936153791908       0.96983379550972582       0.88615869338838138     
  0.41473005010182568       0.76788715494693804       0.17022165387431526       0.18319767745406293        6.6023690876593169E-002  0.13842595530048429       0.12897344088502002       0.16055906674058815       0.70291957887123258       0.36449140390971191       0.26427799795816337       0.24485806705650728       0.16553052312032027     
  0.80501232206874074       0.84855193713688004       0.84690002639590356       0.97174175858425704       0.92361895155382945       0.91714117498147829       0.86763208523453694       0.79462187849300847       0.85569406539863080        1.0495078671242621       0.84025103561056236       0.75841146739285970       0.96144177580844836     
  0.42493999203659233       0.77376357682196495       0.18167945213443087       0.20117798747873328        7.2742191617060303E-002  0.15118809691667709       0.14381886115123130       0.17335371454890230       0.71294255351242508       0.37489101102653277       0.27523470290320812       0.26272977636828465       0.18168621107919572     
  0.80932258839722060       0.84263856962301376       0.83012685627218219       0.90295487887028147       0.88850307425025821       0.78512215857670165        1.1392358191559071       0.88766406157413769       0.79701790408204365       0.85367276650933943       0.88753875662139492       0.89755155260192465       0.88670307857096409     
  0.43543006860500300       0.77960927606205732       0.19431684823876427       0.21737474822556058        7.9871624514890091E-002  0.16763934942457881       0.15828308762940577       0.18669297430016779       0.72304791199043672       0.38517068229017826       0.28624859589282903       0.27893916170274979       0.19815819262710510     
  0.83468345155644930       0.84830326271542122       0.84441299982899654       0.81468837616255163       0.75297805996513822       0.78534073231008683       0.94992747876366435       0.78869668057832287       0.86781057856953325       0.96459687116014747       0.82912328295476256       0.83064709031447648       0.80787594401447416     
  0.44529451413631743       0.78534586620544022       0.20723334102308746       0.23389499272074912        8.7351781956882146E-002  0.18448031383176261       0.17282883373183017       0.20172521367497762       0.73301672701771492       0.39548746952297781       0.29767027615070379       0.29534571802019527       0.21473605597877624     
  0.90997193196229753       0.83636105795174498       0.86265214016256209       0.91897745159260003       0.86647307497682757       0.91100228707317932       0.91529117458946929       0.81158164142763589       0.77132983136276634       0.92625583389116872       0.90842800973024496       0.86353394683037676       0.89199844530715955     
  0.45521713755023241       0.79098652712352258       0.21860504078487014       0.25034686712738602        9.5764871846038865E-002  0.19970604790515270       0.18752875491267529       0.21740257513041994       0.74271573692174186       0.40537818513593882       0.30904302631396091       0.31037869159900294       0.23143986257120022     
  0.88356784354990525       0.82457733374367692       0.87395634929469057       0.90462372560982773       0.90753138670272515       0.84938154368135188       0.78486828769266803       0.82617359412602120       0.91844787665400507       0.86733512166384619       0.76777264989532634       0.79446070778518429       0.82648462632804554     
  0.46522956077611199       0.79654677405211394       0.22949059021727544       0.26698852220997349       0.10441206432597715       0.21519904015568250       0.20293916285624336       0.23440113688132236       0.75147315047436014       0.41538875584158097       0.32074174661168814       0.32562201688468495       0.24885930292378255     
  0.81504146206341099       0.75894771036289999       0.83584966544735295       0.96569018827942588       0.86233442122080406       0.95878348665074309       0.87230682779851709       0.86365436140178353       0.85228040492568902       0.87015460968445313       0.96971178300819805       0.99684327451436328       0.93980970755974269     
  0.47522374680748580       0.80186289269055078       0.23999229974054942       0.28308765742615583       0.11364493660986037       0.23098353827582091       0.21867182466530294       0.25104666880106929       0.75988401818835660       0.42427234804586011       0.33308344157815378       0.34097827763434074       0.26626818019129717     
  0.79585022055805055       0.84365550200934358       0.80046826122484083       0.87614549044555368       0.83194999248225276       0.80203178330525138        1.0073755776476643       0.92374398665701796       0.85075956658083318       0.86027396323435867       0.84785149925006464       0.81326958397698934       0.86639057337671255     
  0.48558019735894858       0.80697340504700721       0.24963493588513808       0.29941230341730463       0.12282813044507127       0.24661566219984427       0.23366729267180170       0.26797780361924156       0.76691775146828545       0.43271015458471507       0.34561364333498978       0.35678195899181026       0.28310707961882431     
  0.84156583821421949       0.92773419991589123       0.79810919704405847       0.92775369427415599       0.93610924115159122       0.89023271420202965       0.85984893514125005       0.87295989639063210       0.81276551231888683       0.98922891757185871        1.0159858045919243       0.96919624376439439       0.76236620472024907     
  0.49603866842261285       0.81211623522934495       0.26113809520163106       0.31526386016271635       0.13294261590866305       0.26307559239622536       0.24860577428617930       0.28477244733636431       0.77378429632224743       0.44083754884746879       0.35826659004689027       0.37355433384171738       0.30015749004268444     
  0.78229142498705095       0.80728147442734699       0.83594307993134376       0.98494490770933019        1.0066567910351973       0.89186826162742006       0.80746172347483769       0.83368748651526015       0.83304730172437358       0.89891915805319933       0.88282654191422016        1.0967767723488373       0.83952042534496440     
  0.50668878822838681       0.81740031055049345       0.27194662974057754       0.33115237156137772       0.14279127739451389       0.27975791974158404       0.26393548251322896       0.30245249640898830       0.78039183951052882       0.44859408507172677       0.37075169717177503       0.39123113770239115       0.31669435191755968     
  0.74291374689694223       0.96380412123383752       0.81241718858801926       0.82556169803922375       0.87816526116193905       0.83084216014959489       0.89759123754406356       0.95231635538480963       0.73826950576387684       0.87280102551251737       0.91125547181271838        1.0299197917756537       0.84117010223114796     
  0.51751661928235915       0.82261984659200649       0.28364391531353295       0.34653888299085744       0.15395816010263527       0.29499938840903239       0.27888880838127578       0.31969020631416001       0.78676960130605289       0.45612127941694752       0.38334742910254427       0.40783933903484348       0.33275923733639112     
  0.86679134245366751       0.76870093265167794       0.90961199270332815       0.96329666218632759       0.86927579763366825       0.86963598254974173       0.75411180148446932       0.80491449779125523       0.75946106535635616       0.85288788210831545       0.94965053407003841       0.85282953036244158       0.86492002477654539     
  0.52916206370448260       0.82724921108235372       0.29488772707484567       0.36078038248530975       0.16511260074653750       0.30988995446096679       0.29302217400598901       0.33721903036381373       0.79291648277530546       0.46362414532627572       0.39523509751523755       0.42356247155271831       0.35053026134964183     
  0.79238088448592192       0.90507931464826219       0.81129240229463362       0.78109709899457835        1.0199626871602099        1.0404149352728069       0.84805992429537058       0.78923980641798808       0.77691868121422158       0.87156658870649462       0.89826805299968415       0.86084920276787591       0.81602350532935308     
  0.54088255881488612       0.83195282201439613       0.30587728419710364       0.37448866275162862       0.17660812175819757       0.32612238286234962       0.30722009933663319       0.35464501632086876       0.79877670320387784       0.47129606912405958       0.40704430552065229       0.43950265399866756       0.36798825718919259     
  0.89735543313739352       0.88766342977778534       0.89376994517960062       0.84288170891858338       0.85108486990397991       0.76018950881919278       0.89635941993892509       0.80581882175960229       0.77178591585202949       0.92519746836836581       0.94179754683833417       0.88432327800860910       0.86678688019767713     
  0.55302167174952399       0.83652401340578064       0.31723213277790002       0.38802251556130646       0.18825180030798047       0.34269115582091758       0.32110486692291090       0.37280038635659968       0.80450011669572741       0.47918352030075834       0.41673359485137795       0.45523053059844293       0.38363315240191498     
  0.94873816277468337       0.87650176883816555       0.81241318816330788       0.77668280370245923       0.79043098532669276       0.81953305595871639       0.83080311831204989       0.91397488459706944       0.85107612351519224       0.89401786271762251       0.70311198713619782       0.88239602520536642       0.80314474454355322     
  0.56502069158402402       0.84033899971171910       0.32900231966180910       0.40290467543642700       0.20004114486282179       0.35904640152486800       0.33487016972739958       0.39061226705918428       0.81001554591335057       0.48697666244260746       0.42613690399306436       0.47007631764975077       0.39906120757177943     
  0.82667454866935486       0.74118549828168268       0.87087057753185115       0.84360964844480824       0.90136068162562144       0.94833178471956026       0.79329134948855062       0.75667371346382517       0.75165881177600524       0.90885144496634573       0.84363897467956261       0.85193743152520451       0.76654292966656612     
  0.57660314101601851       0.84394523889845197       0.34074812937872262       0.41825590752798752       0.21210219394911439       0.37574973132543010       0.34848352322281279       0.40815097692656532       0.81536931268691748       0.49468282652708279       0.43641845324747824       0.48461535427181934       0.41538255746493397     
  0.84656466908484251       0.85599457536841872       0.80454143898318875       0.86089940999854264       0.83225353370883959       0.92335497986463855       0.77504719119237042       0.96491898504996465       0.86126529460666812       0.85318415975551387       0.74955634178798580       0.92322430591029792       0.85086402360625912     
  0.58788257029566326       0.84751644601175713       0.35265075991094841       0.43344385755229448       0.22469932814646204       0.39227165508292178       0.36519963863036503       0.42621764701496895       0.82041474954071236       0.50203389645958396       0.44829396222968543       0.49811030568677694       0.43224599464892488     
  0.91406464084702721       0.81132580502452956       0.80077196928841088       0.93314506318334667       0.86150103161044778       0.89780327232500901       0.84140262390413489       0.96507815889331861       0.86676411181216539       0.92282516847156015       0.97392940701906172       0.95843631234754345       0.83682549295388287     
  0.59893688132982181       0.85127462278877231       0.36374144302740880       0.44925678468858077       0.23776887072088865       0.40866610206109438       0.38194494232765447       0.44316442001943812       0.82542414488323124       0.50921444554137052       0.46172908565877346       0.51157513243002817       0.44991319089709386     
  0.79160108373083748       0.80071983795955259       0.84676925550895732       0.85913356999066448       0.78647886005484813       0.77095712960653606       0.88042141165900434        1.0596354378592949       0.81721620426834551       0.92911740327474968       0.85127155664587695       0.83608491537989438       0.78537378954129611     
  0.60989155405863338       0.85537046861773491       0.37475469458620780       0.46391630248324933       0.25153803727584007       0.42509568535109854       0.40011356486417643       0.46013766543472717       0.83015169724331583       0.51655096452403204       0.47467187978522640       0.52264453538559508       0.46738953318355425     
  0.78949896193783908       0.85000836827524928       0.83093419690055337       0.82074776533118443       0.75143869229451254       0.97681280770333534       0.93157091989624641       0.92878782962142259       0.77225263935787147       0.94456163096175794       0.79446465953242007       0.80578413768625068       0.88482101019661830     
  0.62098870480843538       0.85941956305460343       0.38669069532945183       0.47844737241763313       0.26510163087189770       0.44145448928753767       0.41760985430231923       0.47785299672939507       0.83492423498519019       0.52339107879326985       0.48854370408809750       0.53397772069989702       0.48321886482733534     
  0.76367468908645142       0.75116246587175128       0.84207723774484500       0.78703054500282110       0.79956141575081652       0.96171368772024213       0.84327169691689441       0.88822890306846136       0.81136660362392454       0.89596058535244949       0.92808103750078008       0.86716072726503879       0.90148034663164733     
  0.63219066558282377       0.86341132132631671       0.39914138354090911       0.49343826926360912       0.27983689750681584       0.45726772927798098       0.43463119634728775       0.49497041184046298       0.83940504416148998       0.53015474968453025       0.50531757312437453       0.54522347002115190       0.49953232959538313     
  0.87657593836986192       0.85824758412567503       0.89374984754385811       0.87293504653689469       0.94909525024247943       0.86250742718721785       0.77134492384469744       0.94703634369909273       0.85141342346475501       0.85145642935533183       0.88886611167847618       0.78842067871413335       0.80104156402691606     
  0.64378132722249193       0.86744250079709184       0.41166009931441866       0.50875253756538863       0.29507433095054847       0.47300999918503883       0.45198665559476880       0.51279097104992366       0.84372930631407117       0.53658453904161552       0.52184940735763297       0.55673596782760182       0.51509660900436594     
  0.85117737513552494       0.87040246192125159       0.78959493511167078       0.92405644180579283       0.77550087722221273       0.84562735229751673       0.89445242085694721       0.86793784707445454       0.83438783664525285       0.79555096889636479       0.91463545123733114       0.76587092681814251       0.83432601746240043     
  0.65540229556282648       0.87131187451565506       0.42426937426606781       0.52312752521741757       0.31137931512861261       0.48850821717929160       0.47023140035779182       0.53037269782341734       0.84793544740565618       0.54313300805980680       0.53716395939360517       0.56846669318257059       0.53102212986394381     
  0.82954328327656779       0.83211657183387444       0.95465316093906794       0.80448043472415254       0.80303284238728745       0.89093977145169245       0.81289291859808599       0.81508036273291617       0.80462024320841441       0.89282922482865845       0.81551420949113851       0.77505167904740080        1.0569534124590403     
  0.66659987266745313       0.87530975566489100       0.43683965939512931       0.53738039428416307       0.32800115426392973       0.50428195068283832       0.48803530648917115       0.54614097762867397       0.85208356167938526       0.55001936599921208       0.55197156394923075       0.57989611229913818       0.54715870245853315     
  0.83731724954824382       0.90072327142158737       0.95975824569437485       0.76754553938510894       0.80355750673671456       0.76536446599254759       0.97258765500198441       0.87797859105075082       0.84415313076265730       0.79695484656189497       0.86085233020951901       0.79330983704421421       0.83768392279723380     
  0.67796712051368957       0.87909406532791134       0.44922132473802923       0.55175734958803846       0.34465467916750703       0.52124940129289821       0.50593686889462186       0.56194858865864272       0.85626549727786683       0.55686317227525861       0.56518965457081116       0.59093466382560444       0.56411331703509981     
  0.85547584066776106       0.84331807896934241       0.95205795017566108       0.78166834382275874       0.93088323516518812       0.83287631270439677       0.82149290385033347       0.80276167105331986       0.90297120483374382       0.88808366929037108       0.77978688120069872       0.74772425265720788       0.94056050651530210     
  0.68989202573561526       0.88279605984272091       0.46281844792286742       0.56631234319105506       0.36195951060118386       0.53832825827588970       0.52391118475877463       0.57699744468311576       0.86037826693568797       0.56365978357463831       0.57846972135640429       0.60172125211698524       0.58045460830617668     
  0.85660406429489966       0.97249855917842254       0.83108579475790534       0.95895760253276685       0.97952170901983671       0.79351840355911252       0.89005451841887806       0.92469464312135252       0.89102774763988657       0.81387553570039850       0.85661086274564546       0.76229869011447104       0.93294555365527820     
  0.70200697428407743       0.88639944730245934       0.47664474378463340       0.58091269875448204       0.38006359822078278       0.55605755622685071       0.54299300940297213       0.59251015370404903       0.86463103538496977       0.57046932666922612       0.59156588336734273       0.61244562457339824       0.59643718497321041     
  0.88816820826332044       0.79179541305065149       0.81884469521734904       0.86022117604557025       0.77014955110311711       0.78497615491293449       0.81537159330334852       0.74862214932670401       0.90157939156030487        1.1094758681895218       0.73339852326995003       0.91680997684278809       0.77963226197906532     
  0.71407441809092942       0.88997107035941780       0.48967698496429779       0.59490539027069944       0.39916382769816061       0.57341566623905460       0.56229191215090180       0.60861926132440713       0.86897751162433889       0.57773025988789573       0.60573498019912375       0.62395729521071197       0.61366744084867064     
  0.82337767284102725       0.80775447931752187       0.88457086096794069       0.82114573931667412        1.0272461181474408       0.80758372894286845       0.79643759679429160       0.97925250970945166       0.78275234228539858       0.83498836414709210       0.98483518370577794       0.86774059905251288       0.80620206806956030     
  0.72574446250161107       0.89360692451401114       0.50278047710613216       0.60793932810192108       0.41938081214033984       0.58904458958821670       0.58168042705405376       0.62477869592005686       0.87350296599485988       0.58482097087695484       0.62036753900536890       0.63615119433566902       0.63111498886640927     
  0.88325231317824560       0.84519755364950888       0.90554676138533141       0.76281549433471885       0.87751965369688412       0.86011128011346327       0.84538624828236997       0.90195991188581626       0.83496709246550893       0.84177831334452757       0.85776407104705699       0.76382756298705323       0.97351553767251053     
  0.73641588122614166       0.89733553901282936       0.51591000361153294       0.62119353554227508       0.43995326867645451       0.60483527066987519       0.60109613459082933       0.64077113084644766       0.87802647791944977       0.59103652366819504       0.63513274152533494       0.64883153950060146       0.64889847976561943     
  0.86737057510007642       0.83931268220008470       0.98188244274730629       0.79150946022274282       0.87059262750383193       0.92272873283200385       0.75407668242800641       0.87885789738197151       0.85870129960387753       0.75682995896317740       0.87727942142978199       0.85358101371261386       0.89693086620906659     
  0.74706717299966063       0.90097308872380122       0.52843453851315003       0.63450314589314871       0.46056956700979457       0.62057154144101789       0.61785893233358880       0.65698831801464064       0.88252175461027960       0.59749013963143416       0.64993651333238889       0.66160143071689193       0.66655315962269035     
  0.85242938063644436       0.84525973616281636       0.91451641694831987       0.75772142609902915       0.91483473843644680       0.87692034266874497       0.79917491480910785       0.96375631803278772        1.0091642978377884       0.87592506492541033       0.71442511008426468       0.73540421464373584       0.84616502231482238     
  0.75728237307665802       0.90461413493079246       0.54071668479561930       0.64826206299668532       0.48176900408785911       0.63697649733847295       0.63497247744204399       0.67366527650838237       0.88693248839181016       0.60415131742489514       0.66475564606093807       0.67554961728510343       0.68519500260738431     
  0.82764347751485978       0.87569023130448664       0.84263025793848456       0.86227986446268379       0.92842903557474621        1.0320813491040157       0.84344392007310764       0.94979648184226917       0.91615926464930186       0.98678673161359143       0.80523201171439029       0.89094399094400034       0.86052476674503853     
  0.76831404177298190       0.90821262658179325       0.55304499589279088       0.66075691722234919       0.50311085040160530       0.65482483147655057       0.65282042210238611       0.69047139240650912       0.89106636303098774       0.61074789177415101       0.68022277372754636       0.69056075734431999       0.70331545166638709     
  0.83026260061278545       0.80400341932131703       0.73857890619291167       0.77434784840487125       0.85222934821002450       0.91951972854209996       0.90188717961369047       0.92229350560507095       0.86605226677826763       0.74655773140627502       0.80452303732917441       0.93647410334855119       0.98323796981819389     
  0.77935201915447039       0.91182806189546595       0.56545641007417125       0.67256436050694024       0.52485232880345201       0.67266076037710998       0.67103774667412064       0.70741569895952261       0.89501518686533832       0.61753241502040057       0.69551075354498693       0.70498283640317161       0.72137345336679737     
  0.81431825736016650       0.87978448080309346       0.79986996167549684       0.71988070442220242       0.87999327696706164       0.90466469485215839       0.82748192414359700       0.89079466502835003       0.94525879559306747       0.87159060745772443       0.91611103647381897       0.90647562028009054        1.0056087817100783     
  0.78854552171070902       0.91536017078695620       0.57805176753910237       0.68441401854847916       0.54679569180744469       0.68926871511060517       0.68989627615579407       0.72393196206077293       0.89965226444959068       0.62434089665870329       0.71183634726464073       0.71767185305229353       0.73868371798090449     
  0.86383147082386769       0.89895130271231205       0.76252863740402033       0.76716535213530435       0.85964227751151401       0.94614727533513332       0.91973669538965575       0.90918170919859997       0.97514348242126603       0.75805783161821172        1.0238593301483778       0.81545317233216308       0.86559114027347839     
  0.79759384749168050       0.91882211944237058       0.59070343739958464       0.69660534701732091       0.56901843547718889       0.70600490273707994       0.70849539556573538       0.73935155859446267       0.90361250097256152       0.63042760452551316       0.72852161015361461       0.73008094653500144       0.75641399933729780     
  0.80078378930839278       0.86165257764394798       0.83961435202167001       0.82966866320561961       0.84565474352469816       0.86517961730857385       0.94587982463003917       0.81622008147887992       0.86102008885922288       0.72132682586196029       0.94000295625443819       0.79458317022443392       0.84846486470890159     
  0.80665789489430917       0.92231583979294240       0.60379066186777319       0.71188472380046497       0.59134537211035587       0.72214193999484411       0.72663208454445871       0.75469492525726434       0.90764133205224551       0.63621134062603191       0.74474595672544075       0.74400851991739025       0.77400357989464086     
  0.80893722900647080       0.78016916632579969       0.94668729946086716       0.88791444632724525       0.76567204913557607        1.0007132262638243       0.78188964217391899       0.92882560896227628       0.81402031716056855       0.73699141051923434       0.94123301159938155       0.78940537382973930       0.83839252799138286     
  0.81637817501738263       0.92562070015335929       0.61747277491892139       0.72713157959445152       0.61344059159161979       0.73836887895659675       0.74574771250187954       0.76903844296752322       0.91174733046845657       0.64250210316865775       0.76149828365974093       0.75828373019337403       0.79363772768441287     
  0.76984913651111542       0.77185258807211288       0.85038182042419652       0.85339428400681316       0.80913999932859637       0.97419060436089255       0.87833926569937459       0.93282388501711844       0.88002892009652400       0.78493915629558297       0.78121727071432878       0.72675487892455282        1.0529203327683321     
  0.82692732657685686       0.92900814523513553       0.63327795265677611       0.74231256618010366       0.63721384556741512       0.75370476729524893       0.76534495046763873       0.78314106138663064       0.91592890606818178       0.64883770742278712       0.77792053117679916       0.77516871543097887       0.81299113750406915     
  0.89304517156546392       0.83005163070327337       0.80161565793647416       0.87729187763290140       0.77307417282778790       0.90240276824647458       0.95198976436257621       0.75855785830890687       0.81808534609128902       0.83680915012809132       0.92958130416082763       0.72801415919870438       0.94463246807959744     
  0.83789599706921247       0.93236469762964225       0.64982779725033546       0.75726292387591398       0.66198358398009205       0.76906816439527037       0.78427479230997488       0.79632662770984297       0.92046656275426064       0.65770280916560087       0.79444887172862777       0.79197790689256709       0.82925338406581262     
  0.96629782908863460       0.84495144028420122       0.91442548705245641       0.84791650590195200       0.78825460628655075       0.83526894692422815       0.78567712542604029       0.84161047428869340        1.0363725664201966       0.77371164584342456       0.76807039508241481       0.82229961518485162       0.82848294376264853     
  0.84922566940940247       0.93599927141694983       0.66726583578983312       0.77266798753472576       0.68692616058947009       0.78420639529397840       0.80268754646708484       0.81006218029967469       0.92510948758981570       0.66621216662722260       0.80821540345688925       0.80814240295751683       0.84578672275578781     
  0.90081261563681603       0.92250078723106943       0.80955728085298273       0.87668370577120935       0.91324475976618658       0.88776930930542652       0.77835754936884061       0.89471727955137970       0.99146622334443368       0.90002291414543723       0.89633151025042757       0.79863490118419089       0.86173250897660048     
  0.86056506956055212       0.93981043588023661       0.68398982892844040       0.78794632437654899       0.71170887375187331       0.79939013819324234       0.82037186710865784       0.82362772390635375       0.92950486911482633       0.67401496647362391       0.82175256218127501       0.82377293532955953       0.85906559188484954     
  0.81189425673901217       0.91967102333800199       0.81691020327225516       0.85073889961120175       0.89836181230046708       0.85779265006187089       0.83971703510603979       0.85234751780964424       0.88772102171291800       0.82889052528171514       0.76819931439760758       0.84580935503153931       0.92343800668737097     
  0.87190472086906257       0.94349135676044515       0.70047056294118237       0.80412320047462982       0.73717348766291990       0.81597028391817117       0.83787923326831115       0.83635286757300353       0.93376430308369829       0.68194342643572425       0.83687123655661810       0.83898737737842632       0.87225956240614055     
  0.96591029864820743       0.84152186772604964       0.73904610582649266        1.0157881558795903       0.79122923358285380        1.0130960755388820       0.77052442070689808       0.82906338342704233       0.85556210065336047       0.79424171759748097       0.82673617668197930       0.76498388236309034       0.76493195760825605     
  0.88331807650180127       0.94716164010487647       0.71712070845484022       0.82054115201918953       0.76323515354059468       0.83225087008635712       0.85497465851423016       0.84921406863405102       0.93866682393477407       0.69041455475531510       0.85265010322920787       0.85446861090639803       0.88571307444186875     
  0.86693432686753080       0.95217136166288274       0.80519896669850721       0.91078783651969675       0.81866625463144982       0.80394688469745801       0.84019845920772374       0.76045921973955344       0.95238385537346015       0.85189985411919444       0.89997183104434941       0.82594372830401530       0.82681764220292975     
  0.89453357450975313       0.95110184908011108       0.73651246452527352       0.83812547092989209       0.79097186081372139       0.84891180619367879       0.86956210809481527       0.86193666331780461       0.94358177827367595       0.69967657636541136       0.86894293530238242       0.87007222469110557       0.90013685462863646     
  0.84726662843297529       0.77405130681556622       0.78794622472656006       0.86272868631912014       0.84634125484423839       0.83213399978329927       0.77197451644991399       0.72643083826321786       0.87545055168693986       0.92586392013698160       0.77851586296284070       0.76072106606739698       0.90866720357328745     
  0.90574669325233248       0.95528182364218628       0.75693613604267362       0.85563420820832858       0.81829191592530148       0.86571921641440408       0.88266471733878293       0.87413992489069992       0.94831942572668249       0.71009920296423001       0.88573380816136316       0.88598770327965870       0.91297876646836540     
  0.87669860193754134       0.90248907246493304       0.81099461978846399       0.85590534098530313       0.87546073840777838       0.85602750062345789       0.82363461312807451       0.73932532042150756       0.95238075267830180       0.85830626461529547        1.0477240082730981       0.82859371753454902       0.84423858759692172     
  0.91709717211611996       0.95950099447292569       0.78173711232144716       0.87424081171952928       0.84557504305565911       0.88148163818429559       0.89514756763452352       0.89094814811312040       0.95291520671081775       0.72072136285150390       0.90071925750820436       0.90207184437217869       0.92539617309147160     
  0.78950984510518196       0.99131061732606163       0.94412480109899433       0.87523952506635050       0.80794652315138216       0.87988115872837924       0.77122846239754472       0.76360879319831498       0.81179799516824802       0.87064774699892133       0.85275799042463019        1.0629808483729226       0.74730538478893915     
  0.92860625954810183       0.96383374534447019       0.80757102249201074       0.89295922590872034       0.87339807161554972       0.89700970737302055       0.90827956621649952       0.90665029426243304       0.95754366469763608       0.73367634905799994       0.91540892693465292       0.91793826374601550       0.93622119449373231     
  0.83078787369961671        1.1922536487462407       0.83256671305469421       0.86587429542639582       0.91304872684443117       0.85405184431786263       0.74348668969214882       0.92661024227090549       0.82200722754462008       0.92727541614091491       0.76998848101344664       0.81278169638774300       0.71982051311246054     
  0.94016078704037565       0.96872928377729683       0.83409423659279602       0.91199959509182937       0.89821859832106132       0.91253997063381809       0.92406886469038252       0.92200172809334924       0.96240125526735676       0.74830538284281267       0.93069309092974639       0.93311498873929855       0.94663523843509390     
  0.89608420847887105        1.1823662579845018       0.97820809708976342        1.0927805514824156       0.85204385580035535       0.85455179374137880       0.94814976183342314       0.78536950496652214       0.82090120208769468       0.79597243454813960       0.78042626390395708       0.84312809182752890       0.79966028749375451     
  0.95216448506042128       0.97374683040371057       0.85991510141387395       0.93038119315630485       0.91892994313444287       0.92845499132950693       0.94033650009408742       0.93746600562407623       0.96727967324153730       0.76864912084889192       0.94605662367723853       0.94831356824174406       0.95596332989154398     
  0.96191306784067032       0.87670707036763440       0.75307309406730338       0.84798677070309458       0.94143993349943056       0.77766952111779686        1.0025311411078850       0.98628669060859542       0.99118595730857639        1.0576614764977839       0.82624154625268165       0.86268552100186258       0.75042120979317206     
  0.96503880578689938       0.97884347618256473       0.89485618410860490       0.94809403485653110       0.93693750275875198       0.94599849254762913       0.95716418671480108       0.95447736979629960       0.97352575722329671       0.79366097680186098       0.95989313363919382       0.96196235925178875       0.96659815844032515     
  0.85162116534711840        1.0121233543130590       0.91905832734715065       0.78443754788411735       0.82732434354911277       0.88686284705541363       0.89235061166510865       0.84722057579528476        1.0154502149801428       0.95675923288476661       0.87632855847251612       0.85513442426989072       0.94835250028652052     
  0.97744516858073249       0.98386848530309379       0.92920812388903573       0.96546591005651639       0.95445855258402779       0.96349231888916564       0.97287960587858990       0.97125301838303502       0.97956483786543502       0.83006797959711109       0.97347287664204141       0.97553745829348570       0.97781014401325284     
  0.83583773364076008       0.79697058204109561       0.85727145187428710       0.89788611736220780       0.75957559716193568       0.85051181172168167       0.82314405681016867       0.83759936917213651       0.93647665615827869       0.86227155061808869       0.91886117592245342       0.83745457933984391       0.78009030129044399     
  0.98875073288911008       0.99174158994792461       0.96487145156783960       0.98304998306559643       0.97695554092319448       0.98178234352312443       0.98656877852414915       0.98578784616330950       0.98943845106138195       0.89329327312210749       0.98663499163095936       0.98782826950218672       0.98894126647687219     
   1.0237929504838625        1.1260825020857439       0.84780140965988626       0.83028161770008646       0.94532622950078149        1.0287475513110047       0.86467308807246812       0.75291984484899033       0.93294258702158650       0.76009536207852313       0.93072200204330990       0.80351843543064716       0.89362278879080437     
   1.0000000000000000        1.0000000000000000        1.0000000000000000        1.0000000000000000        1.0000000000000000        1.0000000000000000        1.0000000000000000        1.0000000000000000        1.0000000000000000        1.0000000000000000        1.0000000000000000        1.0000000000000000        1.0000000000000000     
   1.1860613399747177       0.82269670988269261       0.91258840880014469       0.89372358410899777       0.77298189582188126       0.77252642204105926       0.98147157476123392       0.94248906488181450       0.76655639220714478       0.70611700182607906       0.91260113957339140       0.78116861521649217       0.79209602406590751     
   9.6730629226642932        3.8581755919341965       -29.765101427755020        18.118214823450007        24.787758510717250        5.2389571225791212        17.035793253037998        5.9007921350531189        6.9451812299683358        6.8017617401286738        15.370849146861653        8.2484884669362284       -4.0708286749129918     
   8.0840025927583650        6.4629445058180481       -5.5697391029689927       -7.3088901919263130        15.127995065124134        3.6964359043495834        12.189963521660328       -31.076536910319543        7.2513213629637194        7.4987624828314123        15.547694298331661        1.5732301621683076        10.312739473831449     
   11.105282707744317        8.9876124514805404        14.475131159649045        9.2498109519094260        7.2317977366582245       -27.577037321932234        17.752171626581507        13.866152191420227        12.220572331065640        11.494015475140008        9.7014641815592810        5.3828488385803395        14.433136583286714     
  -8.0168210317620119        9.5076309183556642        2.0044193970955497        5.0141442922453505      -0.76205784059200010        10.837837452959247        9.7851697307291730        10.483790536096020        8.5617117849216822       -7.7645729600946449       -14.198502482939379        9.2695567238552119       -11.072170749773269     
   14.221997019784078        12.648597964317240        12.150704180769054        13.687246778600819       0.83101335833573542       -6.3973343826499827        10.961329762319131        10.751929642858306        9.3132116760730348       0.53456573900581938        9.5764077733639219        14.621343131053353        8.7505635256276069     
   14.017124162770237        16.181046315388983        18.385881618119601        3.8225833283661377       -5.8210272713743709      -0.99660223799883585        4.9498975368337783        6.5618148494578614        9.5544343617089034        4.7808924433179234        4.3489821822982631       -10.811294035794305        4.3992622162973669     
   1.0614296746098177        8.7088938351642913        7.8733114353111811       -26.590311155227258       -35.215313615340968        20.313842244046722        1.5037237403454331        21.998235414946834        10.203091209412872        10.971555679951459       -1.5827687588597839       -10.933286351497838        15.641807841360848     
   10.781935351618095       -6.1817179515969745        13.628369388756804        13.795183987592958       -11.457279550038985        7.4336340457543582       -44.646031948737580       -11.911828372039723       -7.7819428929484680        9.6240386313997082       -12.114542638571448        10.594034076722240        10.968172432910400     
   3.0827328870059546E-002
           1           1           1           1           1           1           1           1           1           1           1           1           1
   7.4384195041628642E-003   3.9892306261950332E-003   1.0302439411509468E-004   5.4681655765598647        3.5977485265059703E-004   2.9761991903392852E-006
   7.6377312739122757E-005   6.0349959150866750E-005   1.7686145676532167E-005  0.27325599507149800        1.7622147444213111E-005   1.0956038608298160E-007
   5.9441685926935744E-002   2.8014753785302182     
