   0.0000000000000000        0.0000000000000000        0.0000000000000000        0.0000000000000000        0.0000000000000000        0.0000000000000000        0.0000000000000000        0.0000000000000000        0.0000000000000000        0.0000000000000000     
   1.7896996954807603E-002   1.9457936809301891E-002   1.7131315403692164E-002   6.3405863006791172E-002   1.6432312399682368E-002  0.20342193963459348       0.14540706039575960        7.5403390993710059E-002   3.9800165321940369E-002   1.6893169869289328E-002
   1.0505154205686322        1.1158201715488978        1.0307206291985829       0.95140365990629716        1.1148758959410581       0.84477251634300654       0.84477251634300654       0.94266385056723612       0.87301269808294701        1.0029080560343755     
   3.6004383841004718E-002   3.9030047781469270E-002   3.4212445691847018E-002  0.12438829955178458        3.2520475920197550E-002  0.32558723451673827       0.24569534411345698       0.13710171229801163        7.7930824813191996E-002   3.3849969546124417E-002
   1.1237656177262911       0.89294789371661076       0.99692069842340869       0.98281220750568898       0.94284170190152816        1.1838118906785100        1.1684108787797696        1.0121408922170876        1.1310825353428500        1.0813623558328138     
   5.2184877602929461E-002   5.8868807493115058E-002   5.0467930376204229E-002  0.17903165991346076        4.7985898543579000E-002  0.36709539491624277       0.29205595367828918       0.18231204961406855       0.11170186470549491        4.9787712856407450E-002
   1.0706259950491963       0.84987612312690430        1.0774508696763991       0.95598546062434364        1.1671516151349914        1.1581408805188826        1.1191057701183782       0.85110399420063043        1.3039808462136480       0.97545630860382115     
   6.8769128636245402E-002   7.8392566766248825E-002   6.7091731119823167E-002  0.23067136913785041        6.3449983372781668E-002  0.39876940600545935       0.32652565027021241       0.21804861164760259       0.14288695020860673        6.5844611642521672E-002
   1.0879193520406309        1.0005393268448604        1.0599421284595938       0.97821613963539666       0.94146966374650964        1.1149888704975126       0.98459312318921222        1.0587012487730965        1.0443098298825493       0.97105912817797035     
   8.6990470129733904E-002   9.7965007317128094E-002   8.2403732729423390E-002  0.27885693924750177        7.9501165840539026E-002  0.41569361990844894       0.35173977269948076       0.24737246589128070       0.17050789960889712        8.1433442235981771E-002
   1.0095375805442621       0.94700774276897237       0.91454138508149596       0.96121669235477969       0.99644332950340864       0.92294752274544245       0.99417718276278944        1.0962602627338072        1.0252914776501616        1.1374235190031130     
  0.10544100228317321       0.11739929416252255        9.7794828336293313E-002  0.32170545111596754        9.5467392782428911E-002  0.43238881245608896       0.37341722132818211       0.27474666478334236       0.19547060561000448        9.6963227337597810E-002
   1.0967198062644956       0.88253967938234823        1.1229615466171463       0.85055474979261092        1.0053755899141081       0.90222948806812531       0.97038879986991744       0.96380791024978274       0.97710760506674188        1.0438463299343472     
  0.12245769103325194       0.13731222808879787       0.11260854323319049       0.36153372482259499       0.11066903611650948       0.44738797468204289       0.39290309312449917       0.30083642426092344       0.21903524946930433       0.11298280173201578     
   1.0311550320092990       0.96185058916545618       0.92019363602533100       0.92670964398082700       0.92560760577235279       0.96419756591864847        1.0638379801767641        1.1243951366267375        1.0893535067056928        1.2112957827567385     
  0.13988429476088277       0.15737803188500227       0.12718267087094148       0.39736794038565432       0.12621876138019661       0.46208783605757747       0.41085254408391092       0.32554222453740961       0.24027294000669069       0.12896698000368675     
   1.1966493715396398       0.89489854925637635        1.0223626907423369       0.89568661970665409        1.0044997415616446        1.0438881926903079       0.92982091013592205        1.0379937665944754        1.2379888945320319       0.88517766849519885     
  0.15529034762413513       0.17725795228456975       0.14213986973845041       0.43277877860372410       0.14238572506322700       0.47634610633681246       0.42801494910655163       0.34917000564492012       0.26081419548248774       0.14285428223896224     
   1.0082439279718698        1.0360367852966872       0.98887688776368043       0.97217475810306597        1.1691422257338344        1.0195923287667452        1.0863587254818883       0.90982198665774283        1.0469119199718406       0.95938633580009314     
  0.17049542213552918       0.19736543007752441       0.15718835087198410       0.46155751771462400       0.15859765580403853       0.49005629794567801       0.44371180929356158       0.37057026886452071       0.28051252476876448       0.15703813840850325     
  0.92769582933557015       0.91676661327916786       0.92745042553856005       0.97218985164077831        1.0427380863348596       0.85665426878087447        1.0274846890708338        1.0132565242935079        1.1234866504861998       0.85443139081043762     
  0.18528617610931827       0.21630680110493725       0.17193015759361366       0.49050375138823255       0.17368056084149164       0.50271385057501072       0.45841342465626150       0.39125232895925538       0.30028766591154299       0.17097991999237772     
  0.99153944467650845       0.91811715720500853        1.2632357440197941       0.96851954937127027        1.0487718173672864       0.93055924898370879        1.0044854690918816       0.89802774538218022        1.0062379861167479       0.99714498645922933     
  0.19994275735758307       0.23514104165234562       0.18656478259451251       0.51657076433262183       0.18880328371232755       0.51507562780596827       0.47213283653101840       0.41057925768556608       0.31967161822740375       0.18498671957229890     
  0.95709504802591527       0.92377569370496082       0.92758269609113164       0.96589819908064012       0.97044966749380079       0.87773435660060273       0.95397450039611820       0.94344352931615216        1.0232303892976462        1.0171153555832129     
  0.21570137350109311       0.25438985101553907       0.20100678721372017       0.54209138568441662       0.20397033156038608       0.52730581688509237       0.48538571706252248       0.42919651997355657       0.33937503510571820       0.19962634934655427     
   1.0178237636649503       0.96346052141938965        1.0933970927857992        1.0115131901818768        1.0389590707859344       0.97142726655665257       0.93543185937605244       0.92481398661512426       0.98071960750837406        1.0156575608254303     
  0.23164131808237012       0.27309625809358029       0.21552113830119407       0.56671652102862990       0.21897003940821766       0.53935676312407821       0.49786899692282999       0.44718422173632688       0.35833826818609849       0.21412688222803866     
  0.97201044416439897        1.1318903925102108       0.92198952695034875        1.0085187495183947       0.94553566449668602        1.0048998855595606        1.2204302754246772        1.0657237926506387        1.0143972055280650        1.0018067268203936     
  0.24687524019101134       0.29131711459647824       0.23071351434663023       0.59008516731426552       0.23389767692381006       0.55092781998978202       0.50995662743592052       0.46486457575608853       0.37772502356554072       0.22864798353528229     
  0.92461891523677531       0.94260623600382853        1.0084303114503685       0.91237135848670270       0.96675462811710933        1.0631002001575507        1.0009013805306475       0.87709794723799828       0.94612942567032121        1.1105604244491034     
  0.26208492577578535       0.30952990551518161       0.24585193536182254       0.61180668261143878       0.24875977713774508       0.56231971705222838       0.52139965345649519       0.48168004488857519       0.39635423365784084       0.24308914501785819     
  0.99352833063867063       0.96208673422059399        1.0835425133378318       0.97905030355530831       0.98403259245256292        1.0464248920332300       0.96401413967468053       0.93116586072198226        1.0379500353894411       0.89035053089299498     
  0.27804267441531816       0.32681000302102042       0.26172463255947925       0.63279511969922886       0.26366211396127676       0.57286094140956001       0.53223593361093802       0.49829561332063044       0.41446926538249840       0.25961399861770479     
  0.89808383307620032       0.90540476489644139       0.99248174190746874       0.95332515042081278       0.97393513671037635        1.0298657210969362       0.94306084035505067       0.90478000875630094       0.88683756381013601       0.97605621069769388     
  0.29437623842336491       0.34393314615406717       0.27735622939350257       0.65300324203938209       0.27868684626609119       0.58355257467961419       0.54200404594547147       0.51335947891743061       0.43077283986997589       0.27615655223037794     
   1.1292612915796774        1.0607514526499329       0.95007909952295599       0.91020563291907797        1.0025696022910322       0.91338636328977352       0.96658657431956241       0.95414410960146667       0.99186365237128571        1.0020412616319077     
  0.31091671733212711       0.35990519138087518       0.29264250958423216       0.67209081882025634       0.29432750283051551       0.59319870403517316       0.55148473567716227       0.52835865919890157       0.44712526251893492       0.29251619231383641     
  0.97969984562930756       0.96472874378418250       0.95165958937426376       0.88293985307086176       0.88925198449480947        1.0480067703614524       0.98121426271318235       0.95523912934993671        1.0157868186018622        1.0655520163017824     
  0.32754501494916771       0.37545411337707796       0.30774015411721134       0.69015566284327867       0.30980011327585394       0.60277561777904753       0.56065336042889813       0.54215499407816081       0.46243905908534561       0.30948944124668931     
  0.96241750330008002        1.0369191746317663       0.94794866597278693       0.94436790964529804        1.0274244371989434       0.96937596929956993       0.92380279214859673       0.96802206243208078        1.0739712328341351        1.0708733129049461     
  0.34425237721250174       0.39000192664581196       0.32277388325700246       0.70734969658292923       0.32525530967869776       0.61161587201523371       0.56987498534534808       0.55556025426009770       0.47810779973348616       0.32646310968073833     
  0.98081873423509403       0.93463520468271666       0.91428746685229312        1.0773953327178134        1.0577801873873292       0.89501763294237635       0.98528579487162660       0.97885944566579575       0.96196009876360489        1.0197306691268573     
  0.36137726487339811       0.40468379452249403       0.33806995664362333       0.72356927384216363       0.34045799179115033       0.62044557950283541       0.57912813873702385       0.56913314776869250       0.49344344830647885       0.34344337028311628     
   1.1071646555902421       0.99537189470857668        1.0745117769589185       0.91678642484915962        1.0202688064212182       0.86735236644458569       0.94632542171311795       0.88941603759736154        1.0763653054441820        1.1039558412893327     
  0.37715332550798708       0.41955309651797607       0.35384115421226209       0.73872678046215090       0.35628195526103851       0.62909846046904694       0.58826018022652771       0.58279067814284580       0.50847611489718358       0.36111546767821279     
  0.88207730657899075       0.98924548048405303        1.0511942051448455       0.92999296489516148        1.0664212723513620       0.99098094221281041       0.98341466113616527       0.88242565028003683       0.90464916948967444        1.0662859450278275     
  0.39218745424753287       0.43446454860652489       0.36941049290560557       0.75296108454059918       0.37284272642471400       0.63773560129091100       0.59715994453797039       0.59552889178607271       0.52345875576027856       0.37877857495719947     
   1.0103023017456694       0.99568621352568276        1.1026942777511861        1.0040761994712386        1.1644733260717215       0.90383881393199150       0.97086549817617751       0.92898141805370127        1.1021069533882366       0.98502687022105351     
  0.40711211504709743       0.44949789200117329       0.38579544247634673       0.76675162970636168       0.38932658202486636       0.64628663895121952       0.60602963594938875       0.60827695623508860       0.53846597251982664       0.39473797322698401     
   1.0082552052953013       0.97862822447577391        1.2356705286653220        1.0962908002789948       0.91946444208001343       0.88632396087422050        1.0506211403717216        1.0426520675955007        1.0465852597253711        1.0071459095724271     
  0.42201875627061441       0.46414055916028141       0.40199251722541957       0.78012825624696736       0.40562204763147447       0.65489282302578211       0.61454120848786686       0.62126808713562742       0.55253896773405853       0.41093905482436288     
   1.0449741309750491       0.92686385420917838        1.0385981019367929        1.0588304539254445       0.94661889612075090       0.94108779105103058        1.0464869631760179       0.96527958278539572        1.1283772877702376       0.91705872706642710     
  0.43704801103602758       0.47847650784434109       0.41894628518339627       0.79311475233847151       0.42070133474036159       0.66357311238898031       0.62291840960396827       0.63451785622718815       0.56687363235908639       0.42655018902747227     
  0.98087543532675892       0.99809380787556523        1.1361959667979720        1.0204214312985138        1.0746160391347814        1.0059582485497278       0.96430280909740618        1.1641627471328380        1.0470376856622343       0.93576083903730656     
  0.45197893117066040       0.49259261021759393       0.43583362230317835       0.80543415204465674       0.43555216407703679       0.67234395929687041       0.63129030253259000       0.64746601493188372       0.58011292292188088       0.44229587553745314     
  0.90650751643955507       0.98719206202033405        1.0442630508975075       0.97941143356286975        1.0206526735187931        1.0758363809231715       0.94665982416823513       0.97342586840689094       0.92653631444024609        1.0948813103639328     
  0.46741280927706108       0.50586993553415216       0.45187783603595388       0.81727999410460961       0.45041156846956304       0.68088040652683346       0.63969984736778640       0.66044337732230396       0.59353382992540549       0.45721775894770256     
  0.96603802733087729       0.98228915484158985       0.90623057207948399        1.0508135246245789        1.1344527700876088       0.90777362359479163        1.0316931799467419        1.0945323392458195       0.96005380883336178        1.1474028491339352     
  0.48290326328079936       0.51938922941222709       0.46804780219468328       0.82866652338771152       0.46533939686804626       0.68935942233779013       0.64799569808856705       0.67245972101429374       0.60661323062951789       0.47210083810534403     
  0.96560532156479462       0.93180173328357330       0.99660233109168572        1.0661703746319973       0.91156723808162210       0.91972293449622089        1.0160342317671824        1.0513829023792689        1.0182519032705428       0.93517017703497340     
  0.49895584093327477       0.53335021841120622       0.48417063663009158       0.83923773636994037       0.48091982437706465       0.69783297426693802       0.65620299690921235       0.68438279217291165       0.61925263976765443       0.48715914577718672     
  0.93392066503900129        1.0782144473725384       0.96343124183440632        1.0452572120809789        1.0352668956280127       0.90083177847208462        1.0151410023041123        1.0799467597208023        1.0075320588363801       0.96993210296376053     
  0.51477076569317037       0.54759551644063742       0.50078507353254520       0.84898282313049644       0.49626387916861103       0.70609265282471934       0.66446493213935698       0.69579969607631342       0.63190043524695350       0.50263116027319776     
  0.91518839327406831        1.0993194554697554        1.0131513659109896        1.0499405281431473       0.92811033119626551       0.92067251382873716        1.0472845979793612       0.99573819725142032        1.0695183156511998       0.98031618247137287     
  0.53045665109536444       0.56225025184059718       0.51666405000713256       0.85816678838836857       0.51305947145890951       0.71417763272781865       0.67275405521872111       0.70724658812825558       0.64423548573982659       0.51841256389797752     
   1.0142354516603003        1.1642261274328893        1.0425158274355286        1.0542850429633612       0.95418183978415083       0.99711979716056520        1.0880064495609207        1.0105723052241666        1.0550009359780441        1.1448910254619196     
  0.54610701132199491       0.57666011386991600       0.53258680224325994       0.86635702513915502       0.52943250340803105       0.72214028569831445       0.68077683841290637       0.71786001478495265       0.65645292348389783       0.53422593858527478     
   1.1086386602661900        1.0633342180538239       0.98072949719083802       0.89145619554670474        1.0194419222210849       0.91086331972968648        1.0623842833172061       0.95370160786686309       0.97089700894280606       0.89552372553103810     
  0.56259988302034314       0.59081207884676434       0.54829851486068837       0.87462645084845303       0.54621551592481454       0.72995611956975825       0.68856439650607326       0.72806629994502381       0.66847280065694559       0.55044816642128347     
   1.1276120527665094        1.0345119958595732       0.91099862066143733        1.0627260165224635       0.97481316707322774       0.85696121742733034        1.0322475500832469        1.0436030302227621       0.94063807224332729       0.93509991111889557     
  0.57952474666216613       0.60484549146538868       0.56403039708798230       0.88239463990801037       0.56291876997724921       0.73782162938223628       0.69628225877442040       0.73768455797411769       0.68056584724929137       0.56675962105885402     
   1.0588875781105771       0.98496315673834278       0.99805797423541798       0.97173023033339201        1.0751933321428493       0.94089929608367362       0.94764981457466901        1.1210728947353852        1.0420064151198452       0.94941132577146736     
  0.59599824829184556       0.61891480166904533       0.57926506761973084       0.88993456399524018       0.57773483425458594       0.74571071825886748       0.70383341260290699       0.74706423087264784       0.69276583941814573       0.58215011793402693     
   1.0968163279699112        1.0074301464438964       0.94426286152977312        1.0162794431825304       0.99190294366592102        1.0528805432204436       0.99584550820746964       0.98602853987695394       0.90389637492181352       0.96316897331726836     
  0.61213349462446398       0.63286522665733747       0.59476009106618255       0.89679420715206581       0.59299466195294592       0.75371107878585175       0.71140775469513440       0.75642565935459716       0.70560008293746046       0.59786247240024082     
   1.1182476435518269        1.0217929528077028       0.98994789079846046       0.97457397772838306       0.97036210405610068       0.95961274686712561        1.0409610942364322        1.0778142461980664       0.94604824721086223       0.96574729922146818     
  0.62836336588821284       0.64661534530263631       0.61058951245480131       0.90357765121148192       0.60980456627708590       0.76174519117432327       0.71904774841288233       0.76589337811161118       0.71868259511477006       0.61361999548416102     
   1.0002500950391062        1.0567070333187936       0.96047454147042832       0.89618407384744725        1.0806928025315645       0.98270219918997648        1.0154974428355013       0.95827230718496814        1.0258204427993243        1.1266982622387287     
  0.64488782616816209       0.66020630873692310       0.62680768899780837       0.91003962526613780       0.62664267747724145       0.76997560341563398       0.72657673832535130       0.77526196728893582       0.73207069043411899       0.62945725052459633     
   1.0880415923502060        1.1074152927719314       0.99724492676972398        1.0376249216776512       0.98675236800821886       0.94093760440516505       0.96114191511265568        1.1038706967555190       0.88537341082224208        1.0813889749281753     
  0.66091095040405057       0.67373369201687083       0.64268566210030820       0.91645958268437144       0.64070410073478512       0.77860832921553680       0.73363461591106283       0.78461166622394196       0.74562752386633979       0.64375239796716965     
  0.98787291791537202        1.0663714932933706        1.0545766444013787        1.0615259511133417       0.93471900498654703       0.96752267979384798        1.1084556920567374       0.99886792327473295        1.0445374338076943       0.97442022761682556     
  0.67630054485739521       0.68759653000418675       0.65821112026671014       0.92219030167478022       0.65512466759491217       0.78732358322946905       0.74060045275869169       0.79405846547598335       0.75903343174008553       0.65795921808040447     
  0.87425900775175736        1.0247580013630240        1.0249879607995347        1.0241045386356937       0.99313184306951441        1.0065888309157862        1.0011847513374645        1.0533081948580980        1.0064046091989152       0.87786386733776489     
  0.69115198165035807       0.70160504940687030       0.67281678652197741       0.92776152899533260       0.66963851702862787       0.79576321145668871       0.74709459036165959       0.80368310975292689       0.77230118333126574       0.67231164691653489     
  0.88622490554273869       0.98855646939688413        1.0380173350971609       0.98545726578171366        1.0603084871139279       0.88495003573105713        1.0398066856534578        1.0338281435117582       0.99732074367240908        1.0433233971536833     
  0.70554653666307576       0.71572079988879267       0.68736798137260691       0.93298201028791283       0.68443443243764823       0.80418254485318186       0.75366424113744368       0.81331272840418412       0.78511060782724917       0.68692426829360942     
  0.97903265776167592        1.0000600129491974       0.94246032235270205       0.99516603424594974        1.0019908177440089        1.0402712779261698       0.94536020720666392        1.1161018370341795        1.0869680510673914        1.1062302371790609     
  0.72026080469322440       0.72987332323207643       0.70209485672115790       0.93804660163955655       0.69908396250672944       0.81277551085614486       0.75984726993321094       0.82288675291624758       0.79767767846785620       0.70271201556504637     
   1.0824236589816869        1.0380941462540394       0.97918952363167655        1.0532596471907962       0.94899662387951689        1.0202141010308272       0.91470244676971313        1.1832878991204834        1.0945704786247163       0.97212742425905208     
  0.73457391750994128       0.74394612731339427       0.71713633255513964       0.94257827393792459       0.71357076696208754       0.82145466339618711       0.76594968588702805       0.83213286559796185       0.80978914968973847       0.71812836905786759     
  0.93512258619715716        1.1148762473638090       0.95486582883223425       0.97422691798290073       0.96647721662448793        1.0660516332100847       0.92481398181075225        1.1051253081601555       0.92212493739516765       0.99565792787153173     
  0.74936032132022212       0.75824732346934653       0.73121043191990065       0.94717984615711437       0.72781998852390173       0.82945371384565392       0.77188113334204311       0.84126530109643349       0.82159056662816399       0.73362094260572541     
  0.95476576184756612        1.0269949950139716        1.0064770277176882        1.1554728039686579       0.92893980849149305       0.93469735406384724        1.0100796350638783       0.93249409023528873        1.1207954974315537       0.98903898964126613     
  0.76481509437676931       0.77238468991901110       0.74492346915324770       0.95164883287226321       0.74237508407600350       0.83736227310696343       0.77792127401938960       0.85055805918166694       0.83336826943106712       0.74933054745444694     
  0.95519396468973605        1.0693368408770136       0.90178788895622797       0.99232590959430478       0.99839732162829564        1.0239278213779155       0.95776108751033684        1.0131050821652621       0.99492205228302277       0.89877649385884029     
  0.77944742776896925       0.78684980270628102       0.76000780552889902       0.95618518816766307       0.75795628845726959       0.84640187261176714       0.78483706619397964       0.85982365766315572       0.84505881020570583       0.76542160820953586     
   1.0274920960195777        1.1077782863281536        1.0167060420618936        1.0026793873355224        1.0164560334957726        1.1773551583255546        1.1428317260075262        1.0525815693385905       0.90080137523326442        1.1475049027568671     
  0.79341669635061740       0.80124439295104177       0.77568670748427460       0.96020853184524679       0.77375409102242565       0.85557770304126679       0.79160008221156208       0.86884456145257472       0.85672288881717096       0.78146932925963986     
  0.96173208255372289        1.0566955058900356       0.98148376387697722        1.0872689623973277        1.0510238206554363        1.0879131706004053        1.0681663503153918        1.0698133323721513       0.95866906436047061        1.1999274029446516     
  0.80734469221755056       0.81395535661829699       0.79042040190261453       0.96419452950541162       0.79027235887249481       0.86437821773568302       0.79857538159149055       0.87767401392292910       0.86844741733099018       0.79830772576921982     
  0.96890049466304418       0.99007476802084571       0.99872780791647275       0.91124382779491053        1.0087545807439009        1.0561572758867288        1.0958476567151418       0.95668612084539462        1.0434435981384373       0.98742383219283525     
  0.82109727273298239       0.82690334924181141       0.80535464038101356       0.96806122330652944       0.80661945872380314       0.87303754446049930       0.80548983853438305       0.88646531538026585       0.87993688513866797       0.81476916740148686     
  0.89877719005560230       0.91934857570783979        1.0604921540342660        1.0916810013254503        1.1064541655254558        1.0644923716154771       0.97836572923198617        1.1178481901978923       0.97364534515299139        1.2437665207227591     
  0.83520305314636012       0.83979265234445455       0.81975786355847757       0.97191097644651192       0.82277102502678001       0.88187660507799348       0.81278155106813166       0.89535546970037405       0.89113046374768767       0.83013257364994908     
   1.0883629772072263       0.88341490589220062        1.0128177959209785        1.0277780817202820        1.0346075941996344        1.4378275892210399       0.95390115127509034       0.99310211570909457        1.0022943658529304       0.96441678861690827     
  0.84969628516064744       0.85278207896180713       0.83477628882511823       0.97518600010436229       0.83879885529022613       0.89088193397655524       0.82003141052924022       0.90420340653689224       0.90209179800201311       0.84539940145066050     
  0.90096982453135066        1.2015118000905314        1.0115058348395853        1.0616028718363757       0.94618433264075275        1.2305156493525384       0.97731679766551516        1.0852352263096379        1.0777816397294293       0.99205013994105695     
  0.86407972490471530       0.86651609022766651       0.85051816639710254       0.97842083279803571       0.85483786380225169       0.89923127493625521       0.82775948383809628       0.91279199453712712       0.91201029332864614       0.86007617935659020     
   1.1374432789647035        1.0516452811316981       0.99922474727900856        1.2305340257794739       0.93294314703047787        1.0002116561423540        1.0647952690927884        1.0473676110329475       0.86890150359817542        1.1042679125804253     
  0.87827829495825416       0.88022757142203201       0.86611359546383682       0.98120757510413226       0.87098438785241872       0.90731688794275989       0.83557840340734268       0.92135278799682441       0.92215926573051843       0.87495347259796652     
   1.0331002932714253        1.0592603805152800        1.0366744837574939       0.93033033833402334        1.0537409574669154       0.93481514047763326       0.96973519105951378        1.0388528094665630       0.98108111511677665        1.0570940338515038     
  0.89313010048231989       0.89347555856090755       0.88263169161996058       0.98390110714051970       0.88700556639528283       0.91593870732025828       0.84474593643932228       0.92980374389131737       0.93253658389926208       0.89037205942177111     
   1.0191702064088877        1.0353976446406705       0.93869415610697904       0.98701676702832675        1.0715376990475241        1.1586225740504310        1.0557710964708342       0.87053453868050346        1.0057004336003372       0.88543266054246605     
  0.90790036265835072       0.90677635158206493       0.89891308114572877       0.98655186372660719       0.90280663154642837       0.92451795474074050       0.85391257076488036       0.93856015780738522       0.94246452205447051       0.90577726407909787     
  0.94181171686956977        1.1113719023482653        1.0254173806736155        1.1068134504657916        1.0615498349625268        1.0322055750724473       0.93534224350673678        1.1283380878184837       0.97311608725430643       0.96314431260344868     
  0.92452645241127285       0.92094885349258337       0.91608311515786156       0.98914863773454265       0.91944200407346477       0.93354966154409036       0.86492165816459776       0.94842585928545409       0.95181976732682827       0.92056698232629208     
  0.95264536455986648        1.0231244799580901        1.1782536088212263       0.99848890977731286        1.0829789896903568       0.97393831409562581        1.0492612748317851        1.0165539350101123       0.97748144413133542       0.89765431038949839     
  0.94142648333217904       0.93505176774885401       0.93326324125413762       0.99158920686329866       0.93600124755233427       0.94285916603895659       0.87605142654589752       0.95829638078583401       0.96127370065744555       0.93588930420556971     
   1.1763558470170576        1.0538819278899363       0.93070615037958293        1.1772269744499004        1.0060454508909069        1.2155216341559913        1.0738116393480062       0.98260587190463833       0.96587848330349657        1.0491221460205518     
  0.95677588209168118       0.95058922124913381       0.95063028919531223       0.99388196731643130       0.95094831884215891       0.95451004903901593       0.89238963596611420       0.96847679605363424       0.97103974767073142       0.95165673812282825     
  0.99160015315890437        1.1105428884979776       0.96589047918384507       0.99623736738494140       0.94865201074616401        1.1306826324646122        1.3331843535890953        1.1658490602634968       0.95721086171919056        1.0393276218965508     
  0.97194524022554507       0.96585454855136788       0.96728765405945438       0.99606811399842077       0.96638941347492902       0.96696248360814474       0.91085302848345784       0.97872664402920340       0.98080813252276033       0.96705951302568227     
   1.0130582068511920       0.99670518167632915       0.96211424370250731        1.1371813774850748       0.96790966130137379        1.2928267992488072       0.97509080867005249        1.0791311963433809       0.99904227997388662       0.85432616517489424     
  0.98605997913282595       0.98311480386401029       0.98359569535019875       0.99803596551776264       0.98338694932843240       0.98274756666179797       0.94886737455774162       0.98912206714664441       0.99047559037013899       0.98345219506008386     
   1.0432386751856066        1.1870030230970254        1.0087202699250675        1.1811276189038893       0.98525145494148325        1.3182269455858906        1.0178171509332228        1.0522473321188182       0.95768475653443830        1.0325540026812543     
   1.0000000000000000        1.0000000000000000        1.0000000000000000        1.0000000000000000        1.0000000000000000        1.0000000000000000        1.0000000000000000        1.0000000000000000        1.0000000000000000        1.0000000000000000     
   1.1092441546010294       0.90645193953500469        1.1129130518204280        1.3555540498183156        1.0074836452282059        1.1140149750223687       0.84477251634300654       0.86144572561867949       0.91632774263882455       0.94808838821594399     
   10.836506634662074        7.0297185301953604        10.256779994769333        7.6090150017047549        12.243158411411402        8.8823986078928421        8.1520979917138572        11.082689794122231        11.404663187105864        6.2989102002406581     
   10.210080336578894        7.3177093174420209        9.8931190930384343        7.2290079453496068        9.4620986384094543        10.495472346630073        10.569163014541155        14.093350359124715        8.3730710938235386        12.357611483984810     
   9.7401561899734066        10.551449633021125        10.778525673182115        5.3349573251458580        10.486809682747698        9.1849161789703455        8.2260524165023057        10.306703648902330        12.828616060400391        7.7549340120096284     
   9.9328274213306305        9.7010599743707235        7.6651244309992022        4.9274775386480991        11.267471909608059        9.2252925204702354        8.2453267531564389        12.557634745920030        8.6707965470761170        10.316185157916866     
   7.5991643283957337        12.236136481790247        8.9048447222866347        5.2440539957419281        7.6623998187017888        11.085356664809019        11.376850482041808        12.370393562413820        13.823183649161999        11.972750908812014     
   12.303873597786563        10.091883938192824        12.830816277547950        4.0697698122851547        8.3148575977188184        12.045190988834538        10.125195110453523        9.1284062165935662        12.428214767878288        10.532899436660262     
   10.368669064965633        12.485208392921818        11.954473103637248        5.5386600996565862        12.394855784380292        10.949645119717980        12.589917320347865        8.3272260939983163        8.9551229350908894        13.183164558631843     
   13.099060398720102        13.633488840283732        10.825584382814382        17.664182030420392        14.430986918419020        8.4664856164068212        11.933355120506670        10.705618664002197        9.4128848764466611        11.787426033497630     
  0.12070611828827463     
           1           1           1           1           1           1           1           1           1           1
  0.17843883672290686       0.16475718694324498       -6.9975131808033266E-004   10.107269317617138        5.6518948301277246E-003   2.3717372984953931E-005
   1.0479216445072679E-003   1.2061710817212893E-003   5.8656592810667609E-004  0.25875485632138001        5.8547148316853606E-004   1.7630879189457522E-006
   1.4342910434388361E-002   10.119189828555159     
