   0.0000000000000000        0.0000000000000000        0.0000000000000000        0.0000000000000000        0.0000000000000000        0.0000000000000000        0.0000000000000000        0.0000000000000000        0.0000000000000000        0.0000000000000000        0.0000000000000000        0.0000000000000000        0.0000000000000000     
  0.26517158027129822       0.57168544412541444        2.2605365782503869E-003   6.6765052429687680E-002   1.7070499863465489E-002   8.5337873758305177E-002   1.5789332491739732E-002   1.7083855660627190E-002  0.29829622628358526       0.16105789214476801        8.7708295828458141E-002   1.5029797415714760E-002   1.3837429697978547E-002
   1.0225796544366215        1.1999567916865694        2.3691246778804738        1.2140103354979499        1.2137800789183679        1.1674141094148507        1.2992790128498091        1.3158932731385184        1.2056080453188243        1.0695741956212523        1.1991653063928713        1.3399078376444487        1.0929313143771067     
  0.31097433551753029       0.71151464058188463        4.4983724461229117E-003  0.11954381866283963        3.4031921007752583E-002  0.16134855556218750        3.2792151311320600E-002   3.3729292954445843E-002  0.43472343687625148       0.22894649283244423       0.14219522206336638        2.8619738738440672E-002   2.8300625291771211E-002
   1.7230322505929343        1.7850586533977952        1.7827083828466181        1.3574474824027156        1.2167389847329220        1.2951863286417693        1.2831859295937382        1.2401263798442095        2.4710982689141203        1.1054536468468543        1.8994720338556610        1.6539359195144663        1.4380151813195292     
  0.33191648738932084       0.73723229425131542        6.7051092783640825E-003  0.16023202202812495        5.0366792116636583E-002  0.22622102139521272        4.8711374116272133E-002   4.9632202714487088E-002  0.46112387662685594       0.26150406530112874       0.17624078355297101        4.0067940640598904E-002   4.2186615399429563E-002
   2.0822434979704472        1.1860623698055961        1.6166300503680837        1.2826600209558172        1.2094722136372833        1.4407339017590648        1.2836659792987126        1.4246068896389488        1.3194539122156610        1.4619462854866778        1.3888955267692715        1.4275297912603973        1.1661183796199952     
  0.34511279219616747       0.75453643711979979        8.9402548735687867E-003  0.19114309458868942        6.6482365143925498E-002  0.28099345888209870        6.5712739787896435E-002   6.5570808332261726E-002  0.48382394289988745       0.28665569532729240       0.19975512192674397        5.1527398902683007E-002   5.6597810593429616E-002
   1.6758493800531842        1.2712304275708817        1.4858445495308077        1.0603354731896411        1.1713979004236337        1.2513661082080141        1.3871573780775173        1.4611066337558660        1.2685997017141255        1.4693087952143278        1.4006396600791964        1.7896401388009555        1.3582018053335194     
  0.35681649340919336       0.76867671479394339        1.1251038125775168E-002  0.21876456021399326        8.3926715118226067E-002  0.32424451693251444        8.2190429784134350E-002   8.2314348698455470E-002  0.50386810846124597       0.30732209997230830       0.22006629325454050        6.2963877524642123E-002   7.0974582207575895E-002
   1.3094482299467387        1.2890050083472933        1.3845220988378348        1.1281653172223842        1.3217552175611338        1.0069354901959822        1.2485134532363720        1.2235820176310241        1.2675155466526438        1.2717936867615502        1.4156904273621105        1.3541579217660671        1.3314076744431043     
  0.36915386943002049       0.77929377817350831        1.3689373351201035E-002  0.24210492920412127       0.10142176933624709       0.36090197174057409        9.8808855771511772E-002   9.9728250102847277E-002  0.52092011395841920       0.32443037398169355       0.23619268911391950        7.3591108451794965E-002   8.6041543061067829E-002
   1.2587901400304993        1.1736715728789338        1.5599799854349403        1.2456688330307202        1.1792944052004424        1.1607975879261412        1.2152580633689589        1.7228487999035960        1.2678762567998347        1.1437890582156016        1.2611607793732582        1.6066803698960899        1.4135212424605270     
  0.38075590535788018       0.78964244064754630        1.6330503968163906E-002  0.26423015697210372       0.11864338657866176       0.39988904913874984       0.11450514452000184       0.11694841456525461       0.53730030222303449       0.34027877241409693       0.25058876711836936        8.6167986772350366E-002  0.10266927037065526     
   1.2288336567997156        1.2480395177167949        1.2436331900769413        1.3932523462144877        1.2452245668831232        1.2203602859392586        1.2972271102821853        1.3140134450749206        1.3557639766989642        1.5346616989895470        1.2960009893698146        1.6179768594395521        1.5063215862338601     
  0.39246757364381601       0.79936033729218992        1.9145083310363943E-002  0.28461830257887411       0.13574889798792239       0.43708987822750373       0.13038339525398523       0.13423384602886673       0.55391730391482363       0.35405545783282660       0.26332548850716608        9.9489541499465206E-002  0.11884963343335700     
   1.1717679856469847        1.1067044347717314        1.4181665396724035        1.5054769105108088        1.2545473138553138        1.2225420005792389        1.2011479134065475        1.3348709472568328        1.2710798776882259        1.3423599451346735        1.3665921777108991        1.5953421184931702        1.1208587248263817     
  0.40436229542998170       0.80839259624077553        2.2254058685734570E-002  0.30414088318738564       0.15166403796368311       0.47080797572264094       0.14443597994411392       0.15036877717768354       0.57027152946293269       0.36644237945915609       0.27564451547904278       0.11294310587630070       0.13574922921303176     
   1.2630378046526729        1.2539620617541580        1.2608963013463097        1.2404663013264059        1.2158579537758814        1.1249626146528102        1.3065440280824221        1.3233727785318889        1.3036334554537059        1.1715033966035171        1.2371043962963291        1.5425758487818217        1.3526108011457618     
  0.41626404186018418       0.81715084156268469        2.5365754268420498E-002  0.32226825350894689       0.16723898899805201       0.50170181514998036       0.15732498436243006       0.16629927753606485       0.58612044059440727       0.37862734048966001       0.28798744885317967       0.12570970780349458       0.15326836675147765     
   1.4080788286361510        1.1421775271457344        1.2787182446944503        1.3421610863961984        1.2163230525327882        1.3597050914551791        1.3016113079190099        1.2762406846468746        1.3793224430409536        1.1228024889126988        1.3708853352331096        1.2711930747793663        1.4896045829024853     
  0.42808126415696229       0.82540200672266617        2.8597893416634278E-002  0.33953385509932810       0.18175045803137421       0.53096876239166590       0.17202821258358850       0.18277431130447544       0.60068824706983293       0.39117812943839148       0.30034130064111025       0.13841301638151249       0.17007483312556404     
   1.2196967283534508        1.1289645221255393        1.3671479484482718        1.1078195327636242        1.1410556667436722        1.1830320841811752        1.1749678549391072        1.2574376221278687        1.3484664460491944        1.2508125411812065        1.3086352810137740        1.4053608625954348        1.3885619837123675     
  0.43907651389680047       0.83309479022581789        3.2057694079242645E-002  0.35657039821202191       0.19494131263531320       0.55822125780429388       0.18660320047447948       0.19986419577378176       0.61338615617770509       0.40400195728411992       0.31272669917235435       0.15143509948042744       0.18845518786068868     
   1.2444492019259066        1.3478277876416478        1.3449102791415821        1.0668053447144441        1.2509807879873893        1.4772157661253054        1.4013139488903004        1.5344009738696738        1.3353218523351631        1.3879502983778640        1.5259575823170235        1.3812172057319911        1.2773991946855394     
  0.44907702054389076       0.84028513106957925        3.5868713082434847E-002  0.37398653072574051       0.21195198954214245       0.58427252512588457       0.20449165375062081       0.21704942875702926       0.62512291424897337       0.41674177188289235       0.32508258415751851       0.16504796924175752       0.20481166078640070     
   1.2539749870733816        1.1279223397491935        1.3710472475270270        1.3579337304687455        1.4077584934460481        1.1759357467622278        1.2744092284296631        1.3265283600364630        1.3662428630072243        1.2866359496763708        1.4131647974550119        1.3938782654128661        1.3653695376486286     
  0.45925153661096763       0.84703209748870445        3.9882558390070759E-002  0.39234451638766765       0.22970804984415946       0.60642760343582736       0.22207695833181251       0.23344650908588593       0.63628623231970105       0.42806487912123098       0.33783209943705556       0.17936056855641772       0.22059022480355056     
   1.3019505662004793        1.2241233478582276        1.3650370676088066        1.2674947151296296        1.3431315384407312        1.0891307892558433        1.3228714687955601        1.4042303589745275        1.3439954029165078        1.4618339270860294        1.5132735386039622        1.3228012748521831        1.1900305591165716     
  0.46996708613837740       0.85341795510077789        4.4017121449739627E-002  0.40991126372567366       0.24691653549760570       0.62755635683246147       0.23935867869469896       0.25009603261825553       0.64686367322595484       0.43956005351442956       0.34919098062168485       0.19425772964314258       0.23563750690748225     
   1.1881337871436852        1.1582421603683923        1.2144615833337518        1.2661757188302176        1.5679373648130679        1.0523394850479404        1.2784735906181541        1.2362156640475823        1.2458588045163463        1.1627412083736224        1.3430903648833561        1.3173086871839046        1.0891499462048886     
  0.48051802407192784       0.85970116925579843        4.8328871361211001E-002  0.42650392216472771       0.26388543713023244       0.64583123913716711       0.25590580631979015       0.26676080839935468       0.65633232388295248       0.44951776141753735       0.35995792615457123       0.20981066862443787       0.25130393755727226     
   1.3145290322379131        1.0813432592602803        1.0877100749313269        1.3652802682024452        1.4864937332166976        1.1853324458194754        1.3231720702335019        1.4219944904562489        1.1999331442483938        1.1865162650705408        1.3115902350655513        1.4305098852635292        1.3638146384732595     
  0.49063792695212805       0.86551529865135879        5.2729857566728142E-002  0.44177410527570987       0.28045930575029276       0.66407465328411619       0.27139282443835711       0.28282699929564498       0.66567787936632083       0.45900993446390814       0.37051767142658104       0.22624089345194417       0.26733091623283473     
   1.3125131606509017        1.1476563091490741        1.2757250420263599        1.3308512701811304        1.1695474103156100        1.0835763599741202        1.1911519169401616        1.1744834650748406        1.1713004787048424        1.2321323610082158        1.2997964931062047        1.7679894455926517        1.4811234264698845     
  0.50055501577971540       0.87090791697311964        5.7169449860262053E-002  0.45611272064747760       0.29693052428781108       0.68074142739536458       0.28684592514943419       0.29777468675852203       0.67472002659181052       0.46786475341417083       0.38167197492369270       0.24337927307069482       0.28360782441748666     
   1.0257661906530231        1.1374216609859056        1.0709486322535025        1.2374905480508449        1.3581702152508199        1.1202157645443502        1.2429144583620559        1.3826486885538929        1.3408380516126148        1.2615366098372693        1.3714982695507791        1.2501257256284408        1.0709832139234317     
  0.51071996372339978       0.87594457884699450        6.2215162803503053E-002  0.47058575096150362       0.31338889995529856       0.69701111593203124       0.30139471247550953       0.31188738720815795       0.68285688890957985       0.47648695879132197       0.39354654994535782       0.26068711997722566       0.29945053980903841     
   1.3500850374577571        1.1838239191037825        1.2158221174518848        1.2488538722296578        1.4056853916201286        1.0653456403110146        1.3703018158504083        1.1947874167594319        1.1494823940734253        1.1100676265294434        1.1833611251994873        1.3013814766029872        1.1995171491055987     
  0.52129030978582080       0.88084481846125073        6.7741293891740800E-002  0.48448503614646715       0.32980133957565599       0.71245678317052885       0.31601489141099298       0.32643701031463346       0.69059519667741509       0.48452532314741914       0.40539808632960678       0.27798490869489267       0.31450161448779562     
   1.2071798134437763        1.1801939759233657        1.2366046636002952        1.2501260917563599        1.4422653754517629        1.1641992951737348        1.1138790207706128        1.2571285201629465        1.0875942333939146        1.2045926092275547        1.2271794396280333        1.6628714841003278        1.1163328588713675     
  0.53192356824337306       0.88550162972254431        7.3728809272250978E-002  0.49857598261279296       0.34622679828243896       0.72779741092520100       0.33107957983946701       0.34155613204787028       0.69868494847647467       0.49268274664481915       0.41771190987844753       0.29516066230429178       0.32836707000328613     
   1.2683512655779972        1.1014995902273699        1.5098291844681544        1.2792392827507513        1.0820449274432773        1.2966678675825623        1.2369805575567279        1.2583305829866196        1.0138846495111533        1.0484050889262699        1.1333988195290350        1.1994942646114115        1.1072651071214727     
  0.54199011098589722       0.89013613246960510        8.0136758483378770E-002  0.51268322406243982       0.36252182547533962       0.74256179151015755       0.34630776973876132       0.35708824076934975       0.70661216987009190       0.50069755690471862       0.43037996666138045       0.31057614031809189       0.34245053636137718     
   1.1974136224996381        1.3400038442716138        1.4812380470401323        1.1609896355682336        1.6193089602131314        1.2048062486748150        1.4302976139191397        1.1772848535815774        1.0977984348275318        1.1319247375973935        1.3239483069620961        1.3484377062970345        1.2471386933631514     
  0.55244604230095828       0.89488413808110145        8.6752639789542688E-002  0.52667196868947319       0.37870837068648217       0.75669533012486301       0.36096756214216374       0.37209145376677477       0.71437801914323840       0.50880773555610059       0.44320414964745769       0.32637947192147543       0.35708127128654071     
   1.2966799295142248        1.1858484129573201        1.2078246758891986        1.2373638645183345        1.1630296423765041        1.3788541909876100        1.1127814747963045        1.0537324348035957        1.2314319227886432        1.3285386805234731        1.2054529912583110        1.3013236935953592        1.3357598844143035     
  0.56380970642540207       0.89951145579037095        9.3527933962834209E-002  0.54084438158811865       0.39518770331409703       0.77054927254910222       0.37864838037625603       0.38624469044753595       0.72244586501712937       0.51760568604406776       0.45620242292047686       0.34208688243886337       0.37221566489943109     
   1.2935610612869999        1.2220583231813873        1.2859829701933712        1.4001321690844384        1.2628746919958911        1.3419573695868923        1.2917901163755567        1.0497294253331737        1.2016286354503518        1.2448196746764328        1.2318445997947141        1.3452211136290593        1.4283019466357998     
  0.57544327803975404       0.90424729006763993       0.10068164938311429       0.55482917287836209       0.41176220464981217       0.78420454839857612       0.39659514540086588       0.40218511089482800       0.73061281518017418       0.52608654066078930       0.46931188488787678       0.35760080951491102       0.38714720714480372     
   1.4185996776139174        1.1511501919738198        1.1616022712158955        1.2987150257907498        1.3645869208912937        1.1617942430802612        1.3345654432551293        1.3538131986212054        1.1673504967987980        1.7350829480775727        1.3152989798049370        1.2750584628508701        1.3652698480862315     
  0.58678383920681054       0.90881812644956350       0.10814770429977719       0.56912440186291713       0.42815311489627850       0.79731165858347663       0.41405158185949337       0.41763884068505008       0.73898917889033766       0.53474164290318349       0.48258288863336041       0.37283951121948783       0.40182504156264054     
   1.4074495133961333        1.2340579322120320        1.2340316656955175        1.3165968021321324        1.2642029101347907        1.2460480081153666        1.3799541115631495        1.2933468386423705        1.1735468176467545        1.3182383347261111        1.3625765419098053        1.2665509717135299        1.2690388008503919     
  0.59833809298659968       0.91318087905671042       0.11570926432659619       0.58361071748978732       0.44411610560780462       0.80807912676429949       0.43074888046717491       0.43202721080819162       0.74612630876002195       0.54290980845137993       0.49590217140431964       0.38735718192981189       0.41592906718798256     
   1.2486883812597753        1.0635478091797570        1.2114171315931164        1.4566221770113410        1.2418917000459095        1.2428712878046939        1.4613361597772039        1.2902683779211312        1.1552710526979078        1.1970893161294849        1.3076082117809038        1.1416449759605736        1.2414409829484685     
  0.61025603313910248       0.91732338895627263       0.12374806357528791       0.59711112150088930       0.45970536838119347       0.81839511832525869       0.44708601662353642       0.44518120653831128       0.75294144369750993       0.55108428135694976       0.51007658070669204       0.40181133480913273       0.42846330727480714     
   1.5194111436105775        1.2940652677794471        1.2499115131672847        1.2340447542057265        1.3267793531434926        1.2084279361295092        1.2727228472949954        1.3842993870528717        1.3959594315466641        1.2183579527832038        1.2431804414938528        1.2864126967047942        1.4703640995390521     
  0.62153032308166800       0.92116974897254489       0.13191162821422656       0.61079830398124124       0.47558005396021541       0.82806300832109192       0.46330292979684429       0.45882914087972237       0.75923185606210020       0.55945505699774711       0.52396331422073950       0.41617276798545599       0.43990895468858604     
   1.2133486225558852        1.2622175311431383        1.1521094474642224        1.4794359838396407        1.4573450069917002        1.1184318097660955        1.3807399269828569        1.2259893397044224       0.98207164373372657        1.3659392380853781        1.2383166743631697        1.2300205791489158        1.1982871839717926     
  0.63183178115395133       0.92479549914095183       0.13991196410385001       0.62451459507217588       0.49058131866793064       0.83781408787582312       0.47802370516752912       0.47242195972894735       0.76566435762914187       0.56737080004571072       0.53741837842723372       0.43137514920458103       0.45236911348409142     
   1.0753399389286100        1.0881600900912591        1.3671946057100486        1.1591913651750685        1.1078352996761021        1.2082909333940690        1.2630337525912123        1.3486030314810793        1.1058542829327640        1.3600996115110480        1.2965835979834273        1.3031739898625097        1.2970465626998988     
  0.64225921781608486       0.92825283908758782       0.14799252790330739       0.63793263473040307       0.50424723012397255       0.84671757177054696       0.49266491898478587       0.48636395990494130       0.77230886012005762       0.57488240848373251       0.55124636020268858       0.44698608458653905       0.46653664047317089     
   1.1748626442190122        1.1723491758126148        1.3142658326096535        1.4271681333350394        1.1750068455193325        1.6366266768579736        1.5029914430922202        1.1885246326623433        1.0502238068363370        1.2767225166433351        1.3343642162736737        1.1505699654280110        1.4536292700747391     
  0.65431169357887964       0.93166996403934865       0.15569991464509764       0.65126935680165887       0.51786464217506312       0.85487250874551091       0.50799259529147378       0.50023308922705201       0.77900449172195341       0.58241112358813873       0.56617519996285248       0.46198883407407310       0.48065683980260260     
   1.2758809807255169        1.1570761934009659        1.1731884374180808        1.4488291875907657        1.2170097193954708        1.1997701923392436        1.2542252390968009        1.1131812721588483        1.1976757522238570        1.2400461175072039        1.3045822218842380        1.3940045708765749        1.1407791812553518     
  0.66733217208975559       0.93502262708238426       0.16354307336556068       0.66351645836223294       0.53174087975699691       0.86244191563905437       0.52351026090160957       0.51359739424307871       0.78550162303952697       0.59014831060239403       0.58077101166179523       0.47653746272320496       0.49384264422381779     
   1.5087017484054064        1.1933930565991215        1.3021740815432679        1.2965619170731681        1.4578984421353751        1.2190970830810339        1.1982091806775079        1.0477391445943953        1.0194633639843129        1.2372994228530207        1.1994392334160275        1.3095680444483024        1.1211162001101045     
  0.68013640394753305       0.93826929793789937       0.17196180170796310       0.67491538700339959       0.54650876310981289       0.86988355092084635       0.53790755089019116       0.52676446384580711       0.79205766781832909       0.59833827851162391       0.59456738144078236       0.48998934161979235       0.50656297261325289     
   1.5056974542906540        1.3984119946274944        1.1869530400109169        1.2533381333160396        1.3588134742848257        1.2184569710722164        1.3121084841072390        1.1005997833920500        1.2522457486281378        1.1965708630348171        1.1605935918640453        1.0674227951585447        1.2109453785083508     
  0.69244579035885589       0.94151834999031225       0.18092798392829265       0.68692566512014175       0.56122937985019572       0.87703829879656503       0.55232380336763198       0.53870309438985720       0.79821686074653520       0.60695341960162708       0.60811796836965215       0.50373513856502927       0.51877068948934524     
   1.2626844366053307        1.1443398168603387        1.0213589725030550        1.2983851374843449        1.1466549788489508        1.1870836737120316        1.2939343946054065        1.0063753578708641        1.1685717892066747        1.3586114070572193        1.1685279804673860        1.1169537126905962        1.4390048452640423     
  0.70484461304215218       0.94472198793531070       0.18994367816281821       0.69936885999091403       0.57487343528167612       0.88377570156642893       0.56730280299691405       0.55213835458771410       0.80408745189856190       0.61556479728098279       0.62171453236576157       0.51750621509594841       0.53090066588888640     
   1.5740723727546042        1.2385149755795872        1.3440566949310573        1.3119803169021564        1.0307041657302818        1.2587941619787599        1.1896703041547951        1.3373499415604633        1.2761217316394395        1.3679690041687804        1.2229440396313407        1.1235049698129316        1.1569419332593516     
  0.71680188385628207       0.94757871645507008       0.19902958620369660       0.71226265313975512       0.58858594654568974       0.89142286522837888       0.58228491250713155       0.56920391080441757       0.81060119151849463       0.62385958652927709       0.63602185201126515       0.53188823892843817       0.54370840705846180     
   1.4251620025635832        1.2581531187123571        1.3413437845915981        1.1993690400845225        1.2680676033886784        1.2962787306379635        1.1790841800890810        1.1630960724733923        1.2865174581703460        1.1906159768901750        1.2482717976969502        1.1638383653930195        1.4434646943526606     
  0.72903565615118571       0.95039878814667422       0.21026182922625480       0.72572897316268137       0.60244701028069891       0.89900167415724586       0.59705451408489874       0.58466229260821279       0.81720979069699717       0.63202051318176045       0.65069087260264091       0.54639997957420894       0.55746405362805984     
   1.3176906592620090        1.0672407018060177        1.2313496816619027        1.3632166940673476        1.2409331419085772        1.4029621316082717        1.2591789852435640        1.3656557254279866        1.3776612765790019        1.2946498696136104        1.4459790725960711        1.2262747921098773        1.2641610118405981     
  0.74076909920591261       0.95312439263097992       0.22154274995834122       0.73877382704630146       0.61623057617974708       0.90575855548000439       0.61250976110497291       0.59935317654521469       0.82401312357205514       0.63995367495261024       0.66554976941779587       0.56124697800294765       0.57204205771112426     
   1.3520051497387904        1.2565392930114665        1.4298810531482289        1.1530728449246874        1.4106647657938995        1.4966880562446214        1.1874994520896744        1.1521573982289774        1.2883121287213457        1.3779717674350751        1.3992903030764272        1.1788764342102882        1.1334658913229994     
  0.75193749306185576       0.95570986821089643       0.23325724710957674       0.75088153657468348       0.62996459451261499       0.91217642886001804       0.62787786047090199       0.61503084406905040       0.83060276625363194       0.64751900774592808       0.67962087654271075       0.57746769544517385       0.58757891321240185     
   1.2941996410741883        1.2087805272774657        1.2303285329443017        1.4511608741585527        1.4447025823547810        1.2978670738533544        1.2311799793955334        1.3764006497727468        1.2245662385970448        1.1793107016087965        1.3677675493459140        1.1913941658858678        1.0570237125217172     
  0.76250100749042615       0.95819900172222916       0.24481048749472564       0.76217111711383878       0.64406433105163297       0.91828305031705482       0.64309720832739181       0.63410326357368785       0.83680709121232155       0.65499933846981684       0.69365344724957467       0.59272789550417915       0.60334672422946178     
   1.1882447505464302        1.3804422656535535        1.4296016373096376        1.2692819391581702        1.3329542667667706        1.2286783214234358        1.4202835061322303        1.1926666423264582        1.2983558156618167        1.1765000476667269        1.2431771229434674        1.3303158582768300        1.0331226345249600     
  0.77279130309724797       0.96066722643242153       0.25643378002275324       0.77390135871144394       0.65826873356976034       0.92387557641206430       0.65777018265463738       0.65217816019949681       0.84324043598657017       0.66241338829551322       0.70835763547791764       0.60734271906952375       0.61799087700524569     
   1.1596253788211361        1.2796306462700191        1.2606142262156990        1.2063074390800499        1.1757454790642823        1.0998663528157220        1.1772655903777418        1.2377756356562348        1.3281245382444915        1.2254715499890825        1.2509400690896308        1.3629477619876114        1.1406133911777638     
  0.78227967545129939       0.96310850668258741       0.26860682121564716       0.78572288320173012       0.67225098431755026       0.92932346534897259       0.67257696580765691       0.66921668234737941       0.84973770745684252       0.67020098633148772       0.72181577929117635       0.62219510117334287       0.63359454906155810     
   1.0689501452369432        1.0985464076997788        1.1748499982918457        1.5474668384729964        1.2591707070044051        1.4219040488753938        1.4582469530960567        1.4049666131031766        1.2103216891866011        1.2304326976893134        1.3183894956384661        1.0385523047864098        1.3667894831080134     
  0.79264037738526372       0.96543049258967772       0.28130703507182736       0.79750032627047718       0.68625363972559672       0.93429325666427121       0.68939576659009272       0.68578849442172407       0.85625577250073981       0.67864934118356179       0.73594639790220329       0.63761416072507182       0.65184734868293215     
   1.2864366526434929        1.3622852025176089        1.1265236732520898        1.1459321182179909        1.3727115623311750        1.3209565870393782        1.3420794307943484        1.2427174286138045        1.2536033422783510        1.2876664986227291        1.2243745505822239        1.1513951013013854        1.3535069422862540     
  0.80507932273297378       0.96762794438399879       0.29471977104942326       0.80899417447578514       0.70011750337577738       0.93917415903821255       0.70637880718091295       0.70313247918552124       0.86272373083844522       0.68676273754585293       0.74743256917616219       0.65280270198226031       0.67090797300005200     
   1.4083417454784020        1.2435914589032195        1.2389460070133471        1.2517297074628315        1.1409861820227747        1.0755875157633257        1.2913074822172350        1.2322734581187993        1.2558120445009266        1.4645776566491755        1.4485428588967479        1.0790678603999109        1.2493281859876464     
  0.81717021441931448       0.96972137815464321       0.30892825699900839       0.82061994982430730       0.71487449048955665       0.94389660138735498       0.72302942683255089       0.72082138284896036       0.86911060307702592       0.69442767729500376       0.75941293298013668       0.66755337934494707       0.68988474046253778     
   1.3563685096937257        1.2678646047418205        1.3581259854854220        1.3971640844539150        1.2929443369298124        1.2212285966493137        1.3647763800798600        1.2592873446999597        1.3262641653037468        1.1807553926528835        1.2059804720340921        1.0932623581173844        1.5870342043039960     
  0.82827604490613926       0.97170415758472917       0.32326364515274514       0.83218398758592649       0.72994967749831374       0.94850211615067637       0.73984061873599338       0.73800602437690355       0.87557895387121931       0.70194396563724171       0.77187325963258613       0.68283171778047447       0.70826527296124908     
   1.3390144018979628        1.2025436688893612        1.1369107415164987        1.2614361649059596        1.2884801002318786        1.4960969194537055        1.5311901539090882        1.3542393042706320        1.1904228912158401        1.1454900914853448        1.2331747003465285        1.1617947475550634        1.3208990838706578     
  0.83953444436369973       0.97351635290417493       0.33769454632031110       0.84341133748861263       0.74495035116986275       0.95276250852723265       0.75733943254938962       0.75561073358178943       0.88191271112368663       0.70998259913369355       0.78480902999155566       0.69910432813611778       0.72538888316818173     
   1.1605437202247275        1.2520403878891033        1.2948850612793137        1.4160562209556591        1.2300330637776418        1.1856736011957718        1.3080022310995918        1.4565192042922011        1.1558696527071681        1.6916205717399622        1.3249900298689044        1.1825315523889894        1.4902213233010988     
  0.85013875503505598       0.97525671103766676       0.35233681428513558       0.85433122905908399       0.76047527650103364       0.95669220984507497       0.77462549793399682       0.77181120311784412       0.88820924260830481       0.71819978410284635       0.79853790956777160       0.71799878950968310       0.74195204629471234     
   1.2219010795303318        1.2777287251169838        1.1389120520208951        1.2073476187367138        1.1104101173708225        1.1898585178944887        1.2889619494186446        1.4582089453665599        1.3891837076944122        1.3654099826423622        1.3038678702218884        1.1670221833935102        1.2365490845695248     
  0.86064089341711980       0.97702809105010169       0.36777763108482814       0.86544576682103058       0.77488476507555404       0.96041270716248772       0.79052859151086508       0.78753791043685584       0.89431101340613206       0.72729556768864145       0.81292853932696807       0.73823153038220768       0.75930722952557894     
   1.3832937439713644        1.2857588656948151        1.2042668199788580        1.3577534100720168        1.2452074348520319        1.5267881704714039        1.3001056497924757        1.3309012790376014        1.1188897816613146        1.3953538151378115        1.2839678485800823        1.4280282392018222        1.1465338329896750     
  0.87024841313316925       0.97881078766341478       0.38632581937828819       0.87609991646473351       0.78971152187827087       0.96375296085538031       0.80552052075062175       0.80301877543939548       0.90014864684128604       0.73646642308656951       0.82676598586876271       0.75683765765263999       0.77744808637210427     
   1.0200258227340311        1.2446207429757752        1.1704424375834157        1.3622384061853490        1.1939383012832465        1.2603597317229620        1.3609413508757273        1.5034006560391280        1.3535590915363551        1.3162930396624999        1.1475764711237011        1.1300081631632164        1.0987929239169589     
  0.88042779462081266       0.98052714615535486       0.40546282892974206       0.88732709774840490       0.80502649460818365       0.96707757568265751       0.82063603312568401       0.81836791656982644       0.90582723990014336       0.74591585570961960       0.83981298694725481       0.77505044879604235       0.79574500875950926     
   1.3423568785744551        1.2829519576624850        1.6009379406937052        1.3390603466379438        1.2454742597322210        1.4025114606045164        1.2336780480808913        1.2069553552769416        1.4276781072105167        1.3637257004648613        1.0996277902651255        1.0612572704048850        1.6107262849008976     
  0.88973199378960965       0.98218227571511318       0.42637489609237217       0.89780972214047194       0.82147016631073388       0.97027626225134322       0.83571776922216723       0.83188511666309295       0.91148169645028831       0.75514559281833904       0.85293398958084699       0.79391466672218081       0.81438858619025656     
   1.1770514394674696        1.2902521688852464        1.2115182690450841        1.3644804192387243        1.2632572345101221        1.2653705117996039        1.5943622906786594        1.2007570885224992        1.4020310762843275        1.4517192490782844        1.1771460793924602        1.2097968069993617        1.3292873720273002     
  0.89931018808269936       0.98380969386973083       0.44800729266257305       0.90851539953853433       0.83880354913208566       0.97363461691199782       0.85002873474874385       0.84510028735982690       0.91747490509509766       0.76452174727164346       0.86591758347119752       0.81236915933271026       0.83337702665052094     
   1.1511822375576046        1.2162227420802507        1.4060707138375619        1.3570066618740693        1.2219297947879237        1.1181538057933371        1.0804947514745813        1.5152839141324645        1.2684492758649739        1.3495763383251422        1.1762306623866130        1.0954527685569764        1.2600622927423251     
  0.90924842066006306       0.98544650634900643       0.46910549783881061       0.91821915377504304       0.85616508655733581       0.97660164389893411       0.86507301669309411       0.85852841323856000       0.92303100130577120       0.77416426123727644       0.87992402141937709       0.83129055320458300       0.85168699340301302     
   1.1116464212995967        1.4469987097685439        1.2092860177562947        1.2616215790374194        1.2895017932223265        1.6105650900209632        1.2991849350109042        1.2266121845220816        1.3019784782468717        1.0936179909860324        1.6719575029605640        1.1166550162437634        1.4510170895897414     
  0.91908538543599483       0.98712308317565045       0.49262488247052977       0.92793529825905741       0.87369814697474535       0.97949020243474638       0.88011610512367977       0.87354223806444353       0.92875506571389987       0.78398528252613375       0.89488645512153675       0.84981685697278975       0.86860867873481651     
   1.5363462084984165        1.3954016827114735        1.3484309099908962        1.1439929593847191        1.7257743871369606        1.4519291400157892        1.1997075129439034        1.3316633944274607        1.3821167565287160        1.2191317864300517        1.2505136834220303        1.2505354572211043        1.1962484369041144     
  0.92995632004202566       0.98901426340721299       0.52069359932237724       0.93694432974036723       0.89004220841587722       0.98239543791884476       0.89490520431388998       0.89043303504126670       0.93436932600736011       0.79463847392011666       0.90935756472682905       0.86999398033906428       0.88487643084140166     
   1.1535049339392585        1.4670810727451655        1.2872542039619512        1.2927925517471146        1.4862131425580916        1.4904858030184207        1.2039777071653845        1.1931160037127819        1.4102376648563180        1.7136838246224924        1.0468118649331728        1.2376292947948309        1.3597668211273255     
  0.94062892878404825       0.99082730180216805       0.55251168677965690       0.94644324294452609       0.90516297932550860       0.98532780389877694       0.91016324795379411       0.90711164215152507       0.93962358876083441       0.80577001704618079       0.92328897814007627       0.88928828241154900       0.90150132716432296     
   1.2445625921247010        1.6027743190283998        1.2908875706285778        1.3507205486759724        1.4006229638210697        1.5234283750944586        1.2279085362129989        1.2769127947643177        1.3366712935082219        1.4173969663866746        1.4277132250479037        1.1626346626295374        1.3688132207504977     
  0.95096450075255590       0.99242346174718865       0.59091995696801969       0.95552209967845003       0.92103049954944927       0.98819955533876835       0.92578303873567358       0.92369985113306141       0.94688873005764562       0.82040276223999908       0.93563127252362832       0.90696508681030141       0.91822854474154758     
   1.1865858672660790        1.5474888252231478        1.0965616425618721        1.2199235310822010        1.3204436479679795        1.5302179300511751        1.3240832838704200        1.3967043646217494        1.3547659794079312        1.4142477193846978        1.1066832722568576        1.3172912225494962        1.3296116274021661     
  0.96193857180447595       0.99384958426200920       0.63696287674197616       0.96428452549149879       0.93741332769337171       0.99091714409104747       0.94208461931851351       0.94000867937986621       0.95393547445157201       0.83517285684494658       0.94769666706779354       0.92514163638150126       0.93490304726032514     
   1.1499212774881888        1.6495678870779404        1.0593701986254433        1.1755252894631316        1.3427132476400958        1.5860274627730344        1.3962477587162199        1.2844552298950953        1.5894177858316005        1.3706216477574968        1.3843731718165517        1.1108762730649802        1.3462950010949140     
  0.97174700359148536       0.99529099429089585       0.69396601180150019       0.97242336384581574       0.95299733074176085       0.99346797449473578       0.95748116494497593       0.95447927984899505       0.96193668327997384       0.85285888063261794       0.96014737358715818       0.94418663333585695       0.95060056032878393     
   1.3057717062551433        1.8129013569952135        1.1989216555647162        1.3916794717500320        1.3185812527095162        1.5971791973859939        1.1117095201122753        1.1675850486449770        1.8327432106322470        1.2518989857546476        1.1224916153965285        1.5345557912682790        1.1663341550671911     
  0.98114812994178968       0.99676517993802038       0.76434507328070900       0.98034489249415657       0.96898510515588865       0.99581364564132735       0.97286748658443778       0.96882240934931674       0.97096649780265143       0.87340903569112305       0.97256438919697707       0.96324043943994908       0.96728902775388925     
   1.1253757041010741        1.7410564759943574        1.0858090148685440        1.1176811608442712        1.4118500645204577        1.2951925804601174        1.1603560215922140        1.3491357455816639        1.5342744355346611        1.4765957093340882        1.1783223497179323        1.2722173571322974        1.2767670253382946     
  0.99060556567262237       0.99824738460562557       0.86498698531402762       0.99009858667399675       0.98440197705845800       0.99794072999503824       0.98653218710473900       0.98462315116688892       0.98349837057298151       0.92166451886249579       0.98604812675416054       0.98175733894053607       0.98375922382331360     
   1.1662628636550283        2.1021899730694131        1.0789583925931063        1.4766322187823893        1.2738462866382587        1.8542147648335563        1.2866812927452207        1.4935190669086544        2.0188350525933845        1.3297815012278345        1.2731992496160200        1.1903803416424952        1.4185634964898337     
   1.0000000000000000        1.0000000000000000        1.0000000000000000        1.0000000000000000        1.0000000000000000        1.0000000000000000        1.0000000000000000        1.0000000000000000        1.0000000000000000        1.0000000000000000        1.0000000000000000        1.0000000000000000        1.0000000000000000     
   1.5572673795581360        2.6833432058232511        1.2939366731148858        1.1803808071910586        1.2825121135430813        1.8307198045700057        1.2886714007678091        1.2778384943187158        1.1476840266110626       0.98706659350588166       0.99682548656439585        1.2516107707278836        1.4468223816844756     
   10.702410367346321        10.022888335638577        7.0195881826800868        4.5695948474813051        5.2998901389761235        7.7860024597194002        4.9071631994003200        6.8681774223981238        7.3274164844808833        7.6937255956183792        2.7791196559898714        8.2860772920464161       -6.8162540329504013     
   10.739005384807601        9.4427452686780775       0.27858995080908938        1.0759360537195257        5.4468033322500844        10.314093051479244        6.8307286333252391        5.2408877166543313        8.5793906064959380        12.736247136300927        1.1924718600526554        8.7396763944413056        6.4068504808649935     
   16.362671185008146        10.061227674251265        8.4933002266610913       -4.0772048743800389E-003   1.4618030057935154       0.58773047586724436        3.6208152839475742        2.9052971658343565        3.0317966180070046        5.9382262727432185        7.6988194162799513        12.673682345542923        9.7214948452208798     
  -2.8841417800077886        9.5094949052279460       -9.8998753510355861        6.1568769549662754        4.7228979397013751        4.4853445738541140        12.774974338622529        10.493928725131296        3.9441525132294077        8.7296342017073165        7.3126565607260758        8.8083596199328813        8.6863700120015430     
   8.4884273753978299        12.923459126791549        16.067651704771944        6.5525063531215251        9.4771232767308025       -7.1185945401048594        11.182734224363234        6.0397156244509738        6.9142475485216002       -2.9369281305352377        6.0434632074413539        9.0212640214881059        8.6114823596909549     
   7.2645745306999725        11.530515616883308        11.616097667962219        11.847468146637370        7.3458179726395345       -1.7264612351693189        7.4643514068336350        7.1192436719694436        5.4994600453365061        10.685534016551861        12.416973200195500       -4.5559987031342901        8.3808578894661263     
   10.593502162164379        13.395084885142918        7.3623902988093111        7.5048914867266525        3.9693404251709135        1.8182102027637315      -0.95589671824543665        7.1047431370570777        7.6423546307532053        12.268989526617144        9.0579075002756113        6.3197185796489412        11.112032537905550     
   1.8943870934108853        2.1164869924547167        11.165369324136522        8.6992354126678713        5.9642360471452021        18.056536067664162        9.5512354689744807        8.0410079441734634        8.7361991093989282        6.2384558487676873        6.0597548086595134        6.5413933012932146        7.2353164703088897     
   2.0911639925167447     
           1           1           1           1           1           1           1           1           1           1           1           1           1
  0.53106551457978579       0.18795875991144587       -1.9732501004524668E-003   9.1766627965181833        2.5026709444489471E-002   2.4543484947226231E-005
   4.9554213537502043E-003   5.7134062904426516E-003   2.1575607350816082E-003  0.23282308769871857        2.1569380610385247E-003   1.6040992810551059E-006
   6.7843192934491847E-003   8.3496029707777257     
