   0.0000000000000000        0.0000000000000000        0.0000000000000000        0.0000000000000000        0.0000000000000000        0.0000000000000000        0.0000000000000000        0.0000000000000000        0.0000000000000000        0.0000000000000000        0.0000000000000000        0.0000000000000000        0.0000000000000000     
  0.22090588526352176       0.30982071994973276        1.9036701663196650E-003   4.9269724283645894E-003   1.4283399122764062E-002   7.6782070311342057E-003   1.6669971989229093E-002   1.5825708400078364E-002  0.57294404180149372        8.7879429713257337E-002   8.3913831877066400E-002   1.3220392435074956E-002   1.6371544352349568E-002
  0.54938445565945693       0.55563072803801861       0.68200567192905837       0.53987335738167663       0.63319763069385848       0.61981717669151182       0.62239988372431887       0.65635835045256374       0.50569320212559665       0.46817466321557266       0.62327337912440528       0.57391581250436263       0.69099398941806356     
  0.32636967199934930       0.43682820534778544        3.6218696685559331E-003   9.4877080333422639E-003   2.7760102644284950E-002   1.5250327497668834E-002   2.9677498788077433E-002   3.1611440769720861E-002  0.73907921513052977       0.12717638844634777       0.13849635505237565        2.5249453336459012E-002   3.1550528254180248E-002
  0.58213814539399222       0.64574674830437506       0.76144313373813532       0.57633646292259899       0.61049682947085859       0.62701597564033362       0.68697918001597091       0.54664400460242069       0.63772745708149181       0.56718114192088276       0.57585706752389676       0.68305114967562253       0.52085904913819669     
  0.37967843654287958       0.49266530246530449        5.2090087370968577E-003   1.4629744769374809E-002   3.9938318047417792E-002   2.2956664608395794E-002   4.3158483239629682E-002   5.0162857487102260E-002  0.77775507603661398       0.14982001764964784       0.17495659835349434        3.6918391027033898E-002   4.5584097734392745E-002
  0.58569743669364027       0.53645088687855458       0.84147230673757012       0.59696409061691658       0.62569585200683275       0.58049254159238517       0.56342534697635571       0.61490897370646747       0.62033250955227504       0.65620321883212485       0.60737752349961016       0.70969031477265498       0.67682808008813578     
  0.41875293487936549       0.53183513923998071        6.8220641509387408E-003   1.9862488026501892E-002   5.1901684473453696E-002   3.0584475462523124E-002   5.6312222710905732E-002   6.5953257527342796E-002  0.80206794752209476       0.16746306769341374       0.20154188378587509        4.9068949765984173E-002   5.8548053907033881E-002
  0.60314177550578096       0.55242997355541934       0.60759171282709934       0.57954112122432011       0.61576245236945759       0.60700714675425638       0.58813784157399696       0.64876213709044817       0.65361953659578187       0.57092703083141361       0.69820630167576014       0.58704677100235336       0.65282310773278640     
  0.45076269099128718       0.56549641994249966        8.4839824041556336E-003   2.5693945920213516E-002   6.6166237490218022E-002   3.8288114726475031E-002   7.1625147048846413E-002   8.4005754161487742E-002  0.82116694972888493       0.18281758385178415       0.22229086335841786        6.2382031843531013E-002   7.2053591788987431E-002
  0.59940893841865017       0.63751569658626406       0.63385065636341975       0.68494796981307027       0.65849702541220101       0.67087356132684750       0.56462201310768700       0.66303820778836675       0.68420311477780549       0.59280095285618739       0.77705935368025048       0.75256488812815470       0.61610809212392237     
  0.47819758959574471       0.59457068275297942        1.0420258095600187E-002   3.1411020377504040E-002   8.2024965581211182E-002   4.6076109372281626E-002   8.7835975447939585E-002  0.10305975761005616       0.83565890315585190       0.19663884589144648       0.23950890635224156        7.5650124260181417E-002   8.7078057105100276E-002
  0.55793435121899948       0.56264680740444550       0.66808410133184126       0.53467332668258727       0.55320837821686475       0.64233537501568272       0.72180920809298077       0.56331374905651577       0.76025862251173815       0.64167528853499056       0.69433072565438725       0.50524102932744330       0.62590133040614793     
  0.50277658572896766       0.61806600513311905        1.2680787464490849E-002   3.7932728391529801E-002   9.7799454750558179E-002   5.3906653744650784E-002  0.10416095908864460       0.12226066955387212       0.84763436782577917       0.20927495299705534       0.25364458771786647        8.8180011918877546E-002  0.10359735556687255     
  0.57690562867107398       0.69149928121147441       0.71300468020919028       0.58535702717270410       0.57368060925249331       0.59164075162167229       0.62141976167016588       0.61039957013632973       0.74867989227443588       0.67561055061919550       0.69397109376127231       0.55820504627234757       0.52314936841116200     
  0.52353098528558784       0.63482928562446561        1.5055050044064008E-002   4.5256540999546499E-002  0.11433032576323021        6.2389678882709569E-002  0.11958528538913012       0.14038018575674269       0.85790837922087471       0.22019309751809901       0.26756943002786909       0.10027062198192419       0.12060136356501987     
  0.49229386095632288       0.54652960085912827       0.58728093103255408       0.60669694825132869       0.63722513412908888       0.59783406008039919       0.55838411325533344       0.58415744269499370       0.64731173079344928       0.63772214541324357       0.61685638663539599       0.83799279088264289       0.66898370132085350     
  0.54240602279690342       0.64893181752890050        1.7491764873121363E-002   5.3954745699767701E-002  0.13110696096692548        7.1529007018319948E-002  0.13380833306855727       0.15757047005094779       0.86684715942918689       0.23056876803114187       0.28083199635957012       0.11328442197325533       0.13740235156976965     
  0.54661487960877564       0.56819387454655501       0.68860073092560092       0.74804584645921413       0.66699206138721279       0.64468584348657310       0.57185116070369202       0.62457199327258062       0.63918096477104913       0.68728758469449525       0.59847718031521957       0.69500640594600627       0.60154034901547604     
  0.56129000734205992       0.66462642147517192        2.0267720704974686E-002   6.2672897722465273E-002  0.14858577352110255        8.0872581837018245E-002  0.14666638173679156       0.17325749231388243       0.87348764821601732       0.23977663002754901       0.29408600021731884       0.12565300314847172       0.15496961346260685     
  0.57082534090128212       0.50926555481141367       0.69247065745201397       0.61714774568230080       0.76309223664787695       0.55576969893560091       0.61973617154472971       0.64011462465400981       0.65956538553128585       0.60907365062833341       0.63937661558037051       0.63959095032819824       0.62455282190750461     
  0.57922094435405325       0.67998724139517497        2.3423194199921147E-002   7.1264819604324015E-002  0.16578377265462718        9.0474169697930609E-002  0.16015584133606994       0.18845964801364842       0.87951946634424005       0.24897667296316267       0.30771051417074641       0.13797105008841928       0.17377415132207261     
  0.66810304683420374       0.51606961308994059       0.58943688217212886       0.56459895952372208       0.57540904909506563       0.65176037688972033       0.54778968139286199       0.60021269509319519       0.57263221138610876       0.60415421548138748       0.71568513934855871       0.53860558277556259       0.55436507033633131     
  0.59554673565020211       0.69537016058340728        2.6607584526837470E-002   7.9114316974417481E-002  0.18214805627293559       0.10022005937585397       0.17504234431390880       0.20381709717642521       0.88545054003081902       0.25789522278382188       0.32210596801469876       0.15195777109878963       0.19283448927445659     
  0.61647406575732910       0.64001793610315072       0.72013584636190653       0.65990020974659369       0.64610974397921828       0.62499671683120628       0.59371207383065205       0.65222292911154944       0.57747893181854049       0.75307083502864625       0.84936005257757397       0.60537338549293873       0.77519030237453801     
  0.61070153728517707       0.71076613843744485        2.9723197202932053E-002   8.7038131957781220E-002  0.19696794811141455       0.11013079069087348       0.19041955198667782       0.21955396443181188       0.89082974106449686       0.26587585847746481       0.33700298937169726       0.16712021934339460       0.21189038852717842     
  0.63623644781535660       0.58595568666986331       0.72176837574960029       0.56443048735187407       0.60620373223459090       0.66706173848669281       0.57808207325168715       0.60034782109416973       0.53525356258421719       0.61787931526002704       0.68540992991110650       0.63648069690462228       0.61960641706812658     
  0.62585394435854869       0.72509961838227621        3.3056121125495212E-002   9.5558849153741743E-002  0.21180674113542444       0.12033269809733772       0.20553069167472524       0.23745545373169558       0.89583820907278844       0.27336814587383884       0.35226107270545687       0.18340965947381155       0.23062224352381225     
  0.64387310407431664       0.65567707990192392       0.53346602014239963       0.61583677922579894       0.53413421139191886       0.74664367697629086       0.62736552634444054       0.87486495305764400       0.51417382011184776       0.52904385881472116       0.66431617067189386       0.64017975949556849       0.62564957207918004     
  0.64006536282840076       0.73873301297664307        3.6763333508309674E-002  0.10520723770485411       0.22598479117145570       0.13043674361791591       0.21834715592632775       0.25504980197190691       0.90121073509582983       0.28074759583182479       0.36663260416247362       0.19914352830478593       0.24960507859226397     
  0.57262000357142440       0.62796707609081981       0.60310418309557068       0.63284751038943010       0.58070237288402426       0.61038618929742539       0.67072562750876685       0.62739290229379052       0.77103294880227435       0.61642467549843249       0.68919634759640402       0.54625706877220792       0.66459771779266108     
  0.65417166719196540       0.75207249354980421        4.1254959986377467E-002  0.11473044804952359       0.24054363406787371       0.14074724305052660       0.23347510568062196       0.27128271233494877       0.90541683606433632       0.28826262247753154       0.38099743376977929       0.21586400074600870       0.26850662124222946     
  0.58855474792289242       0.63796581995455715       0.58162183855659355       0.76488644938265005       0.50913851155465406       0.65271132091995909       0.53052429196744033       0.61369765008376076       0.59164594550427430       0.50387786292220937       0.65468631021668999       0.68234588457791367       0.61278556346846802     
  0.66638033712590428       0.76346239282587691        4.5784226531124815E-002  0.12376787583833192       0.25551608641126211       0.15156708123077611       0.24908092582284333       0.28821199514585588       0.90871596890258277       0.29567022662634085       0.39507424861573215       0.23272744041053570       0.28650897571320932     
  0.61664188215812821       0.66977919614444437       0.58280853832839830       0.65085495515707914       0.57461316469957291       0.67816199310490155       0.66828559223979311       0.69677174709396306       0.57627978271323732       0.59440391797173786       0.75915896145603368       0.58985543875259550       0.64408184179313333     
  0.67874015762203854       0.77418142139619139        5.0325229670128993E-002  0.13308865173503981       0.27111603568651538       0.16266984869160755       0.26592067308837580       0.30475624921139705       0.91214957671818797       0.30317704775744975       0.40745540655173534       0.24919629474393226       0.30365146563957063     
  0.64115256466660075       0.60748501655877429       0.69082762933407194       0.67009972004820062       0.54845961422859335       0.67734225217493782       0.65911464839883049       0.71994018485365696       0.59177845435027121       0.68312631344851493       0.73353283275378312       0.69429345179077351       0.66473723256712569     
  0.68961212065894761       0.78441916841524906        5.5058094828497314E-002  0.14211893845327672       0.28384804929527363       0.17356933550345918       0.28357950418037631       0.32117369943318497       0.91544833877239840       0.31114232666941011       0.42019151817999939       0.26564028638789461       0.32006750705032555     
  0.70087403899164613       0.63926922642379247       0.59077459228466522       0.63359781569777540       0.65420846865760385       0.60666456340835162       0.76563403499970806       0.66542784635922225       0.52689685021022359       0.65362975325307859       0.59003665725235710       0.67692264114885603       0.60594636540881941     
  0.70126096830525908       0.79488590026163741        5.9700590962093028E-002  0.15279651366318803       0.29723771151939782       0.18463629190280997       0.30103837995903687       0.33789026004252071       0.91880770419903224       0.31902575370028086       0.43332217467583101       0.28194848196701455       0.33685538891380068     
  0.64305022054851901       0.66075744693239524       0.56988507668005828       0.59063183152259180       0.58751315731836884       0.72431090738471093       0.59136107449715558       0.60009464549019553       0.61626658917955868       0.69511021077843071       0.66539422885793575       0.65229485203334758       0.70591784263598167     
  0.71089777866929349       0.80486784551936286        6.4682622485961877E-002  0.16326794889569685       0.30862635302614266       0.19678111485619476       0.32036690741718754       0.35414198308185380       0.92205526171134733       0.32670387314068072       0.44569975380946708       0.29823041150767454       0.35508190775653781     
  0.61036704641465966       0.63057215401159195       0.54772858120224499       0.57640215661728977       0.62533259282825149       0.63826017540718993       0.69594879809690002       0.57789314095563871       0.58706757587419556       0.69728391330709727       0.66391651560400888       0.65942183529685605       0.65974264854901454     
  0.72027137271723740       0.81419000166772793        6.9652004821235222E-002  0.17397080333300546       0.32023215485391210       0.20958231278099748       0.33961850211621886       0.37067014657960012       0.92489517470968052       0.33450456448877203       0.45793746141031205       0.31488094250384047       0.37366991067881050     
  0.69557729658106870       0.63806510937237648       0.62128569367533870       0.59543097819588964       0.54969231047600609       0.58849009038405731       0.51395900481076318       0.62808655638753963       0.58193490507055345       0.60234191150304706       0.73140213191467207       0.71230467419704935       0.63048272855662268     
  0.72842803917361509       0.82276220311107517        7.4638408794560518E-002  0.18469743098467178       0.33155552278082179       0.22180633248150661       0.35864295353952375       0.38814096396730152       0.92769114950623977       0.34276614260922966       0.47074755755592096       0.33116849952112132       0.39006225176626380     
  0.53849754378705506       0.57784134613425697       0.60798592004709462       0.68744227974678707       0.58691551184374557       0.63040186514452667       0.73888565012613161       0.66447385683964311       0.56654727559716489       0.59572754540456041       0.58137352992505820       0.55264538487271186       0.54450800669021393     
  0.73645526544953510       0.83072589070710012        8.0283822431824747E-002  0.19591565439686739       0.34408700992805880       0.23376515211309662       0.37776324935607186       0.40659841069481528       0.93044982510613972       0.35143092493490585       0.48309314483496263       0.34665643470735552       0.40455277573576004     
  0.58923958225870687       0.59981140599643112       0.57263430037665153       0.72568507723871800       0.54496424582147185       0.55925530887690678       0.64546380191697639       0.68796292066842124       0.60555485450452751       0.57235806137161449       0.63802696586754504       0.59630204710803925       0.54240786421336262     
  0.74426219308111863       0.83820822575056220        8.6555907467542756E-002  0.20718424735760446       0.35833859384958372       0.24474174663105422       0.39336800250914217       0.42501589656946148       0.93324747843273947       0.36030915280673675       0.49513653987011275       0.36192528120891854       0.41875762296518082     
  0.62899739332024041       0.71718366759934715       0.57659728344644257       0.57720274526677140       0.56075834173782191       0.65786856594081267       0.64005397047612322       0.56940004361001084       0.56945809412807380       0.67308573864791055       0.56018932423436529       0.68808179922059787       0.66971440669274618     
  0.75204397419584790       0.84529062468179339        9.3526363147101943E-002  0.21802998390808279       0.37468592465354877       0.25622368972360321       0.40952789236771298       0.44287975876736835       0.93594882151360415       0.36935871745085957       0.50731532722923578       0.37745597144695936       0.43290065888538098     
  0.51558024531398028       0.60349678805984619       0.62116739736403837       0.64189594546062767       0.62799363654883655       0.66368097350318078       0.63749994188113401       0.75647619338193750       0.56764802421117744       0.57600475334955492       0.64520214516688745       0.56775880011497104       0.59888587726391507     
  0.75946818085821388       0.85181355733424791       0.10053001939930009       0.23060249186715656       0.39194189203790802       0.26786137677295901       0.42570976271734662       0.46026602730460647       0.93848239106974263       0.37774408606591775       0.52000896855221213       0.39260795554434319       0.44882036332252667     
  0.58018992486619259       0.59287190255665423       0.70970943851463031       0.57931788396280126       0.59412913957488589       0.53662455661463837       0.66024948037196329       0.80065385461333993       0.60543335386887032       0.57990305476663617       0.56141386736289600       0.63811596544690985       0.64458666885935878     
  0.76670813116874570       0.85817852587709775       0.10754971316919000       0.24289043761346285       0.40893826862409893       0.28026141584519304       0.44201657503577024       0.47838640797719484       0.94085054388992106       0.38624765741110850       0.53300760415835446       0.40751243200628773       0.46374844695186401     
  0.59240745575968601       0.57577080263864633       0.57391904820357931       0.66854853574170214       0.63949430319533529       0.64566818128588244       0.59842135819763309       0.61676181673948027       0.59002719914637125       0.64778542780068460       0.63564151784297374       0.70978627326738453       0.54885738872743584     
  0.77386935919754318       0.86425581041710653       0.11497338884798036       0.25539930732921257       0.42589119161883349       0.29571425124096778       0.45747067894609106       0.49742237879215900       0.94304053638121121       0.39434486887410802       0.54551353541681646       0.42345801198509719       0.47747435205991384     
  0.60253296257150724       0.56213046926113897       0.68187488966808962       0.64524621302297247       0.62250202387486786       0.75750715903230126       0.52186558768270597       0.71597553262958102       0.54798693311786784       0.66114357588367334       0.55612630399004426       0.61472824476893861       0.59655743543054229     
  0.78037417748035098       0.86919639000126359       0.12308355095998787       0.26812714545613681       0.44285626311990661       0.31107219932608016       0.47232946478377852       0.51477000462179978       0.94520179077446287       0.40180432752886813       0.55720887572546263       0.44126708551630545       0.49063863506863303     
  0.66158287254946324       0.56868300170063901       0.71963853090360619       0.57811305943851010       0.65579874262337001       0.57076791101686641       0.74440219629695470       0.67775885001573899       0.57043847525203883       0.58206197226108658       0.55057473150272873       0.56461008433260440       0.56610887607047766     
  0.78657819051306832       0.87396268705428981       0.13101919717532609       0.28105326660348695       0.45958579059397980       0.32660808542148939       0.48804715280688671       0.53031665511033399       0.94725067202664481       0.40902507430523793       0.56901934910018170       0.45796556214955381       0.50363638224661655     
  0.59504684575074329       0.60085272568209169       0.54530671063690106       0.68118571314768184       0.70973117226655269       0.54832053426126148       0.67679474595548672       0.66044716197635178       0.54960895879013139       0.56633584038303642       0.55631623654006612       0.66598785193255061       0.54251176936967416     
  0.79287824154513986       0.87884204019973022       0.13851945802642521       0.29452592612177103       0.47611365882609219       0.34357978428831792       0.50374740362224635       0.54455444598149072       0.94930384608802332       0.41580803676203115       0.58052416510863003       0.47224332803209040       0.51687680639622446     
  0.51529009772581713       0.50985954404409572       0.52437591316457355       0.52522237073140543       0.63852219285215839       0.60463971681401874       0.53342675559031738       0.52791155435405235       0.57355716185273353       0.59903727418727848       0.58694622650050043       0.65678736401363280       0.57152998817562106     
  0.79961781485052075       0.88403896288594308       0.14620887533463664       0.30971191943312815       0.49289553779301526       0.36062478308756324       0.51943791962052699       0.55606267500905526       0.95124199371925233       0.42309164729124382       0.59146322737694246       0.48722255282660276       0.53072073429994382     
  0.66501961903680107       0.59559471092906024       0.61271087743951391       0.60197529116623616       0.56267615213064537       0.67883480129064377       0.60267903100108189       0.62673334689702342       0.58340391856996510       0.62799736795895589       0.59052177064701361       0.58630337792419529       0.68585991219116127     
  0.80600887986758540       0.88926746053353445       0.15472120016994337       0.32556851727880137       0.51027019980757127       0.37491408559325662       0.53525255499321756       0.56924235816894597       0.95315071441347621       0.43100181559549994       0.60276102768985385       0.50267156326403328       0.54449158221891358     
  0.56602418091843043       0.68011333890689252       0.75252471214778960       0.61680179515767897       0.75394114503504261       0.58106355843390201       0.56811247504188089       0.59608778755424041       0.56860406631707272       0.65277371103296977       0.56837195740261692       0.54117576553636848       0.62487480187161548     
  0.81334991168983262       0.89439737593944557       0.16393056328573904       0.34241780343582906       0.52803476027141338       0.38870941750493709       0.55004078721664440       0.58431883011337205       0.95506265938227153       0.43960034963742622       0.61523937870448686       0.51932101329248281       0.55948033976612321     
  0.70994947471303582       0.53336389422992969       0.59687260196427272       0.65032553219880640       0.68778136372563081       0.60890676297012658       0.59385055417520705       0.60978912605896296       0.66713887270135153       0.73301271684085223       0.58121015782648056       0.55630037452369563       0.62045516156978375     
  0.82005683602099932       0.89953530558895223       0.17368145788373923       0.35837314300739725       0.54506466211539839       0.40173098541017366       0.56398687915755918       0.59833829143937700       0.95694743752750389       0.44740128225828707       0.62930878933094325       0.53680955152444954       0.57419181631335836     
  0.63420820063670769       0.55474922627622625       0.59885559229355534       0.50503667557950083       0.65965009511375083       0.56298817689976821       0.63550175088010019       0.56350112709256639       0.72922758616796624       0.62017997861634488       0.59660160177783927       0.72133463529275021       0.67593592785781342     
  0.82648039760059544       0.90460057271364869       0.18390461588197929       0.37373214255359705       0.56145246748891020       0.41444134917644959       0.57804149625666867       0.61169280224564226       0.95886988976013521       0.45496632808814985       0.64348521683752713       0.55481722027397895       0.59079286296881695     
  0.56373231913194322       0.66131071069869152       0.65836922550509225       0.61912502138699377       0.75886064792881591       0.53985367315987098       0.56461500120567987       0.55675224155926017       0.63602604905118953       0.66708977365552968       0.56262092905519445       0.75748426026193116       0.56082729823133970     
  0.83317515005305276       0.90954429468349862       0.19386130558878531       0.38955285644361670       0.57761487181163806       0.42937449762377911       0.59117488709820187       0.62612931111963299       0.96073835393855000       0.46211663352043936       0.65701599551521284       0.57294527757997604       0.60683764937385398     
  0.62538291071252139       0.69032481283218117       0.63646109025741615       0.59602526514283782       0.62592395398202760       0.57470040170225190       0.56515828947771807       0.66578687330455710       0.49749623610129795       0.59764402682485651       0.61954287604565639       0.68233076190721775       0.68599778393701749     
  0.83971540227553809       0.91433662143884686       0.20321919260138727       0.40618900296307064       0.59440887116132535       0.44694041137655638       0.60615205076059619       0.64141686955102684       0.96233153673206528       0.46964226792570996       0.66899006449093523       0.59091222628473739       0.62424052219747983     
  0.69123582870621769       0.57913553721339694       0.64560501088317290       0.59002880805580959       0.60964940194586348       0.56226538947801663       0.58237695212529483       0.66904319403445212       0.60219529511251990       0.60265436257738880       0.63221618227754206       0.72814191185832922       0.67361622530873444     
  0.84613110622200727       0.91895680565084792       0.21248361234152777       0.42285418369111955       0.61175213619045998       0.46689564420269969       0.62177270736494106       0.65691217107175925       0.96363668672685199       0.47764645399466810       0.67988251811828293       0.60810414042994321       0.64158727000906268     
  0.59338603536267853       0.69839408555732474       0.59575571091343149       0.58275146631559616       0.64405876155141961       0.65183053165845162       0.69461581564395292       0.63603810963419261       0.54818656345102257       0.65597544186813728       0.57947208677593054       0.64513533732578743       0.63339287241712905     
  0.85252546738493673       0.92343832896703992       0.22299612361161161       0.44001838019751494       0.62878722153160016       0.48851242336417938       0.63876200027037966       0.67200150534473835       0.96498276708412856       0.48640118568746132       0.69073307432822295       0.62277414004126674       0.66212137395058990     
  0.63904320861860520       0.65674115769879760       0.57999813187896820       0.61488456855926898       0.61846733550959787       0.53266176000524090       0.63019212718374196       0.52121279843408752       0.69097823037859130       0.61663146386791567       0.59286828297016114       0.60254139816971475       0.62309295939621667     
  0.85861032892302946       0.92776192499753918       0.23477456397058954       0.45775375155361137       0.64559488245539776       0.50986085512081658       0.65649805192283828       0.68743151744706932       0.96640859060641893       0.49534115218694275       0.70189751338559259       0.63705783993135368       0.68404687826388810     
  0.58282501942969178       0.70823230932387438       0.73935389473448987       0.62829019598434765       0.68886432714882651       0.75120460466990358       0.59103168065324541       0.56270354345807483       0.56768893759084071       0.61451661401223134       0.57114781838708983       0.53604144770235773       0.86501444688608187     
  0.86479793921832115       0.93185185633526324       0.24758077477247428       0.47454063933079194       0.66235525476778512       0.52989661451699199       0.67181614841960113       0.70205928195280531       0.96806820272820671       0.50394140739819626       0.71491373086610455       0.65090978567154445       0.70357514553357436     
  0.58862753262111067       0.53476091692606142       0.54790119589728581       0.65006682002152461       0.59875582401358107       0.64304944357732119       0.55132033550322357       0.54510497997827101       0.64777505194683016       0.74725232713651724       0.63738842766199078       0.63804952277202287       0.60262037190593931     
  0.87088654269531873       0.93593216631482834       0.25974516729907859       0.49084002201459997       0.67964012344052416       0.54903021736661173       0.68679425849532827       0.71603519351065470       0.96971514634268563       0.51231825105933670       0.72772649867665995       0.66388242296838718       0.72205029841016211     
  0.63109693583086846       0.67058148221573599       0.55610252001688210       0.58264243164443896       0.58928552425981584       0.71892992025311886       0.61402096698257069       0.59379689107951705       0.61650101573264837       0.60022272568084056       0.73908433044184030       0.62187188619590639       0.62347393067779155     
  0.87719651143791122       0.93984782571929448       0.27293010339433205       0.50812722694017398       0.69617304839736738       0.56742280667243783       0.70115321101823869       0.72961432574050944       0.97134014585974404       0.52038302070992470       0.74053658702493386       0.67799471812553513       0.73949453839434709     
  0.71570999629920473       0.55925622171513589       0.68481445293717336       0.56358886666005104       0.64014237726390766       0.67875214183802246       0.64131108337517939       0.66222198756779538       0.58020691830544535       0.63413652048549618       0.63087306038342350       0.52160308447140113       0.56392673995579901     
  0.88382254062455701       0.94378885806770130       0.28680474851422338       0.52616625297000519       0.71214101082230330       0.58529496994585095       0.71670046275770727       0.74134231311534371       0.97288473011371224       0.52822179863009155       0.75358660470677463       0.69087434715414675       0.75626604135668962     
  0.66983050591179150       0.63579384133988814       0.65576458574049201       0.60532806328461919       0.58272415629312790       0.69443675245970682       0.63820890779819106       0.52758545231770304       0.70737594304641571       0.65090137458486852       0.57561112371811940       0.54501461564955866       0.55532886271933657     
  0.89038693405300828       0.94750736626251608       0.30179710343328259       0.54451532456855545       0.72788123292257734       0.60350697905104034       0.73274873533912654       0.75636044467290353       0.97439795502552606       0.53745367081847861       0.76704255392484066       0.70368355202420196       0.77260697572789716     
  0.65798745369568057       0.63472690576251911       0.60825918629166387       0.62220698731763857       0.53773071431506625       0.60699130634710985       0.60327294778090323       0.62136276803227364       0.76933572526834459       0.68111448960187515       0.58826031846684168       0.59793368985696826       0.67294610968519586     
  0.89698735572194122       0.95103923625185138       0.31873749451780314       0.56136412696801752       0.74353476373025984       0.62149345517742671       0.74904502160836761       0.77175158639287256       0.97587718122595146       0.54663324976620886       0.78039448385632526       0.72044179561006472       0.78694976137105732     
  0.84141262754529977       0.71569521949725590       0.63297846357558607       0.59642560803617384       0.55971977170017462       0.62684088416048045       0.65264664367294623       0.69162384317728687       0.65206763647909682       0.62826058966793752       0.67537031301433625       0.59440205741359320       0.65111677097392850     
  0.90314647303891904       0.95472679212536860       0.33642884406540752       0.58097486229311768       0.75992582923305596       0.63977315539174340       0.76482486526697102       0.78817025104483018       0.97737496792360423       0.55563593693049085       0.79298764958868984       0.73956801141250916       0.80164094432393918     
  0.66981960667842644       0.72296726172380621       0.58568518101829836       0.55661748111894760       0.56463387457723890       0.58745030264953546       0.56496998349508587       0.59642806140039639       0.65956407829859864       0.53174777589370670       0.63952107305212058       0.67464498036612930       0.61050507074853022     
  0.90912356786607884       0.95840194743253426       0.35464295420560898       0.60273630688823199       0.77746484565096674       0.65782340845182885       0.78013696669434884       0.80577691312372757       0.97874694921327188       0.56477671000073326       0.80557167532502238       0.75835118515237221       0.81721818260536061     
  0.65343794562249891       0.62896637132373179       0.69633981357909314       0.67404649595242039       0.59285285480588523       0.59303444047872644       0.70803912815753567       0.49129239752215825       0.71522017809701244       0.66351844834198170       0.57676422514505066       0.60754151284788582       0.59155908366306764     
  0.91480447900476380       0.96160564616826061       0.37293998856006910       0.62694601184568222       0.79498612089998810       0.67673678431787776       0.79474632485165386       0.82250578837519295       0.97999666121153617       0.57479188738150966       0.81784033782513177       0.77589766445784147       0.83287593335490850     
  0.65075749469604094       0.63395107347256041       0.65786547190752065       0.73189303983298459       0.67272673401406569       0.55919591649680289       0.63484943052574738       0.50614089691263575       0.60520754823306744       0.63453532039070526       0.56671636320681407       0.64870199034999987       0.64134987254328679     
  0.92010466831531978       0.96454507084944108       0.39081858761580235       0.65273341729524437       0.81094865984600373       0.69540455605045903       0.80944861041278626       0.83718352019765052       0.98115567598526843       0.58659137595278643       0.83044662983480610       0.79320552451375370       0.84774294915411774     
  0.56647979421919969       0.73622250622883689       0.59196602541661436       0.60815905834083861       0.73577495502199231       0.64639875145732673       0.59700699740056062       0.71101886119907964       0.63287859069161068       0.57168566507111807       0.57383527477506235       0.65646443456573345       0.60729264905789893     
  0.92520206261784443       0.96749526213979919       0.40863999461079231       0.67919168532020369       0.82679457008615997       0.71580301654757650       0.82378742671402905       0.85097525472958024       0.98227018066384231       0.59972664886851168       0.84355141001629219       0.81045351123693865       0.86012732324599916     
  0.59524399133007400       0.64527711540734667       0.60138461695237910       0.62066264572708163       0.63850296128410367       0.62985998777132646       0.53973903102283816       0.53049704174207502       0.60888431717982339       0.68110436439804378       0.69247349484200060       0.56235438103324920       0.55469490937593180     
  0.93032318299431604       0.97074376403649931       0.42654858740889762       0.70644644281994518       0.84410243862990975       0.73742274057206669       0.83811299195082689       0.86549319183979367       0.98341590673357127       0.61335648500661599       0.85661930047277390       0.82594658942439980       0.87185754428195061     
  0.63725927061934351       0.61213949803670775       0.58459088918001467       0.78850441245303149       0.62548121862329664       0.59852701491495497       0.57192262844120356       0.63955222813404500       0.65291549427017870       0.59880083752325053       0.59102121847218203       0.50295239695537453       0.73630972497696912     
  0.93542623261296753       0.97417535838626512       0.44609769027101931       0.73374874235107790       0.86277116358454831       0.76041480962119434       0.85360663162541128       0.88135393478944779       0.98460061665576104       0.62701745325481983       0.86974330327454474       0.84247570498455748       0.88244268932432257     
  0.60450998128388267       0.64794520036397363       0.53230570891716456       0.76257781900795907       0.61512204230059864       0.61158263973920568       0.62242316360805372       0.68506480314968043       0.63251736541915737       0.65699766825016070       0.56544829624959947       0.57398484955004003       0.49211527261418314     
  0.94153495428657963       0.97756697169040696       0.46872399244917928       0.76176959751984108       0.88069771149479947       0.78302870221720589       0.86878622996075350       0.89685995382673933       0.98571824311439760       0.64100686140272878       0.88224750628196846       0.86080624847128651       0.89496385630719866     
  0.59248451981246619       0.65125203894979578       0.54493096522402951       0.60907903825916121       0.69288661955670450       0.63183176726903811       0.61879549600213601       0.62781766370772940       0.62354677541368830       0.67348712235855390       0.52412157626717104       0.65741610764593272       0.55909898943766423     
  0.94799721370288526       0.98071347647594220       0.49453437344104534       0.78955187539908001       0.89767068071621037       0.80386833692166448       0.88338443283395318       0.91069224056544618       0.98678105739903299       0.65580190271442651       0.89363782213287080       0.87996144091039297       0.90856802407432813     
  0.68540371522225940       0.66087367019232801       0.57515571563211676       0.59899618466563509       0.64162254182507061       0.49874390956672787       0.61217624334173371       0.60131208564338878       0.67333586468506568       0.62387344818416224       0.52447792936240867       0.63068846890501751       0.55989165820883846     
  0.95468641721727376       0.98334001900102663       0.52402121141266245       0.81757647712781623       0.91346589041295800       0.82769637060007795       0.89892404878654131       0.92534808154600801       0.98786716006637332       0.67119054776758336       0.90749808793427089       0.89775484190400079       0.92289792134515491     
  0.74518122586130631       0.62212325174899896       0.61779057848015051       0.63476186580892013       0.64419967353024399       0.64188306342733747       0.63822710626511858       0.62437577892490115       0.65138520664374078       0.57608215276215391       0.63743830261140477       0.59474702148084069       0.62060391324015618     
  0.96145983230110876       0.98570364537579602       0.55559395295155600       0.84500419509868208       0.92845534240281080       0.85356825593938890       0.91591441019893738       0.93750584711322749       0.98906132820974679       0.68800402761727175       0.92132430182042879       0.91358706145848845       0.93656997254018992     
  0.61740822625565928       0.72750897248530255       0.57097080206401052       0.68870907806316706       0.63966205208395321       0.54603482805714532       0.58929151634239407       0.58316209663465035       0.68302994668523676       0.62746300437173552       0.61827289160195553       0.55058152734876376       0.64128378132465125     
  0.96696372603580405       0.98787349915033784       0.59297810302042031       0.87252884531316899       0.94216727607031703       0.87955256796872416       0.93315042792335845       0.95032513761397208       0.99047537933721674       0.70810921376202840       0.93424713628612777       0.92856491345013126       0.95004498376023239     
  0.63676289389037821       0.59681689908353286       0.54278110805508584       0.62646292512428647       0.58595402196937918       0.63622854903669923       0.62559138447013896       0.56254121677439217       0.59634839497538439       0.61390451902785348       0.56126996777948579       0.55361552347829623       0.68333642858168453     
  0.97316564396500638       0.98969076594823968       0.64197648722731326       0.90001693846430808       0.95578113897251227       0.90646993573765322       0.94943212993749448       0.96361579565517896       0.99215690854281613       0.73269718574850728       0.94866152963283390       0.94325942416302522       0.96287233959191132     
  0.76518563666881512       0.52534301979031373       0.65141349358572842       0.59017401380993650       0.60581072221005028       0.60244382140526054       0.71238955453553487       0.65462889383447598       0.66853465323259154       0.57814016577673322       0.52493249555581234       0.63121507642825625       0.63037541571977707     
  0.98077595722780309       0.99226424562817506       0.71187225419550537       0.92955569104318547       0.96989445131759566       0.93609062500008855       0.96686796503404782       0.97738537269191927       0.99409865258993990       0.76582131581629909       0.96473948440742985       0.96132025649556407       0.97493176617557009     
  0.73355703799003591       0.83677815866112659       0.62382634888669708       0.58382925340589908       0.61043961341976094       0.66361097921456058       0.71196109154943121       0.61126094485083726       0.79152811439280657       0.71440407807812478       0.56969930974007699       0.58594428989994918       0.56458957519351216     
  0.98992669658191701       0.99552309527947724       0.82593166154065012       0.96465758301965565       0.98395405492599985       0.96810029094368821       0.98338491086732105       0.98955678694416993       0.99685615603155797       0.83254741968656887       0.98153382487289020       0.98098945057920428       0.98773857524904374     
  0.61634052729702438       0.65916022506465810       0.59777907522116136       0.67630092156898125       0.59568394290723059       0.58173596038530628       0.69786395408409996       0.59284009909471258       0.84553565869311675       0.56765471533157952       0.59564678992486275       0.54843327852751833       0.68336308066221807     
   1.0000000000000000        1.0000000000000000        1.0000000000000000        1.0000000000000000        1.0000000000000000        1.0000000000000000        1.0000000000000000        1.0000000000000000        1.0000000000000000        1.0000000000000000        1.0000000000000000        1.0000000000000000        1.0000000000000000     
  0.61487202058942914       0.65403764347086824       0.47700720810803837       0.58175290322260298       0.75970984974910039       0.61873661349400177       0.73484407802980112       0.56032260892755614       0.50015500094338106       0.50116521588158358       0.59806014292372245       0.63104785384789364       0.59783424920396555     
   10.841233753966650        12.664394340659525       -1.8833980876192900       -7.5392101665497409        2.4646356323607375        20.821895751553861        7.7993577802946294        9.6405577498316077        0.0000000000000000        8.6781563696368043        8.9074232800263076        8.8137754109325233        1.1641270815785636     
   11.829516316205071        10.118807029502053        4.1040677060085136        14.833807681563455       -3.9869935341902178        9.6053757462313740       -3.6100810120837390        3.0709261855119996        5.6237448297661015        1.3395245033630265        4.0139762428301156        9.9621156064346295        14.671348320472173     
   15.018228964515618        10.533463811802134        7.1277827298332985        3.7134466241654249        11.454144675168616       0.19338748772812639        8.5979590141244593        12.265477945479768        6.1311903381141750        1.5090492231530965        8.5178603866570359       -5.1655352724527717        5.6231164911734490     
   7.7166897596731570        13.153939729043074       -5.5480469817078104       -8.7412717991358466        6.0331210300833122       -5.2881590960020990        5.1982477552834458        10.337261581034749        7.5568341108657346        2.9542814353403712        2.3017270834923598       0.30718314426786547       -10.555524964330765     
   18.571430549415641        15.191687195933159        9.1583950004945702        7.7938530715965406        3.3811070354845691        4.4931349984867204        1.2143174288424301       -3.0836588827776081        7.9069484820207609        4.0415530505375745        12.295661437285862        7.7309064379426653        12.187840627356143     
   9.4097019978608181        14.583623340604134        12.877414266728509        11.850270823046568        5.3400338434996666       -3.6091760156652066        5.3571365328263854        6.4585962426614012        11.684227301417250        7.9359121908838191       -3.5099576717333041        9.4071800383232844        13.686749787551012     
  -2.8705815297305479        3.2020086311456222        9.1418481896506112        2.3676206449067232        5.8824255646461276       0.27820731142156285        2.5794195828855548E-003   10.567481688880436        8.4178548777328928        10.813214894764817        3.8498757644363577        5.5961561878571571        2.2822185027531727     
  -19.287226020540569       -13.343102518298753        7.7041521824980688        6.1304731274257787       -8.4125880167939884E-002   5.1282322943872014        8.6939308324932654       -7.0912389157974864       -1.2063365152007408        4.4145489454142846        5.4875702317290340        5.4419227153301790        1.3625368690799498     
   7.5630247281144064E-004
           1           1           1           1           1           1           1           1           1           1           1           1           1
   4.7066792580603721E-005   1.8012818227261034E-005   3.3548255512986879E-008   6.7850025398891054        2.8307515466624228E-006   1.5625291067324944E-008
   7.9747701523440656E-007   7.6837484116525055E-007   2.6561622254865418E-007  0.20752385004717383        2.6519567309304026E-007   1.1409127600995855E-009
   4.4145647053468975E-002   1.5377070359026592     
