   0.0000000000000000        0.0000000000000000        0.0000000000000000        0.0000000000000000        0.0000000000000000        0.0000000000000000        0.0000000000000000        0.0000000000000000        0.0000000000000000        0.0000000000000000        0.0000000000000000        0.0000000000000000        0.0000000000000000     
   8.6806210587477700E-002  0.15135865098880225        2.4190385597929812E-003   5.4116118840529968E-003   1.2856233907125958E-002   1.0191876335098451E-002   1.1352265271930468E-002   1.7835106000496585E-002  0.44964764562434079        7.9613116474884504E-002   5.5483390570331248E-002   1.8585573811990302E-002   1.3317590430218906E-002
  0.60275829403210324       0.54872528312992586        1.0484098501349370       0.64719714367578940       0.62268052261479290       0.62577138747193517       0.60047562314577596       0.66322751330548346       0.70113029005712957       0.55998578051161430       0.60698503742463505       0.72025932478616006       0.59478414492734577     
  0.17062228692709297       0.27166823146861330        4.8881449875681259E-003   1.1002461975901880E-002   2.6114442421829011E-002   2.0592403702194742E-002   2.3257483374211955E-002   3.5440022977429021E-002  0.60853558845777889       0.14146466430798865       0.10490374120606881        3.7233006698882590E-002   2.7556603016094947E-002
  0.64055521679188376       0.58139627469156485       0.99244326449539566       0.62948670048644872       0.64430837637979732       0.61710278171185606       0.66653247163658402       0.62755128741374699       0.71090483480064071       0.58385796805724888       0.68970711597699796       0.69140280376901964       0.56769687271892288     
  0.23236354354493866       0.33957536331233068        7.2072937577839762E-003   1.6221715022636172E-002   4.2153442893139742E-002   3.1191735307687627E-002   3.5443257151756634E-002   5.1247525393709845E-002  0.67189680298618371       0.18419634813165711       0.13989998270741177        5.3664623514911927E-002   4.2957187824393395E-002
  0.88135259764176643       0.67578159551587036       0.72649000915121853       0.66582824062416923       0.67713502250506774       0.73749379771113099       0.64813473879626715       0.69915786053835283       0.83578246559693936       0.80956244338778116       0.59628474151575450       0.76922407114744429       0.65824760266591675     
  0.28980272627719211       0.39513291957656554        9.2999983035587271E-003   2.1649295872460141E-002   6.0208691150223252E-002   4.1997280444300254E-002   4.7923815486530547E-002   6.7233289913331454E-002  0.71132293972232374       0.21473766511890874       0.16750244370797665        6.9596309301303907E-002   5.9346146478025344E-002
  0.77267372235242271       0.57255671792523677       0.86303620126564329       0.55684746703187293       0.74084542082693527       0.65169565942472041       0.61565723406359374       0.71383134727005337       0.73138826451149019       0.72752733573237072       0.75301425863191540       0.81029465949085000       0.75833752365056228     
  0.32726219184811167       0.43467237893024702        1.1781460086127548E-002   2.7685267706608417E-002   7.5211988492196930E-002   5.3490628402688950E-002   6.1229441981894131E-002   8.3770573889420552E-002  0.74949005702960680       0.23665322833819386       0.18902294730953936        8.5332729723352096E-002   7.6786088137081085E-002
  0.75179726021271909       0.62428458884574978       0.81564838867757450       0.81672625019379141       0.67700199115232818       0.53480682770373522       0.64841659700013488       0.66859459764177764       0.69834632736099755       0.76581275819709982       0.67101424682626654       0.88693179261746002       0.64674673590808929     
  0.35924789430250448       0.46471272093306287        1.4439304505711709E-002   3.3843989782391143E-002   8.8655011304602682E-002   6.5279046773651317E-002   7.5820876337987800E-002  0.10063095391852937       0.76880817704843107       0.25533325972496401       0.20722803410190402       0.10025006832496294        9.3965236052994450E-002
  0.77700862323039999       0.64516385177811530       0.66366647854026350       0.78076768625468917       0.70914692293151216       0.64196331870040257       0.62727065363883894       0.79984487214111522       0.69044671620385722       0.80307547908583266       0.70966483702657379       0.82610397518019540       0.65929535685673235     
  0.38547064316191926       0.49160097350275900        1.7071346406883570E-002   4.0799022516102131E-002  0.10253396928270923        7.7394701970607965E-002   9.0290730918240261E-002  0.11782948467332863       0.78901752524908386       0.27196135917176234       0.22373435877933129       0.11454928140747792       0.11335410371404656     
  0.70908537009093831       0.75960312744943470       0.77743548342407787       0.87745376148176490       0.70415226777725992       0.64390855461693863       0.62809399623564788       0.64071249086152482       0.84937147964594872       0.77165118850008807       0.63501056142438261       0.79868996765518607       0.72218968021853747     
  0.41185671691341535       0.51968398461556098        1.9969585848866458E-002   4.8073326878789631E-002  0.11724656637384094        8.9464885618407736E-002  0.10434675412745420       0.13549995180121219       0.80283556734457184       0.28511372376615812       0.23836695242972419       0.12798913583477028       0.13361027697476766     
  0.63621239886122172       0.67536812463154972       0.59912330317090068       0.71543863476672998       0.70368638090359914       0.61699730532367925       0.73158735353637161       0.64628195979500647       0.68016205846633271       0.75950205736925724       0.72668807273744551       0.84636766163153165       0.73372914637345843     
  0.43736127641607025       0.54647087385418280        2.3061940883163802E-002   5.6674656530461720E-002  0.13164188344407660       0.10041689865303524       0.11880084511607852       0.15185024820232251       0.81726246470123487       0.29416393463245910       0.25195977478729448       0.14168444764524396       0.15221920978047113     
  0.70516213115649129       0.75072166324065104       0.67432278104450372       0.61738226422779630       0.67347756949713256       0.54668010357458019       0.68212478145283684       0.69919959067523496       0.64872768040907725       0.60753711255896581       0.81401235054411325       0.84748694442863415       0.69347722363380060     
  0.46215460927633523       0.56581783451885959        2.7078950305856709E-002   6.5302811854945811E-002  0.14526838927468230       0.11084249051551170       0.13367104285863687       0.16779821396492414       0.82939743128584098       0.30412873498034732       0.26458681277511586       0.15594271027268689       0.17135045942805993     
  0.75140680788681857       0.70106857488110197       0.69531293992854670       0.79033340474271108       0.61814695031414368       0.64058065556399613       0.66496197350230313       0.61707718053133587       0.71224410660159843       0.63908413555214638       0.77245230992441616       0.73156342994059809       0.74364129910256693     
  0.48200152320913825       0.58406984313587973        3.0901453561731799E-002   7.4033698783767463E-002  0.16138763120672425       0.12128916582297396       0.15043439690930885       0.18371745927336181       0.84127118740135698       0.31451834462930434       0.27633072131518549       0.16989913567322826       0.18680693787719918     
  0.68031001719175110       0.65243557827227705       0.77670670701879274       0.74670169348143156       0.80967421106609705       0.62072448693002413       0.72741445649965175       0.63851707965816473       0.76689168713640699       0.68758675539719050       0.62529186298656136       0.74660377275026935       0.61956073741542872     
  0.50378268332849963       0.59808328901475605        3.5239823296993510E-002   8.3203148736015184E-002  0.17815372777492655       0.13205377860918605       0.16652620164152013       0.19987573669527595       0.85096465535805255       0.32357498812271929       0.28728458350101466       0.18326972967096156       0.20290120384868204     
  0.76458471317393273       0.62674380654750694       0.77813082957938151       0.72713620294158998       0.61561278640174144       0.66967190243037000       0.68573131389276287       0.67494879951083031       0.71157168353406774       0.67097025183769565       0.71994046241413301       0.77549516510501149       0.59696978665474698     
  0.52284492397364901       0.61309983254407219        3.9453905295971779E-002   9.2862186339179309E-002  0.19535329512449018       0.14384712179323039       0.18363356856558372       0.21342567902127785       0.86041618806793319       0.33112225314086302       0.29751912169346167       0.19719438149185797       0.21758972153362205     
  0.75828250851468249       0.58725795035775852       0.87819246081581648       0.91136667287665729       0.62772845365098162       0.58791029343050649       0.78960488689433672       0.72042163851281171       0.72453847881528577       0.69781707015833150       0.75702916858701841       0.73672420998482890       0.61929016943970039     
  0.54211992788928065       0.63042307550944443        4.3771784047889048E-002  0.10302258078533343       0.21237700098701365       0.15718458866624258       0.20052205048413463       0.22674070468965077       0.86906056263894271       0.33865118322341181       0.30793531932585383       0.21149351812778511       0.23228119878824008     
  0.69548992509129115       0.76846459508302845       0.66251474058245763       0.65489885354061927       0.63848590372845238       0.58047975639594795       0.61974111010820343       0.61641216901395124       0.65539417278389622       0.62076908377584838       0.60984119631893285       0.73954474021638539       0.59594529011063913     
  0.55837251509780128       0.64669054648517643        4.7953660866936372E-002  0.11343458866460324       0.22954601091812607       0.17063439970957467       0.21635838629176410       0.24131898907142388       0.87666599067117068       0.34611826186726369       0.31820888472450776       0.22645626071834005       0.24618671135134512     
  0.68234584782729724       0.65196357838244334       0.63653270478916124       0.64385742682542302       0.77964468312890089       0.73949753901136017       0.71048546113081235       0.58056880574456438       0.80074082070460351       0.63983236228268425       0.66599099987372112       0.72526817120950537       0.58552593824063126     
  0.57482946392641388       0.66199667900415682        5.4075000592565564E-002  0.12343417115874579       0.24590620896893839       0.18501388824384887       0.23243577346081268       0.25517520308722907       0.88285084129984936       0.35348062526650792       0.32892993945782073       0.24161359234957863       0.26020643969885743     
  0.64937331782761309       0.79628683687010171       0.78440467143403991       0.73952809132643493       0.63809881509029764       0.78724418424337772       0.71385310805051949       0.64313082944336952       0.71846192655237329       0.70365745012102510       0.63031245854437412       0.70715033276429240       0.67408265368617870     
  0.59013601347212052       0.67643269591602029        6.0402619079547214E-002  0.13307799614741767       0.26349179891316854       0.19969080316160298       0.24950439328334709       0.26927704767404215       0.88879155857948944       0.36103488705734782       0.34001165967795194       0.25534273305434507       0.27407397402155220     
  0.66800677293175259       0.73651010074176437       0.71343727909031007       0.73782512280891477       0.83408942920259521       0.64460419196251317       0.78142578221948467       0.70241230711128300       0.64834373316711935       0.66204939120987361       0.60730621839397991       0.61266115852596659       0.66427180657467155     
  0.60583237839079329       0.68616948475770134        6.6866020965393222E-002  0.14041857807234032       0.28166479164548863       0.21442496135675118       0.26612807478221712       0.28319934075170805       0.89434154493247231       0.36860078593017348       0.35100321329709072       0.26827497927768168       0.28795955985289756     
  0.63262557547482146       0.64710490788869091       0.67979068268202203       0.72639622298130080       0.66061252048597363       0.67945216545386800       0.70438126157226899       0.63630805722044859       0.61119945954925370       0.67529674460205036       0.61521444005459247       0.59652296133232829       0.63378545099927586     
  0.61785287063979710       0.69610813034819286        7.3439579251344589E-002  0.14790900703497323       0.29889753468467722       0.22908989340617464       0.28361290161272668       0.29656253991270237       0.89965638004652126       0.37598161141943143       0.36243020976549217       0.28208712835131694       0.30031837471668554     
  0.67525236454288196       0.58059179909958114       0.60746295299014685       0.65411710762057962       0.76074183336984535       0.87799226631118910       0.63693851147624725       0.58644867174253479       0.56853126155919975       0.63872108673380301       0.64109755024430815       0.68070585565924546       0.65431982290337598     
  0.63045898796178801       0.70406796645166736        8.0504240538195090E-002  0.15594184247066659       0.31636233011502546       0.24366930541320345       0.30099093299121860       0.31086514360310141       0.90418123293185881       0.38341469238755332       0.37405105196012739       0.29541470569650102       0.31295550450684884     
  0.63090707805561508       0.66227997482825884       0.62769742789222860       0.61343820492306744       0.82322071276461928       0.67819675902864485       0.60356366570262254       0.65992165465710939       0.63858332675898843       0.83825376803743135       0.70072704328222557       0.74234884307243665       0.63182030916013920     
  0.64274490607458334       0.71271698456470522        8.8041686421891793E-002  0.16417641019100052       0.33393172526177278       0.25874291650149084       0.31887703241699622       0.32633609487015258       0.90834243537101877       0.39108807314983351       0.38581155405118134       0.31005774800915137       0.32601085960209075     
  0.68756447092205342       0.63150053005514795       0.75460964393828323       0.57223161422616164       0.68754874599883531       0.66059092943126196       0.66991416857707420       0.66761279451458566       0.64362487937445279       0.83254762891688316       0.58856994243758287       0.70242245451347984       0.65710763637802083     
  0.65485555600408474       0.72285465470619037        9.6490097230136421E-002  0.17202001007034964       0.35159942638695907       0.27559823434585073       0.33702584343487491       0.34213920475134529       0.91200686016440435       0.39860373541315808       0.39813914334510120       0.32505384540467591       0.33947297775448498     
  0.77015992246428633       0.69039032649252208       0.69937207437945270       0.56284863552861364       0.73443334710168806       0.73841584382341008       0.73088647351342551       0.67608579655401835       0.61458796188908804       0.73115691345980283       0.67065078712268844       0.57919947458985288       0.56449667162491490     
  0.66599207363918911       0.73273156428854302       0.10480248443865461       0.17964326131222091       0.37018366401291086       0.29461074231811463       0.35466963373036253       0.35786295838025306       0.91569980587354138       0.40586054722801812       0.41080586692486143       0.33894000108727729       0.35366084967135747     
  0.63999380484835622       0.71319309455551194       0.67773876973272973       0.68926919213835947       0.69120460195588129       0.75598348668987780       0.73396658443764007       0.75012693220416349       0.62000738557908353       0.59211338648475753       0.75015877035650114       0.65539112255528187       0.65544467349409008     
  0.67721292778110598       0.74208823216066877       0.11358738973679917       0.18909977349103663       0.38786769480268274       0.31291884203311104       0.37189960685046741       0.37373315909567834       0.91915036025256636       0.41333225647153676       0.42448693275572535       0.35233857958135090       0.36835692038910817     
  0.61907388711191935       0.70078595478203654       0.62697703263304971       0.86835326167436366       0.71739304486251110       0.86123013592582620       0.72093831474094450       0.71241075575071755       0.64872933419949141       0.69166209867572226       0.64635697204044218       0.70049021789244714       0.78506685049661828     
  0.68847620037074420       0.75169116407651793       0.12207219343773738       0.19958054188509933       0.40533081366098661       0.33060563683713257       0.38968773274280927       0.38986891800324708       0.92254541103019172       0.42094687613597559       0.43928116132920703       0.36692477993993727       0.38206927127680196     
  0.77373503149669165       0.73580494454045464       0.75573755057394776       0.60562011102872315       0.63130430850549057       0.71771917356421777       0.78151412314961188       0.60589004744381769       0.66992450858735142       0.73074707347508183       0.75865178076148265       0.75841481178941561       0.60438727631452116     
  0.69845611960521792       0.76057655792303869       0.13171631873015865       0.21102244893345756       0.42250968865236888       0.34841893295824800       0.40775324278701258       0.40613725917683313       0.92519546254412977       0.42807797224602961       0.45336996372447425       0.38267050523660301       0.39750984118016019     
  0.64072579945427710       0.64800316979155137       0.66070174437378315       0.73041166845812577       0.62811978250512690       0.78950818438442494       0.64669721112811984       0.64311087199173167       0.61403504409186016       0.72890642586976240       0.65064932997836200       0.75596335335401799       0.59050933338237521     
  0.70742679133226793       0.76929227073407569       0.14142306167680127       0.22251347492452020       0.43911409663114415       0.36543012417214998       0.42675363334064298       0.42245152045333101       0.92787936279060979       0.43503551345987801       0.46700955940449262       0.39921010512289073       0.41341141870682502     
  0.59404183885904505       0.66531345955887422       0.67564195224716928       0.76739923968076529       0.87410619355265484       0.64635751419792054       0.63414287193973073       0.64760270112665286       0.60986890766140889       0.69695762028528407       0.63598513407659074       0.59846596213471681       0.85405929813585857     
  0.71640085115504715       0.77650822415548681       0.15390691453657557       0.23191153324716443       0.45560802048217225       0.38178790834991755       0.44695907552245984       0.43768963232212055       0.93069714567978545       0.44198594974310434       0.48034933491052600       0.41525606953313915       0.43122564500692867     
  0.66909325515105467       0.60251408518679117       0.67256268503221617       0.61570459670358924       0.65058209773025200       0.70426210004679701       0.63019541401661150       0.74966409464736794       0.56527967187431882       0.74852266270194900       0.73538366698610336       0.70267003398078953       0.72604991842880318     
  0.72565907786553319       0.78330861480563407       0.16628018372300735       0.24132389885986108       0.47269203249088820       0.39713920405219605       0.46594177693731953       0.45241982805024106       0.93365467439211902       0.44861570683703800       0.49280417533825227       0.42927302391777361       0.44808778174690395     
  0.59510707663129747       0.65949917417564463       0.69090131042320357       0.59701754458301859       0.73542057709780650       0.66537769932234103       0.63132292912040344       0.69895746781306178       0.59892531426062723       0.60292793918546683       0.65221107464147476       0.66439206981353383       0.75250621097268489     
  0.73473445924878267       0.78974965458519042       0.17816800862311538       0.25331296446909568       0.49035527216166974       0.41244620234859897       0.48310456547375774       0.46735943488702081       0.93646744990494502       0.45483287974449155       0.50711218585659945       0.44272653599684220       0.46656865988601831     
  0.57939807080053896       0.65245427530004485       0.65589143991019550       0.76960678376244973       0.68235776149908589       0.64420490339529513       0.75482998681208147       0.68689354388221424       0.72669180764280172       0.64668170026099181       0.71007158393934366       0.61543170736994279       0.75563015351488216     
  0.74357427828083023       0.79630794961597873       0.19056226070545709       0.26563693480192668       0.50949485730383859       0.42744509235645756       0.49896602233322673       0.48140823208804329       0.93921512752703962       0.46055858446922809       0.52117740868330353       0.45570221391622323       0.48497409311336498     
  0.60554258387975646       0.68997972264581253       0.71326135023859449       0.77843782202570255       0.64485671830262570       0.72617208720839221       0.70604539037085845       0.61344475214436323       0.69927145440299743       0.59374066062680164       0.76382254960941165       0.60610115234765172       0.81947748682076405     
  0.75277551548636812       0.80217350497605677       0.20409269490085805       0.27973357792443765       0.52861456135473639       0.44354951262764286       0.51215124138419521       0.49684307718801429       0.94190772719857807       0.46637165619665832       0.53508181306267433       0.46892327945702389       0.49831342598348893     
  0.66837978507444651       0.54681090011725497       0.77837178362259707       0.70934787466429805       0.81728077606489358       0.64210407988644536       0.55103319232699710       0.66686054365513736       0.64957179963702072       0.61090844326947358       0.65531227008606896       0.72200965621304070       0.66226512648815261     
  0.76207869674913087       0.80813369438032234       0.21854649565263154       0.29386014049755821       0.54633024648730122       0.46236512123794182       0.52706780372522666       0.51458457664023660       0.94457230058894470       0.47253351908685221       0.54870555300109702       0.48302109000957921       0.51101670883068229     
  0.67050613930862990       0.58550287759936226       0.75729811347049769       0.68395234390490212       0.62310192656183128       0.73054211176359907       0.71214214438039203       0.75766925758837078       0.64824438961793851       0.72612371656274299       0.61584924016864839       0.57122783477552175       0.67621320954007869     
  0.77071623963423597       0.81411045905604740       0.23347666662007516       0.30738711804150204       0.56363416443633485       0.48149227443591919       0.54274922970927575       0.53186642140219220       0.94710622337201988       0.47831116219478897       0.56227256914320822       0.49730048496819351       0.52556670284686602     
  0.64042584163921157       0.64874177371167907       0.76085948823569349       0.58211499419925494       0.70055699808851735       0.69102826193483979       0.68890348509333088       0.78803701399168191       0.60613329199729693       0.60007711468516844       0.68522687441770591       0.60574250383549277       0.83117323575296842     
  0.77911227018774332       0.82036774869306173       0.24806342372601514       0.32077004010505283       0.57836933188331752       0.50062359503158582       0.55787578665788062       0.54822287005025605       0.94955108565130653       0.48312957047093352       0.57568787318778247       0.51175608207238987       0.54077788861304377     
  0.76858411035759377       0.63905534745052195       0.67947257774101522       0.64654718791936283       0.70201791509483302       0.67059100645490177       0.63177513945897901       0.65624468727537866       0.65132371858105620       0.55389275351994927       0.72046268410324332       0.64193820020522541       0.74992851137609529     
  0.78756801629197659       0.82682266885436706       0.26271773669737020       0.33286434520435976       0.59216854730567348       0.52060855089780300       0.57264824152984795       0.56428532297543676       0.95175887066547316       0.48873942278601473       0.59001629225208219       0.52612807510714787       0.55445816654802782     
  0.63647980216347888       0.63148787111919369       0.70074761910796568       0.64821192038510722       0.70163594264102991       0.73320085612761954       0.59118329310704387       0.81922890782748348       0.62840488770997194       0.70836738035497582       0.66742406226281292       0.58793807271562537       0.69190605795175786     
  0.79587406746502432       0.83353434887822320       0.27750157781755863       0.34611492198969224       0.60761553212597497       0.53255785095483865       0.58747698691195893       0.58035187952358525       0.95388131404728582       0.49520516820162275       0.60507313143113306       0.54113697960283580       0.56774385905300351     
  0.69250609588584955       0.69183963881138577       0.60352948151314967       0.66004586183429825       0.66921209895496481       0.66815223508839183       0.58560894213889825       0.60948879940212675       0.68990144145670718       0.67059067161016728       0.64897389884507228       0.69639840916646867       0.63603141341261538     
  0.80402245961290941       0.84047291339660957       0.29370766671164306       0.35967620557755486       0.62395976314642032       0.54501401480981471       0.60154938476622799       0.59646257033051409       0.95597201583995606       0.50215151917274281       0.61946758681221858       0.55604818213889262       0.58219819944189743     
  0.62287412763372696       0.72258532127802788       0.67637432611266513       0.64009319434182399       0.63313373009163054       0.66146257175165279       0.69218764948972211       0.63084564020798806       0.62090922193421128       0.77364132749336911       0.73109554837095736       0.71808298014555016       0.79023886708883928     
  0.81230138847565136       0.84717352357668074       0.30997105945013004       0.37384921237910068       0.63924132698837333       0.56233145541835083       0.61514261465117437       0.61230843723937300       0.95818223823440296       0.50977623635458202       0.63342114868993349       0.57225867446524348       0.59668983284364652     
  0.62859382963984900       0.63380280868238026       0.72418254929479242       0.59181990618365632       0.63947284512018621       0.72377926085468303       0.70530943214310782       0.79447776798116621       0.67032190498608191       0.72930233408574718       0.73410598913494984       0.67684441621345681       0.72258628169007322     
  0.82108564372024040       0.85349771258972573       0.32791332347228230       0.38879266246446675       0.65370145897772092       0.57910935765911575       0.62923962577030446       0.62961359733365885       0.96050954119011267       0.51731014969208022       0.64731183390401559       0.58866489852479820       0.61233519931603309     
  0.69359918845468382       0.69249981229817925       0.70444820331401059       0.74639640965484233       0.81739013133833838       0.59792590174310845       0.67445253335071276       0.78216965171538988       0.63020273946382344       0.69972727875769936       0.63807687168288407       0.63840394179005311       0.61366881489001579     
  0.83015455710155073       0.85960707984823914       0.34584536279851336       0.40511208012629268       0.66752503723056456       0.59492268092424105       0.64421706545828994       0.64566382008477152       0.96274651274207479       0.52506378651141938       0.66183255367390903       0.60246412180357500       0.62757400431662824     
  0.57526407646035838       0.71921652999815566       0.66955193827165405       0.70150691957723188       0.67924337998913220       0.74471101900403858       0.71716362912982612       0.63102139139792701       0.68901263416123315       0.70495680310336872       0.59699718795303824       0.65867782231589156       0.68109915820727696     
  0.83866039044138452       0.86573992054848170       0.36508178010312797       0.42291287011826934       0.68089175291097115       0.61003937093551142       0.65933445565863791       0.66154265082001906       0.96488235944089573       0.53270595577772661       0.67770105048819307       0.61636170439334770       0.64283900451410336     
  0.70559000071434586       0.58005983742759659       0.63904488348982702       0.81856726867465202       0.66745678917054152       0.73924253738534029       0.77552725159915892       0.61660120756668457       0.75566614538442012       0.70455194211440375       0.63736442087425793       0.67746951854783677       0.69224537921444451     
  0.84660397403189813       0.87221011226628187       0.38463695545326770       0.44117682052379564       0.69462743771238589       0.62514326523214891       0.67515794390154793       0.67695285900118241       0.96706053541998560       0.53973988454877930       0.69364542348382041       0.62973078221521894       0.65848734389487384     
  0.60664774338529870       0.61456133215253084       0.63060885439586967       0.66257288815064519       0.72336409074300001       0.64145667830264752       0.71601758553518513       0.66842536549040932       0.88279616490194457       0.59053188396607237       0.65207009108372016       0.59281179587085875       0.65250290830669877     
  0.85461814063376751       0.87907548062903418       0.40672287717905986       0.45871613669567946       0.70853317452937881       0.64068818499399505       0.69081877463410657       0.69237004921404410       0.96900538103568512       0.54675681159802259       0.70831122870125018       0.64304818212214787       0.67435567861660484     
  0.72627285675908648       0.81473633947614976       0.63007795127971378       0.66981757085116111       0.70357276290536563       0.79741495281974062       0.64229614695337067       0.84803056895001117       0.63028389230279513       0.69852524949820127       0.62954581143806265       0.65800949226699312       0.72785012972632468     
  0.86274801044665728       0.88553661344649215       0.42924282186427254       0.47719531588266534       0.72255208068822219       0.65806347899359885       0.70632158517369636       0.70573103236525214       0.97102964907096223       0.55390863888626263       0.72242507800386202       0.65715122093780487       0.68955961556471668     
  0.72391638200563169       0.76108523000033856       0.64413708293815397       0.61124470703647193       0.60842996741828981       0.68424076185615068       0.74782494597153493       0.64432529680695838       0.70310448798428860       0.68643189084413336       0.65789558315103269       0.66367506298251089       0.67332785081022151     
  0.87041607667993470       0.89163455713004636       0.45168929237758598       0.49732629329630995       0.73649322391683836       0.67553313630319767       0.72238909121639616       0.71902511930322055       0.97246053196883064       0.56153372921277922       0.73479153651902085       0.67125301259846948       0.70676858256868524     
  0.74813941490931990       0.70110408920006040       0.62962229784707213       0.70355024923728771       0.60167956339691220       0.58948801763143055       0.73179724769755228       0.64419918477698224       0.68558349373798044       0.58323978289831380       0.62030004973542652       0.66438191344436892       0.65815220754024484     
  0.87722420763467246       0.89758655267808618       0.47416461460824361       0.51886853392155985       0.74889373749223631       0.69108490257235300       0.73841675055981704       0.73126272853307250       0.97379282700819048       0.56937823754617933       0.74822914762632309       0.68397191236972665       0.72521169699363375     
  0.60191924598057911       0.68913343523192183       0.59032930760154556       0.76391508616941206       0.59056869331666262       0.63831723517454420       0.65279181955831200       0.67094562329754670       0.55857870179088898       0.70693744879013254       0.62826378727219989       0.71703222812416711       0.75512643232915555     
  0.88423020075101666       0.90323358634060213       0.49768910960861507       0.54182062065148773       0.76145750436242921       0.70695211475558140       0.75433824621768530       0.74255629029656289       0.97526237213430589       0.57782191433147945       0.76514861620632024       0.69713474243614726       0.74107022452592508     
  0.79235193599857900       0.61434953500264056       0.58000933620917750       0.66355165003274352       0.53334313182390114       0.65634015932045831       0.75990960056638268       0.60161623013297194       0.62030619160423783       0.73200706509261593       0.78559822366232213       0.61813055891992197       0.85167289798008494     
  0.89180566635620528       0.90864262306714050       0.52338640537364223       0.56509168707783364       0.77482397241050682       0.72209165996439040       0.77082870629648159       0.76001243895286574       0.97676475408771546       0.58679714714179165       0.78161026712190307       0.71318200913675855       0.75554901076497016     
  0.68185448817754968       0.75063241063933184       0.58533975234290292       0.75441959757868116       0.77487584619025773       0.62603795496326053       0.66911800943376853       0.68369584712188503       0.74599267953362636       0.75067043480437257       0.64670854231019537       0.59371372417462098       0.56790332416241374     
  0.89931284262362776       0.91399327842185496       0.55140848492827543       0.58794306280696085       0.78836007991410550       0.73695515581711368       0.78777930291622023       0.77697022684815686       0.97824855507559172       0.59548922257387416       0.79676975667899463       0.72934153859095308       0.77023648637157427     
  0.71905799006219973       0.70340818198021804       0.64460108212145584       0.65526955824713717       0.74425936712242236       0.63155226635477479       0.74719846192629291       0.80632403005651432       0.67589256815795262       0.65631684918487099       0.56975132775202897       0.69130977027679075       0.66387715107794598     
  0.90636051285159769       0.91931542035644398       0.57964485841838642       0.61260565552329216       0.80254246036676591       0.75399505694670621       0.80475141878007073       0.79719557037658828       0.97974919710209130       0.60391447428537304       0.81223415308353708       0.74569180836431381       0.78493207645829755     
  0.73741880250970782       0.68285207182577579       0.62043801202691207       0.62639277403469562       0.56204454240010504       0.79104401287383141       0.70950216107093322       0.64953128661596060       0.66390737730241045       0.70568130785727556       0.66333906865930226       0.60099090993348447       0.63377716149583962     
  0.91296570018872936       0.92451480649424300       0.60747084124646533       0.64028205697070495       0.81686733503074183       0.77148336503362402       0.82142854890341610       0.81779689956357071       0.98122890243431393       0.61302314622531118       0.82853166264006717       0.76315107631286039       0.79912932304888606     
  0.64059757673840467       0.71757551041102485       0.67447366939041409       0.70991631921754317       0.63951167947370313       0.63662132111048386       0.75309946285239981       0.88891411023274158       0.89439851007923854       0.68215163871508200       0.72008833379496140       0.65923599289025758       0.74580215937239513     
  0.91908545778495143       0.92981383609975354       0.63513170856366852       0.66886519315122483       0.83111451837230665       0.79306108758097127       0.83825268611642600       0.83390156627503187       0.98258799725063017       0.62349593135731440       0.84487672066695374       0.78328185600966105       0.81264837374382659     
  0.63187694722672205       0.77570079685627991       0.59028676490932852       0.66504837486664536       0.65534461690533252       0.70817344189413678       0.61999236093450505       0.67328450808959761       0.63491292025717638       0.67545781694016171       0.80503426064995176       0.56561388789613598       0.62025077039167065     
  0.92521316921911478       0.93522745919237527       0.66452306559338636       0.69845343011789218       0.84698814029985148       0.81405349200146859       0.85449660214383349       0.85034847873586750       0.98386148331093926       0.63422120801496495       0.86093084831565725       0.80262504714647942       0.82939573766491603     
  0.65639543939825695       0.63233672257205709       0.67632840606384004       0.66856900037413614       0.68255702727069900       0.74583055840032997       0.72856747217063278       0.69300787793685681       0.70383422162794040       0.68424276637569270       0.75000116945407469       0.57400044862897048       0.72365897014545277     
  0.93094873722982785       0.94051627631776269       0.69471195338458391       0.72834091389336530       0.86396994058003151       0.83323320678705937       0.87028310620184635       0.86606678583880625       0.98494210963896356       0.64553753225647048       0.87700809749037589       0.82150881545435051       0.84596374334133773     
  0.64568229176515690       0.63885130300111792       0.63077342197657305       0.66539761749321324       0.69053873641176522       0.69220927260609577       0.76277010035121406       0.69449597027054444       0.68367291848972889       0.62553994752232678       0.69173213642622011       0.69591440900676760       0.66361398595447452     
  0.93685774643164166       0.94607446612534873       0.72549332518876763       0.75801721555306589       0.88081296622238237       0.85193477412377028       0.88548907762060602       0.88197410655313202       0.98602973378896330       0.65700106275870918       0.89310095251720223       0.84137457776460700       0.86251640059586399     
  0.64304154068949482       0.84365694275452974       0.66069522925313817       0.73742237254890874       0.71018916615159255       0.67974927853184863       0.85131560233484227       0.73214184159891682       0.60400201647767349       0.62651194190284587       0.76755261769724348       0.65297623018383522       0.61664842960913202     
  0.94242514420316237       0.95133481638513484       0.75640191670656431       0.78734459148782032       0.89666129350787938       0.87026876604661874       0.90126238096854006       0.89660558514386657       0.98722688607817999       0.67086419838687417       0.90718837570944788       0.86180122394810099       0.87940726938174152     
  0.69503681384673033       0.76752920040081374       0.60401085321443804       0.66695557445341513       0.74458974417201496       0.63578258464108495       0.65465927420533798       0.69949747463094936       0.75321713698703630       0.62324255007610985       0.72483349699832866       0.60661894550890028       0.64994244519235289     
  0.94768770800871038       0.95698677904631091       0.78582338292309373       0.81637116905792839       0.91118067331157027       0.88819924799979422       0.91658604717055026       0.91116143391372706       0.98849724839238340       0.68420325825597184       0.92032343793992910       0.88284809158653443       0.89633831786630502     
  0.64417786720947734       0.62184627021836869       0.61218534133419966       0.59270791601011752       0.67917170634157231       0.68467072063652323       0.74934678333592186       0.60349562132581602       0.63694685507265658       0.60872053228150291       0.77098821055003675       0.62219396914043767       0.81726645116708729     
  0.95310654413890927       0.96249626461431836       0.81587640127248429       0.84523233489975802       0.92517658841781814       0.90632683847900863       0.93153195681332346       0.92524671797769131       0.98986718390021300       0.70264621139358863       0.93292491816739187       0.90507633596055159       0.91295554247811972     
  0.56332944612759550       0.71346442809508215       0.59057016426376641       0.67746792853511661       0.61954162566826410       0.73731522254448911       0.65706295968305328       0.72099308107630800       0.71605787553229205       0.82006941573001257       0.64635638491596847       0.63764601113840458       0.68562421925378292     
  0.95840527029468381       0.96905677502760801       0.84624416850099626       0.87412905693055098       0.93935026118503384       0.92441574211378108       0.94640634695498860       0.93962151166038588       0.99125995516433696       0.72003367123538786       0.94542246014081022       0.92645102523446710       0.93041488860860821     
  0.64745972886019465       0.75594848282619020       0.59500330746003960       0.57848934293258503       0.59775179021966796       0.80609115790389396       0.56023172994108994       0.62648745187981369       0.75912056407519568       0.67504197770027974       0.73198435387794947       0.73896579201188661       0.68535299488326240     
  0.96605893462924775       0.97596934131889501       0.88050676823230634       0.90561576628656448       0.95337614123737391       0.94347784579714011       0.95989118835115617       0.95480662633509550       0.99295450399114649       0.75014426747126017       0.95841466041519907       0.94541214273124063       0.94632418193831502     
  0.72426221987622774       0.69798580710806335       0.60738760686386428       0.64030099090941239       0.71602983671425813       0.66265948515867590       0.59725196496809052       0.75540646210525941       0.97734931521700141       0.78379844422807832       0.67118657214095501       0.72459858127245036       0.57473144847840041     
  0.97346122463480567       0.98335342123517056       0.91813475304278580       0.93824332447368741       0.96783642528213698       0.96284438525120308       0.97342304996432627       0.96906093516759828       0.99460304147740120       0.78209806727888653       0.97218390213312178       0.96440455898055322       0.96266239315424296     
  0.84662309175946038       0.88656665986148253       0.55101419849464028       0.66080651766902221       0.64761805120323424       0.73261457537992503       0.71030812760921502       0.69714608857059213       0.66260132544719308       0.67615882799780491       0.73929009322315586       0.65092182543498722       0.77894087675361845     
  0.98622190000798171       0.99176485852705565       0.95813759372241802       0.96962504603265876       0.98424693500715466       0.98163646484296918       0.98634213409558602       0.98463818770691369       0.99722453565485181       0.87754866633629125       0.98573702937170082       0.98189357471372773       0.98145946931277983     
  0.83425582211012228       0.89071711495441441       0.70546259250966559       0.61351401839000341       0.61855175365757087       0.70270117812010879       0.57428225338511052       0.69889898742610590       0.71609283954658109       0.74690471403577452       0.73907085984291299       0.61509130248687394       0.72137160500254682     
   1.0000000000000000        1.0000000000000000        1.0000000000000000        1.0000000000000000        1.0000000000000000        1.0000000000000000        1.0000000000000000        1.0000000000000000        1.0000000000000000        1.0000000000000000        1.0000000000000000        1.0000000000000000        1.0000000000000000     
  0.72019518490893142       0.82698311674957048       0.58254135919540562       0.60779475950270179       0.64254091202195540       0.65805573745439161       0.69743687185801495       0.61469211423129533       0.57504010717323628       0.52023410248487822       0.67127581397673453       0.74437752718888728       0.77256265729990259     
   2.3667285853306215        2.2991458441525316        8.7652150229385999        14.294270379795007        3.6092371028289971        6.9950124218983518        6.4751861948623253        6.8755014078995886        0.0000000000000000        1.2346354277861009        5.6219785369606807        2.4817421588937458        6.9446530678415028     
   5.8349227735805274        4.1884174892841850        6.2002845654871228        9.6756854777897026       0.87465579012341377        2.0044297922242746        6.5535433198800543        15.247644265841869        0.0000000000000000        7.3879203269216402        9.0632102297215642        2.0199068980502934        11.344458771059694     
 -0.54769386597423209        7.9891009346015212        4.8600013624147786        8.4733499093608362       -3.9261627613628246E-002  -4.9340583288492494        39.937022359835389        6.3797745254095206        5.9439568425864664        6.7031312276984734       -1.8200307496267636        9.2210364758272672        5.5108037907344727     
  -2.7176598974895669        3.6051058827279743        4.1389267135736754        36.004140559214470        11.795276571631510        11.775783902325974       -1.5292697971145197        8.8510066567089076        4.8405476316486054        9.7200598625803529        5.7432133891527926        2.8305116300580475        4.6200698593290870     
   16.613002025982858        10.546582943201260        4.0340386552135703        6.9508042683679392        5.8103995302657587        6.8349697311927748        8.7389727083865765        3.8943803374366661        5.4694372788140386        1.6721940019199213        8.0490588012185320        4.2823750679227892        15.110124364537155     
   6.3831134966858727        7.5009955679932228        8.4095236498121331       -1.1971493086392468        9.6858101314839544        28.256006473415368        3.5635386960443713        5.5700456149594677      -0.53569449188837692        7.3790835556649528        31.717803103883853        7.3287543781742963        1.7243465102591018     
   8.6262677653973565        6.9672856813185273        23.770667071363132        1.3198267038811877        7.5446651981541981        11.502927946984650        5.4929509276836326       -2.5407123626129660        4.2020363918220918        4.5282606774178076        9.3582127515936229       -1.5195577643516927       0.28031253286356311     
   8.2779615664998065        9.8170429807287132        17.345572120386368       -4.1193265392437040        16.918719664264117        8.1461769848332093        8.7626459214393400        5.3886727692805323        9.1451502858872971        4.1797354044845045        9.9234142895925199        17.806976260691080        7.1450959822463505     
   1.1235812977589906E-004
           1           1           1           1           1           1           1           1           1           1           1           1           1
   2.0380082193440825E-004   8.2571982210355969E-005  -7.1612265134417491E-007   6.1623848119060325        4.4315282717191924E-006   8.0998977474795619E-009
   2.9821724461571075E-006   2.4098964301613585E-006   4.6498039098507794E-007  0.80882378590545678        4.6465330800326050E-007   8.7461689103360635E-010
   8.6136031155726687E-003   5.7258825806945959     
