   0.0000000000000000        0.0000000000000000        0.0000000000000000        0.0000000000000000        0.0000000000000000        0.0000000000000000        0.0000000000000000        0.0000000000000000        0.0000000000000000        0.0000000000000000        0.0000000000000000        0.0000000000000000        0.0000000000000000     
   7.2544647324272682E-002  0.16024727486756987        2.3302862027704905E-003   2.9824380112788988E-002   1.7949598652509380E-002   9.0757552032019011E-003   1.5594378254753367E-002   1.5147995460330266E-002  0.42472460754788688       0.12701869244379674        5.4447322921430230E-002   2.6118848832756662E-002   1.4121840892599867E-002
  0.53282023084744023       0.58544860100888985       0.95436070450224797       0.66573644519044395       0.73691137015171648       0.73019768190684176       0.72502435594537751       0.70075745160481584       0.50904408396526490       0.51707514119803377       0.52514071308203136       0.85482951356783754       0.59340856647855511     
  0.14544720864116639       0.28359646020401269        4.7131129244923483E-003   5.5963742113854797E-002   3.6389638443029851E-002   1.7704628948513129E-002   3.1940867691484021E-002   3.1073543972075995E-002  0.57800728985024452       0.20009831477847329       0.10489106022761478        4.7772603043609613E-002   2.8192611245123268E-002
  0.93968097459983513       0.74194326320841064       0.88749835028740087       0.71895448376480842       0.68069665211715513       0.75909180344235716       0.69826141756258997       0.63745493210920001       0.73487803194665002       0.80825453821427873       0.66374950479668904       0.80221013846930156       0.67503101495863160     
  0.20076672650946017       0.34203434215221823        7.1516930481030526E-003   7.9965522092889305E-002   5.5857413347799964E-002   2.6686772770386530E-002   4.6879554037863182E-002   4.6805282593223009E-002  0.63267426729676635       0.23839020048659212       0.15017703880999897        6.8187137915859730E-002   4.3295618282911064E-002
  0.70660222558448227       0.67437433963700921       0.83179897044338058       0.68189910251418229       0.66619262972155591       0.84372760871385832       0.60158631270033114       0.64603649939195551       0.68922588969361120       0.69041331295165642       0.75174590240223804       0.87205970205713035       0.74614788487969574     
  0.25285267773317277       0.38976860691176046        9.6512495916516242E-003  0.10418265946915989        7.5566096433940799E-002   3.5656469918387140E-002   6.2336530180218966E-002   6.2779492741893844E-002  0.67560085096684275       0.26392292142010298       0.18029513173676542        8.8690616628523511E-002   5.8649739886951845E-002
  0.66409529777599385       0.67494857400406594       0.77121490837584206       0.61671015083394587       0.88539439836119926       0.85500584042636585       0.65683476417757025       0.65347154858403156       0.80808300294464586       0.68433901865105451       0.64227531136008886       0.89659426036794354       0.62793886372353203     
  0.29101628318150768       0.42267820139901585        1.2378044427149364E-002  0.12690164309928631        9.2317972993798708E-002   4.4680750711829580E-002   7.8607764277177916E-002   7.8657636440687129E-002  0.70894142549902994       0.28355234246650990       0.19954407117171200       0.10944909890658837        7.2439228834039929E-002
  0.65442927257867667       0.65211868562314224       0.78732211116104800       0.75271621626644536       0.76567749185158873       0.68225338976885308       0.67771661786212578       0.69686834732752856       0.63330796784555154       0.70556146378496754       0.65648179509008009       0.84381410369558452       0.68388452353276308     
  0.32848856614038136       0.45431009860960181        1.5337556409767169E-002  0.14956878774582005       0.10797453534898886        5.3118119914670664E-002   9.5308584192931894E-002   9.4405036336417322E-002  0.73725124569428446       0.29957417264731484       0.21629875967800752       0.12948782837573947        8.6290614567610488E-002
  0.75110879295368238       0.57748603511359009       0.74698688729134011       0.73866090672685891       0.61834852753592717       0.67753243462527568       0.63907594055053407       0.71805805847087312       0.61156697211598199       0.64077035890498180       0.70438944155907379       0.77806543189925548       0.71002291754470681     
  0.35656865181119546       0.47952844246207571        1.8500897539311063E-002  0.17148958917501730       0.12549376831784090        6.1229770812635927E-002  0.11063718936436473       0.11008784685747267       0.75918898809899782       0.31279391436825743       0.23202913842851350       0.14767730925820946        9.8377574723765918E-002
  0.66290131952722553       0.69897853683103839       0.69861717338006069       0.66078555974350595       0.67444730557383270       0.67333768673785355       0.66623641809755152       0.65646567787031918       0.66155617500217656       0.60568540023769446       0.72083422636987227       0.80612420167451682       0.60921800441689467     
  0.38130497346484643       0.50208662160854345        2.1824488876803765E-002  0.19202972862707388       0.14412664648204959        6.9365577063555603E-002  0.12571095933442386       0.12629851716238269       0.77654345683887249       0.32572735234257039       0.24524269992695619       0.16429215744797954       0.10968514388412301     
  0.70256135551085530       0.60236764026030309       0.82057112285013956       0.65382694507928196       0.70830520944645314       0.58783034272185652       0.59380942191042640       0.63232313981321620       0.65341922272103303       0.74500974711213763       0.79475082273943098       0.77369267988213175       0.62149258257226714     
  0.40213005667811375       0.52176493721882389        2.5108889033063096E-002  0.21227069496727466       0.16211625889768586        7.8120662490373222E-002  0.14059027343885314       0.14433306012040523       0.78940749840884139       0.33740212785354196       0.25632131331730579       0.18059795616336127       0.12391616060415883     
  0.72866428385434034       0.59310534236374868       0.73713946318286472       0.64586111979262917       0.66251486059323317       0.78483195482236023       0.63519802888619203       0.67743407879233108       0.67194004975589294       0.76062286644162691       0.60970633560184206       0.81263140129302369       0.63105129986607733     
  0.42150954291502946       0.54196429708917626        2.8331798868496034E-002  0.23223542240497516       0.17971561367916325        8.8461192736668207E-002  0.15518064601126019       0.16213900484544669       0.80209715903841583       0.34787210695100840       0.26742951402159376       0.19754258753357146       0.13757079049513313     
  0.62956267126367838       0.60701031943553663       0.65939343351361301       0.55431694884813854       0.66656918295776857       0.70681562003975285       0.80603115489145516       0.62865848478979836       0.77911119234461101       0.69348305156116186       0.77798471454207796       0.79948206000970490       0.70849129599623006     
  0.43955724785119693       0.56474964101622560        3.1688609908492371E-002  0.25200218827581794       0.19646664457733087        9.8753628936059934E-002  0.16891127014839802       0.17763952285168608       0.81335801023015597       0.35711060617597923       0.27798916062962925       0.21567428104563183       0.15404221941256102     
  0.57820302266997192       0.55708238359965567       0.58439996137513872       0.53298117554287083       0.80557026203127269       0.77671692016906346       0.75146232669729707       0.67920747111588187       0.66237254288799818       0.57877369129277700       0.72384773793107127       0.76403306249952596       0.66113292512200361     
  0.45466808632909389       0.58573186185248638        3.5018812591074887E-002  0.27200942569790260       0.21343375181549593       0.10946601078073158       0.18265002831140165       0.19331889072920264       0.82422910204148525       0.36619954356870649       0.28819315509805549       0.23280866254828983       0.17088946715165360     
  0.64598672008611557       0.67357530692824075       0.61128502196312018       0.57484458381016412       0.65408992648796571       0.71345524025286478       0.65331201337486977       0.58576181383713966       0.64027857863643589       0.60331112479025117       0.78407830103796050       0.72060780150504211       0.57641884735863291     
  0.46968542142694891       0.60446370843905228        3.9392893360658723E-002  0.29244466591322466       0.22872037011006366       0.12014016332958695       0.19544803506840777       0.21282533249377872       0.83407050890205758       0.37496163012228562       0.29729462041915539       0.24576896429563069       0.18978107995795462     
  0.60673955795838330       0.66401197929603695       0.61937422478062154       0.61267956162653980       0.70140803529063478       0.77911656836258147       0.58129574337754608       0.74598135908467667       0.65203719360546353       0.59358178309057419       0.63407921352148888       0.64130959643154828       0.84664406309620854     
  0.48439781921403291       0.62126174523089572        4.3867348935350436E-002  0.31374121531193133       0.24378669815995485       0.12991695014740495       0.20972199142336714       0.23175943247445324       0.84385541177018075       0.38510715416051849       0.30674972765399833       0.25797406694190006       0.20869754490885817     
  0.57366061535901369       0.70816049033553963       0.69721680097665528       0.63655490181095264       0.68259625662609580       0.69580141038904419       0.58595882882872097       0.70234949435935179       0.70339565013536298       0.76062966080073613       0.57503341706093436       0.63622920328341848       0.82084559434627580     
  0.49912505947171043       0.63596756585352265        4.9255393742845446E-002  0.33469438733591306       0.25874893683173078       0.13913999316026232       0.22318432907059405       0.24973126459771555       0.85237895135227726       0.39472193967830643       0.31587498181253665       0.26947549932103437       0.22881681487579963     
  0.65984405372114885       0.58549252408451957       0.73646229166291322       0.78054824526869704       0.64487868711196328       0.76039251833972432       0.65676006950185040       0.75305567110206739       0.65537019514134165       0.69480484942277210       0.76791116956643535       0.57426723346469455       0.71672070405609600     
  0.51386792818859850       0.65096332702830606        5.5003234348697291E-002  0.35460970466310027       0.27395618146313061       0.14536720861602018       0.23593065833153287       0.26825946476535439       0.86072720070283371       0.40440551969620603       0.32523839216401756       0.28151066367442984       0.24984705015231368     
  0.66992809222322769       0.63467849063963688       0.75051393677450384       0.75099280707036620       0.63343957873068057       0.54821172688218689       0.60232588354993355       0.74085476834648112       0.62861281630857935       0.62935310859065985       0.59670472973832867       0.66277619978261282       0.90081531670670290     
  0.52900077015772673       0.66629222856939241        6.0738584802746867E-002  0.37462571255052973       0.29092589834861460       0.15227120280503509       0.24921835712267856       0.28577960917774142       0.86780863227965022       0.41292129633110453       0.33573925192533599       0.29297053059526734       0.26980182676525855     
  0.72585050780248561       0.70564323132343520       0.68194144071099383       0.64153000216612399       0.75759894236299896       0.59782009945855041       0.57400575369139539       0.74328627690758786       0.70283289607860389       0.72941059265033525       0.80603581502666111       0.58571620687216697       0.63759723519132061     
  0.54366698633552824       0.67993916371248220        6.6657755383716391E-002  0.39487066810394283       0.30761836908500911       0.16189591461467565       0.26558300518184341       0.30210268061524326       0.87467364170513073       0.42085301835622202       0.34629960135290427       0.30537365055380156       0.28836087331260679     
  0.64128139259365113       0.67818806339947102       0.67599091107458309       0.63762139969718068       0.83414590034789504       0.78056209939443066       0.60453831194220742       0.71499980359097193       0.75541476718689160       0.83692069727135654       0.66626267604337341       0.64449531600917098       0.57367584508081504     
  0.55698559335677578       0.69153341460726658        7.3626742594369382E-002  0.41510472240088814       0.32171380543540007       0.17170030987893198       0.28106800863648956       0.31900144631842331       0.88024411931017099       0.42883193343082404       0.35650092076566137       0.31873813680200486       0.30415363845992793     
  0.56632756613206026       0.61174020957501263       0.80462792503204406       0.68465071462814964       0.60215095076434977       0.63402977215902290       0.62376246144632885       0.72977510755349950       0.59330967429073767       0.58612424957311826       0.76303650307930315       0.68149604638731287       0.60143308220614045     
  0.57045177645767342       0.70291429184120480        8.0500255339064769E-002  0.43224881591855774       0.33546458630080367       0.18208605109675277       0.29516753381635658       0.33544804972537484       0.88562567843015694       0.43710302553348845       0.36618587187925672       0.33213911840634680       0.31909454573308432     
  0.65177231439059979       0.64558120139125663       0.65486323297009785       0.63381780168788548       0.60344631227258794       0.73903310065667605       0.64190003630571357       0.71869355460210826       0.61262313903092913       0.66072057547046237       0.62718383899172647       0.60963752161799045       0.70703834834027113     
  0.58316331224494711       0.71409476074234879        8.7707211118801448E-002  0.44985452202067699       0.34921852843628698       0.19137210631941043       0.31001810244670869       0.35291534418299531       0.88934660812821620       0.44539873132965285       0.37561590552830676       0.34538614531659462       0.33491298080245024     
  0.61438501513139909       0.61867921663166725       0.62307061780643369       0.78716243479789128       0.73952239763203398       0.74257199353204950       0.60951223578873426       0.70938939316828864       0.62548395177106009       0.61787877607507136       0.63013302640938706       0.56632756613206026       0.61422021840772578     
  0.59679683317766008       0.72429148728208326        9.4682007988153863E-002  0.46531043579701620       0.36290024479325012       0.19896360541985389       0.32965114720461153       0.37138712639666038       0.89331338919527303       0.45354706246467491       0.38599486120356846       0.35846661814840575       0.35172411707170936     
  0.64196528821998611       0.60496150816070338       0.55471119689205683       0.64094245325665200       0.70529081474561328       0.59291084706895736       0.73597704614418247       0.64311710641105102       0.56885170866787105       0.64874443214554289       0.65663867071022453       0.57893909643887709       0.58851025494795217     
  0.60951772595635423       0.73417215842796879       0.10148854901893582       0.48074867131845744       0.37823737765451421       0.20628774041445980       0.34714575557198862       0.38908553804655382       0.89746849880026169       0.46148198597913959       0.39719529747203181       0.37137033568499944       0.36796404185886422     
  0.67886623378491207       0.70485860415774948       0.66427551427867426       0.67290114601313578       0.59652700213225252       0.65231522635933992       0.70388873565803001       0.67861720828245375       0.56704312959895686       0.73646186569113881       0.69676106124370751       0.61925085103410715       0.68812675757647024     
  0.62188656593256997       0.74353065939518681       0.10896928314950495       0.49820523826396201       0.39384599982585583       0.21366277603458111       0.36207920884018641       0.40368759810408555       0.90163932112676715       0.46963416174918532       0.40890224213784215       0.38509627295021331       0.38338476084617468     
  0.71419520005311321       0.69884949291910692       0.68097893637302787       0.69753860627345565       0.67086955616957222       0.67759989847269275       0.59062825755381043       0.70167147344034286       0.59734310493251352       0.66386847817560757       0.66042795155141942       0.58101757673676890       0.70821483890076287     
  0.63369894192146548       0.75343977350425717       0.11747249394103505       0.51535917959693822       0.41079891433673793       0.22221393189951394       0.37705871392500456       0.41842266340007206       0.90591047214104481       0.47804074226056814       0.42113329305794034       0.39971542236781571       0.39829499910194577     
  0.70019135235159236       0.68551137119157368       0.68040624522495818       0.66698111230602486       0.73590768718534227       0.64906929660671353       0.67529579875782664       0.73873589368193660       0.57333835836586178       0.71843235294199548       0.66855191316811902       0.73775582029801279       0.59396267542278425     
  0.64495679754553481       0.76212066517623667       0.12635681147710509       0.53494907375158807       0.42940315344337149       0.23273188351491084       0.39221024452740294       0.43231245672964524       0.91013187654686378       0.48627997731456934       0.43408920784255045       0.41407941893295835       0.41186800297591564     
  0.68848008751919498       0.59091432192497040       0.62413597550208944       0.74375435402562950       0.68791677637920490       0.67490008836187076       0.71133300603768002       0.65067938623219257       0.66408228626497312       0.68179925009859499       0.63775422030682516       0.68884378702977700       0.55668497408904438     
  0.65501973363150123       0.77067430469323783       0.13614797401785389       0.55294063871470212       0.44751643351334947       0.24361565047552744       0.40797975250376006       0.44575922761635878       0.91416779472267840       0.49437771561643185       0.44772522087141309       0.42854150580792788       0.42508240131075326     
  0.61060184874558499       0.62676604984954198       0.72095006658501992       0.69556603973309294       0.69596632779302126       0.62661620083439362       0.64020846266518128       0.59473647647985706       0.61743191040907275       0.62987927815188982       0.82872835199179617       0.55870347032600398       0.57170022295149281     
  0.66495528467160225       0.77915741487870538       0.14663412816697369       0.56652391006191571       0.46635974531456309       0.25630559143734460       0.42339907238062946       0.45856322435208824       0.91785789157127073       0.50235692626893214       0.46401028519628612       0.44375511779524790       0.43943309027701905     
  0.58991982441209179       0.70086288703246535       0.62227453783619002       0.61457405587452463       0.67531167192757746       0.75339186215291232       0.74014527749070824       0.58011821072074343       0.66268849867920432       0.76331492488975272       0.70436977005952572       0.64573037667522337       0.61230654353773950     
  0.67464291375451113       0.78751511110660366       0.15934576084183505       0.57999161462319049       0.48523802210322603       0.26872253697443854       0.43949002951382643       0.47146458456269053       0.92126363979499337       0.51031921527515200       0.48042555319109753       0.45859595505239953       0.45465390876403772     
  0.65621854608251207       0.61913863365193578       0.69633965196919367       0.59326778987373574       0.64199615939163035       0.66678829539673556       0.70874432964229084       0.65614925262919532       0.65378484220028166       0.65670776607286574       0.71399928994290152       0.78560761078229990       0.66532709160313097     
  0.68427907729374959       0.79495333236326915       0.17224794797608414       0.59328848927761280       0.50105082327881967       0.28198203687054307       0.45425979596966143       0.48466457468108071       0.92468443889961249       0.51827956163605771       0.49586557238239970       0.47320755741505971       0.47131079275308918     
  0.60350575156452513       0.58224878053560725       0.60160074547930142       0.60976165486560674       0.57422289315154296       0.75955794407718624       0.80425830916951713       0.59815791114231442       0.59505662746605148       0.77020721839206474       0.65526632321020850       0.63345421921558531       0.68959984593969548     
  0.69534200722371098       0.80255024356025706       0.18500213851387470       0.60715860297740065       0.51666508339954020       0.29400988700200353       0.46865224552317530       0.49758083825992200       0.92814663267858055       0.52560928868152113       0.50980849274502216       0.48748646117182243       0.48719545987873342     
  0.67457192836154667       0.61563410271278718       0.74112303061454554       0.66546484030162001       0.67326879451233423       0.78582307846678201       0.66371526899960442       0.62280750567217635       0.67915915409366501       0.83821731453872272       0.65862752757672027       0.71768940113541935       0.76652946065208216     
  0.70637120986199120       0.81036910666861395       0.19784534048482724       0.62232072747189149       0.52850396389860566       0.30610076827750660       0.48270249373254537       0.51059878241130841       0.93135891332924792       0.53234480889622882       0.52235628306941695       0.50219168838997241       0.49998130771005306     
  0.61530287483177082       0.65799140182788252       0.69904782445058489       0.65924977537604179       0.65388000018581649       0.62833630594626189       0.55489630817292246       0.61078422205159633       0.70875068825697951       0.60274053491694135       0.58304621051959848       0.65056984220673653       0.60319650171737338     
  0.71566013282762664       0.81765605454394519       0.20897487307756471       0.63746228303799413       0.54174375702520616       0.31860654020607082       0.49693891916672134       0.52420611596887068       0.93425651765264595       0.53912474003584554       0.53541217084559101       0.51770214128575442       0.51383623545505119     
  0.67447589013979792       0.67747183659698174       0.58712680224909852       0.79098793907497311       0.65433639567907020       0.62764246224010989       0.60905355434124586       0.63927120854169739       0.66640271401298368       0.70971670381194152       0.57020962876938253       0.72174437573918215       0.58268731335053514     
  0.72490453154286782       0.82438297020818274       0.22035130659424934       0.65177833286691644       0.55597503949760030       0.33159872020305009       0.51358201365051181       0.53767912388835293       0.93712709418082840       0.54537061072612114       0.54837056223053660       0.53277331897660885       0.52901156920593972     
  0.60673611666316107       0.61773545335634306       0.67241775138769644       0.72920257559695367       0.51867157276799469       0.61822761827015038       0.69318977553904026       0.67466276002034498       0.58435789108895686       0.64920511543842474       0.61223847355815830       0.69826786170267807       0.63541348566207789     
  0.73512788205812618       0.83114150504707140       0.23220657864601238       0.66628140581749928       0.56976839050824057       0.34526668249349851       0.52878983000104129       0.55240841389832174       0.93987892027163256       0.55245385954192505       0.56214937218790306       0.54716176289472862       0.54442059922094033     
  0.64117219601119269       0.61595187627657444       0.67127379532289844       0.61140395039050643       0.56684391005350254       0.65139614209925800       0.76135588071637350       0.64779622108402202       0.60374721509337592       0.61119755589576485       0.65199402284188446       0.72502144738914254       0.62247843169096762     
  0.74523019297036119       0.83783464861206103       0.24539597975615882       0.68092853775731010       0.58445102769048929       0.35927364824147545       0.54305172403133251       0.56748160881825704       0.94261435849090447       0.55907078248898134       0.57608335732498905       0.56047853904544442       0.55992227457557442     
  0.67386768744571746       0.64674940663889446       0.59555915732447373       0.64722460158178918       0.57731493301555348       0.63809323328592149       0.71065806767746742       0.56571681828359810       0.63151716406268876       0.73837766883880351       0.66369047461733310       0.69982834028240470       0.67281947676131670     
  0.75429362059270955       0.84461104582840207       0.26256122562627737       0.69471123069291063       0.59932087580136972       0.37317437369330697       0.55710418151677099       0.58393089648464958       0.94518901127539423       0.56571218491339026       0.59001493999222554       0.57325890871722662       0.57391272337402799     
  0.57315607846178973       0.59252451434105624       0.66927426362475728       0.62508187882578259       0.69356466101807146       0.59259300891690403       0.64295445861317058       0.67286881732209181       0.60351007565027770       0.68430556725021274       0.63216031588622357       0.63177909475213712       0.69743651773530602     
  0.76331522756205450       0.85157884505369053       0.28152818159698623       0.70665967978971100       0.61425141896023316       0.38841996772936660       0.57149866361166179       0.59999035976835757       0.94783721366082663       0.57228742692782986       0.60423324312686566       0.58679759360124595       0.58841313431002062     
  0.69860459468046521       0.77268405786737515       0.69626894249212967       0.66655963306594956       0.74927236962752175       0.66121831247052654       0.76190472366469408       0.55216347390054255       0.64494455672771578       0.62815956870069478       0.62147318394119622       0.68293751710577311       0.69804344311978461     
  0.77159340110881014       0.85854020404913356       0.30196583429658774       0.72008253066153560       0.62867348344708163       0.40431119879999944       0.58579371226755372       0.61702722801951437       0.95040299187792698       0.57896554965928870       0.61957493408934783       0.60042210884386327       0.60596310990741253     
  0.64951364931909161       0.60009463794122464       0.78864612693158831       0.61508519460333588       0.63195868069247596       0.67490273115820010       0.54722179954897732       0.60594183839043692       0.65418803282777060       0.61110888313575440       0.70984002107499433       0.58410171886949658       0.67895271732735696     
  0.77990925994152183       0.86535609239483813       0.32363407305923719       0.73324279860335329       0.64235630745421091       0.42026979895565197       0.59876080487408145       0.63364008788018700       0.95281866976887841       0.58560049246810109       0.63641197261811122       0.61467384759474353       0.62343053258184333     
  0.58069457239269295       0.67084757237055714       0.71220216941563463       0.77439819905250173       0.64707007085866897       0.63991756758541074       0.64422532030958568       0.67699278893366899       0.76553559468465915       0.71418395190645367       0.66290502473037505       0.61397861643906082       0.61297520363898361     
  0.78710369927506352       0.87179768143190539       0.34401653168708946       0.74595343468713438       0.65554746975572975       0.43656579748423058       0.61299235638101979       0.64887076853853765       0.95501864037527262       0.59200522000875966       0.65261365877034805       0.62920224210957754       0.64165586615181169     
  0.63471034298006745       0.66728974721349188       0.74130914792740454       0.65974078701905947       0.64493802943124845       0.62433133887244840       0.65338084952307551       0.63381509650211976       0.76590652069854037       0.63915463144295770       0.69678351476869982       0.61713301207592841       0.94709760946107902     
  0.79465148134425267       0.87808962342645946       0.36370673249789975       0.75833157744098079       0.66724867162634638       0.45433474193594425       0.62790070503270179       0.66493565536510879       0.95721769980959437       0.59878330122649925       0.66753679501177177       0.64147368116656045       0.65945409506452635     
  0.66140550023265676       0.78701637029814564       0.67694102544242152       0.60935473533867968       0.65986075167898262       0.61868517607546947       0.64933803560121639       0.72512698925228447       0.65582220023245874       0.68774704990041946       0.55704877902169558       0.59962228811488827       0.76745724600012177     
  0.80159183372426335       0.88430792871634090       0.38288890089841976       0.77098120608884146       0.67971812878041060       0.47343946320569269       0.64230060969423752       0.68067644380798242       0.95939360174516897       0.60542751797716676       0.68153791114764606       0.65368544239746662       0.67746519341633837     
  0.59097864415678869       0.64929102127104199       0.63258726304340296       0.71980280600769997       0.54846084608458900       0.74230307138062457       0.66986695007837338       0.74279635730954963       0.61910541950804931       0.69011975108816115       0.58001641465750320       0.63731169270478605       0.70592977910011823     
  0.80860909891888111       0.89057565103603853       0.40172544353568018       0.78340671391403927       0.69411563677863908       0.49412706542057411       0.65760766228254464       0.69596663645417156       0.96143605370911034       0.61396739645932730       0.69581654025136108       0.66528095634038853       0.69397380668639363     
  0.65448948530587669       0.79573007514973793       0.60850391135641524       0.75822198874428415       0.64398272904158971       0.71058076045610619       0.58639602387174150       0.69491339124878071       0.60377382397180013       0.65601948518587538       0.77857458940342317       0.56576689372759736       0.63075964524165706     
  0.81509722690624820       0.89678892961552270       0.42094581569583811       0.79609669559146756       0.70894924346459121       0.51441167130495380       0.67316809853504078       0.71139883176931440       0.96328146331232389       0.62347523871588739       0.70872318270955781       0.67722614303810447       0.70879261308725638     
  0.58101970700288741       0.62689109478666272       0.60634982083951894       0.70271203816216221       0.72959900065743777       0.70981582195004522       0.56655429054144912       0.84189386258908405       0.68408531684765639       0.80099732759869291       0.59150937736752951       0.62476589208679001       0.64474485667251691     
  0.82193399728442307       0.90270602704146374       0.44053109897103437       0.80905115687087348       0.72543529910871962       0.53204106928787442       0.69107022983912847       0.72733737810362364       0.96523204392345141       0.63257883566493345       0.72121133210650801       0.68926416627231801       0.72471940522299050     
  0.55537175671129813       0.63050260849209960       0.66129623200406562       0.67413018322470197       0.70076730097509810       0.59349786841850283       0.74394179554839790       0.61492902762051760       0.73175218085429827       0.76896405048416128       0.59510590968410293       0.61657975794407005       0.56645682426667510     
  0.82988946075605774       0.90866275165732147       0.45964171146614641       0.82195299614618422       0.74309714915199043       0.54806352640945910       0.70918208684587403       0.74429549608673828       0.96737695974383264       0.64067946505219153       0.73484320531237868       0.70298037108064770       0.74065888251276779     
  0.61751203870258720       0.54566923493032804       0.53973130822608517       0.65827333623897855       0.65597210847363852       0.57676998525712009       0.74385165820682342       0.68810488956000593       0.83887094444479804       0.72682948014331927       0.60550063727678760       0.67192395704841013       0.64925272585211014     
  0.83814166036124960       0.91473166130665684       0.48067494025742896       0.83510873485419790       0.76148921295526284       0.56396900244682668       0.72824683221264419       0.76111080626953609       0.96945894176169201       0.64852761624711397       0.74807222894129100       0.71757183945208436       0.75807106487187137     
  0.66936132793032577       0.77083448369646868       0.58057970314890861       0.71179376738921707       0.74133415526785418       0.68628474978688236       0.65620865009078988       0.83066751177728271       0.61730967643837675       0.69554153555839038       0.63699193301911483       0.57803531807246689       0.76439155849428519     
  0.84802691229479021       0.92052272029628124       0.50240264176279570       0.84881826425159801       0.77871558636520533       0.57975331955140208       0.74683128228185391       0.77658983202739773       0.97120143435510531       0.65629546286074247       0.76226040146069285       0.73307332768443167       0.77654415972806767     
  0.78061348464695013       0.69384285183120076       0.63331901983591754       0.70642375199238006       0.68177289390480089       0.56262102598751251       0.62085294382109923       0.69000266602302318       0.55576555290569118       0.73145782155203409       0.60880171091653235       0.59107517314071856       0.68495121569263051     
  0.85753641816929305       0.92605408051562199       0.52386952988670576       0.86182677544503039       0.79584004011404286       0.59666967311191987       0.76483418492904420       0.79220219755244026       0.97293874074556974       0.66494533448254445       0.77718672937704902       0.74840018537611996       0.79390333692676829     
  0.69137423188538261       0.74671669896839143       0.62031476961332122       0.74438680145286285       0.66097551453918402       0.66456300626662790       0.72002483669074457       0.71590257173671379       0.66403209689189924       0.62290767549157222       0.59098018658839302       0.59589134955629897       0.61330319299672464     
  0.86639172551713672       0.93167268950363091       0.54413133681257131       0.87472613342669892       0.81267303690608061       0.61502179511188571       0.78332515346818643       0.80762322835401257       0.97482062640664091       0.67350012851027985       0.79439588730932409       0.76516161306102037       0.81052703599125053     
  0.67085077668738224       0.69286476130615438       0.64085552560691406       0.62331937351335431       0.64399824814598772       0.55743747709028413       0.69309703999471650       0.80145182227707934       0.69582692833213600       0.63783157464260420       0.64216491913815466       0.62432085129594361       0.63958773552661197     
  0.87510323085124142       0.93718397277850640       0.56684371083567153       0.88771873261541756       0.82901557531820891       0.63579316528578522       0.79896220686962927       0.82384615860542254       0.97670885185926526       0.68235364870397386       0.81165910326055657       0.78338481257236892       0.82741970893647199     
  0.72912528432187207       0.74290380259993516       0.58887012664538996       0.63713302010749440       0.63845284726906359       0.63674975514982179       0.69787541864590941       0.65193351967959601       0.71798067883322580       0.63882887048270953       0.74004052887793426       0.62069906123523266       0.66341800351386537     
  0.88462130969623565       0.94234552546939832       0.59011450618684058       0.89998310242406909       0.84323184125004291       0.65633187339973920       0.81498533515392624       0.84164918264491129       0.97834348087287504       0.69132346194842287       0.82866620329857599       0.80251866275201011       0.84461167908261625     
  0.63054177755604601       0.63511191655532928       0.61331967172334068       0.77874636718193091       0.72258355960822607       0.65866028835160328       0.63470965805037904       0.84940534817944013       0.74174972643313908       0.65058252999548027       0.66554093208102338       0.62680848518722732       0.65628647405494867     
  0.89314439745520646       0.94720404438062789       0.61804355602788974       0.91173514234567254       0.85690634217745010       0.67878590249281157       0.83042414186172109       0.85836782471633144       0.97994365771296632       0.70137724462658646       0.84518186162292663       0.82214184030134152       0.86168108303152224     
  0.69446632474259862       0.65506260636327240       0.59207385392329193       0.68067593426755646       0.62738063327967752       0.64965186625222571       0.68623294176136695       0.64354415139056165       0.66431869974529878       0.69168060523479069       0.66592839095078415       0.66766191253668128       0.61801806650651492     
  0.90180610771497005       0.95241646870557328       0.64573367974657725       0.92316893198309091       0.87085422328681883       0.70013301308760778       0.84696914705882276       0.87324113804716841       0.98144904480267847       0.71176167878116015       0.86066498175740735       0.84026579153972836       0.87730321232354747     
  0.68122988585633049       0.69976531570868050       0.63716680341270504       0.71369848128086011       0.58016139145387213       0.59990500674840030       0.80926946603307848       0.57288796036476186       0.78467505018726191       0.64193505201100443       0.63911782814356466       0.60741650360990496       0.69895008032086492     
  0.91058870224599342       0.95789498054942401       0.67231087269541445       0.93355482844837567       0.88648617085107928       0.72019344981789346       0.86322266896183386       0.88819826214127806       0.98287330808457296       0.72449799086345279       0.87629526174453320       0.85866605947651575       0.89230626232882293     
  0.73412314012670410       0.62314225427367509       0.68967869167525664       0.66458405036328183       0.70713069698105524       0.71379086739021946       0.71639051501028839       0.59156738088636118       0.71183890866525801       0.61179065145045530       0.65599126506251448       0.70304566657844259       0.66338917936976494     
  0.91953658281830830       0.96334133488686213       0.70268161496369719       0.94357884480946186       0.90233571311459337       0.74517510194332559       0.87963195277451656       0.90338490908203484       0.98449939687637433       0.73479743874225245       0.89198528562575896       0.87710954801233665       0.90571214816328138     
  0.73294778114927739       0.95668853793606101       0.58587196313150114       0.59587814662326466       0.72440657611830539       0.59951187636308645       0.95654735247257705       0.69074477821402513       0.71919286688734951       0.57574074746282855       0.74931657582534072       0.65919722286808746       0.73265255006196084     
  0.92965988829580071       0.96874932207838249       0.73578883679192730       0.95298823078044692       0.91742128602728079       0.77644864326514240       0.89605748241989269       0.91771117801802182       0.98650250659487626       0.74922013753180261       0.90807472863248062       0.89572566267876463       0.91887894921964497     
  0.75023872754322729       0.81771164315754319       0.61391996925986070       0.70836868883410842       0.66034738080772593       0.73579736722455036       0.58675390923812265       0.57643454400571936       0.84369015871360609       0.64954692560892036       0.68238556746586132       0.66910124924399839       0.65774125415555096     
  0.94005371174462871       0.97410975860919935       0.77346450534288991       0.96163279928143286       0.93147177303615236       0.80673350183438797       0.91240570435443125       0.93007603176842946       0.98834100916008916       0.76350857995940691       0.92510241174281960       0.91442880958467365       0.93132885506095908     
  0.78472360937221186       0.76456003104903691       0.62801709381326065       0.72228786849852777       0.61285810258073459       0.70022280591388020       0.73058120901602686       0.62525747375761820       0.73213358521481053       0.62475532534452582       0.65223033322650814       0.58617340826550612       0.68234834030110181     
  0.95116958108477700       0.97951837800037111       0.80938345254791422       0.96966182089269293       0.94519705484105632       0.83494298833170855       0.92857471712501793       0.94359280921293853       0.99042872938093141       0.78387022959180819       0.94134415632337731       0.93298256262749191       0.94375699165157234     
  0.83176419098239274       0.87664731476872393       0.67923459047635371       0.63545063190189144       0.67488302397135258       0.53704497793121020       0.69130547901118222       0.61205518052891672       0.84565276841570314       0.68770356846828506       0.66277729174443722       0.60161520205623920       0.68080690513469655     
  0.96139038437887547       0.98509350897848458       0.85355639395716365       0.97653495589812700       0.95885439260363015       0.87390411900291098       0.94422789478522073       0.95827665287879560       0.99241291271820697       0.80689030580620447       0.95452619093180624       0.95071314644500760       0.95765180353620416     
  0.93784276833145186       0.68422590699662333       0.64919344683109059       0.60807095709986414       0.62629470141533805       0.68712695321033801       0.69354493481740775       0.70088863722759898       0.70666799979382933       0.76126558821427426       0.95821562777459179       0.63409979423008855       0.80194412832517559     
  0.97286273069324003       0.99040940105764375       0.89771513945629222       0.98381858159816360       0.97220212377618220       0.91508985100680473       0.96106224047091737       0.97341727778178655       0.99454417426900266       0.84676781941509005       0.96928540404491847       0.96841039715264332       0.97322729478806813     
  0.85763341985623509       0.69599019695769848       0.58945572892435971       0.64220394936535263       0.62173059144211884       0.65324272469309830       0.68197638408045858       0.62957438483041162       0.83186754058236778       0.61587858751798730       0.69385170263954310       0.66003186884664278       0.65619641082068070     
  0.98649114658552539       0.99527610653424625       0.94835589461302572       0.99189313833060655       0.98621958555403877       0.95791277108644790       0.97997755088283545       0.98690828616176884       0.99711440106300075       0.90160320756271961       0.98463533848477203       0.98438295516401186       0.98672142192496126     
  0.84622503026073170       0.81379674287829340       0.60861084146592515       0.69206360594412397       0.88249507719754472       0.59381169727077876       0.70506276738233631       0.60905746864637389       0.70403483510123743       0.50904408396526490       0.73174327235866965       0.75500601265005274       0.74042948436611022     
   1.0000000000000000        1.0000000000000000        1.0000000000000000        1.0000000000000000        1.0000000000000000        1.0000000000000000        1.0000000000000000        1.0000000000000000        1.0000000000000000        1.0000000000000000        1.0000000000000000        1.0000000000000000        1.0000000000000000     
  0.60697771352527119       0.72199236463017646       0.65232432460932366       0.63371500034570827       0.56594847017132277       0.59122749010067110       0.65692948047983168       0.68444444835650953       0.59735963117441415       0.53063660036526883       0.66164797908710538       0.72416566675089344       0.68922778247937577     
   5.3758221618310280        4.0523796041357523        9.2918543745597191        6.4839901038223671        6.4788718073037161        11.615787722460807        9.2110533891061710        7.6683180427024853        0.0000000000000000        2.7263674372764468        9.0698391965433114        8.8303055631536829        9.1527360767117312     
   7.4668803270215616        4.5211731880513826        8.1502541747868644        3.7381955380603302        5.7514291348275410        9.4112429809603810        5.4955829332656876        8.8222547981455381        0.0000000000000000        5.8756946570799755        6.0061962253284165        8.1103602592073685        12.171646237048908     
   5.5676728025285493        7.7517658935968488        6.9338007516659470        5.9734098521995165        8.4711327910451324        8.5441996376187159        13.286000013944090        8.6667082234650898        5.6692157497692195        8.0690058675871796        9.7490053630575968      -0.63137618829255193        6.6414345634099252     
   7.7274658351052281        2.9433170866065907        7.2938303959847568        8.5277544119928983        10.935723282552184        7.1601283854736373        8.9786050060712181        8.3237542534805389        5.9682382724487795        7.2756626422095145        6.7727943613319983        6.7617381255548281        8.8073504665948281     
   12.126625117613276        3.8007835866177992        6.8495979840082866        9.9976267308019811        11.421274217552783        8.2529224233709240        7.9539599674934998        9.1337343346319084        5.1602791908020791        4.0051880254717558        12.207879309314393        9.9398079808588804        6.4617149491282504     
   10.553831569506407        9.6635307960516741        7.7113390413823355        1.4935833079711651        10.315317972001894        2.9788217687762226        7.0002318357783331        13.026482344843300        6.9797915491935028        7.8501469092400944        5.7668437364599088        12.000419248812365        10.668600785581949     
   6.0171737021198632        6.7191405570664795      -0.26953561324886854        9.7324948367530801        3.7572602976405665        5.2637071016282473        6.6585363760481249        3.3272072656291485        6.1385977937766949        10.923958012275195        6.5845879265532190        8.2742756698252240        7.6019255306053424     
   4.9916080849205766        8.4638067707786675        6.2978299060324225        13.522173074695932        7.5240995287510941        1.7011783977465285        3.1765894508792893        9.8257306039316159        7.2306423129534316        5.4472356609719164        5.2160451988281924        5.4703793990329634        8.5826278791016737     
   1.1253214376051944E-004
           1           1           1           1           1           1           1           1           1           1           1           1           1
   1.5430257062742762E-004   6.0202842170578619E-005   1.4999251844058418E-006   7.5669345247740027        4.3698843339139520E-006   4.0454111162742263E-009
   2.4566313935052769E-006   2.1108553147049490E-006   7.8074413710854697E-007  0.51634020825027516        7.8054323992246009E-007   4.8886173400700595E-010
   5.0000000000000001E-003   8.4647296645637802     
