   0.0000000000000000        0.0000000000000000        0.0000000000000000        0.0000000000000000        0.0000000000000000        0.0000000000000000        0.0000000000000000        0.0000000000000000        0.0000000000000000        0.0000000000000000     
  0.16724410786662181        5.1346177074286280E-003   1.3884386503089848E-002   4.5671761035210772E-003   1.8482168890986403E-002  0.31188662547556001       0.13688803187712911        7.7798214111334599E-002   4.8179618054219088E-002   1.2631762171736137E-002
  0.56855616948754473       0.52247686445433139       0.55403744836863122       0.64966582684002305       0.61427481865864308       0.46732587971559630       0.49708805186291460       0.51402911517186123       0.60098642485536913       0.51612322606672889     
  0.25906158536522156        1.0414897532163471E-002   2.8315917683690021E-002   9.3049579647417734E-003   3.8124871617206485E-002  0.52473602069280845       0.20629810692390405       0.15243346020870283        9.4939705119857526E-002   2.5139649739988220E-002
  0.66699057033670506       0.52967409660270615       0.55735022833286785       0.55337332749984169       0.54704133518553000       0.51863462989534170       0.57968756244369168       0.61239944184938389       0.67312674382378679       0.56380600535755609     
  0.31124411268350538        1.6808257105143786E-002   4.2594283420912905E-002   1.4573323784944827E-002   5.7086373520713440E-002  0.69962121460636439       0.25123203727611615       0.20139899836286765       0.14632123319444268        4.0106988293359527E-002
  0.58459123569400917       0.54895424740274057       0.56748003702978922       0.54622617089240599       0.58858521858597734       0.49757997454271524       0.86164985045240161       0.55296149998597943       0.69907743569334113       0.63395318649264509     
  0.34904858621746426        2.3274452906281769E-002   5.6036798522076443E-002   1.9935912917698886E-002   7.4994113282536745E-002  0.82135875576710615       0.28704166645312379       0.23576810285685879       0.18561831928723629        5.5062334880278535E-002
  0.50704281228626880       0.54457112836210497       0.62359775507456106       0.61589139351359823       0.71982650208550447       0.53681646927684767       0.81597140391174416       0.70081324297398484       0.72110593857254146       0.54291510590758318     
  0.38112157602506630        3.0001695870592118E-002   6.8432246949012829E-002   2.5600051369573409E-002   9.1903484618692896E-002  0.89477577411105336       0.31209774054829303       0.26901022068434244       0.21688978570872586        7.1743214802176283E-002
  0.58999773436784242       0.58236315384869819       0.51148682025496506       0.55149887173703516       0.59893526904255645       0.50045830656230184       0.61746085376801485       0.73023843291716983       0.75493429474006513       0.50114888277383773     
  0.40899690176196579        3.4522520821231792E-002   8.0852629132720608E-002   3.1616765711904311E-002  0.10847877483576342       0.92491419937959418       0.33976228252660867       0.29375770889506120       0.24448263140181392        8.9714782464663509E-002
  0.63934953400070893       0.53107385750246361       0.60502186935704527       0.59175519399605148       0.60469686182165805       0.48968934153251159       0.94098100193435497       0.62465639145786822       0.68802459177220565       0.60602381228234725     
  0.43589099166354756        4.0319381974188009E-002   9.3003088815375307E-002   3.9103441513564464E-002  0.12376863593870636       0.94567799772842898       0.36319597777873580       0.31506257276536442       0.26723162113873949       0.10694779513947934     
  0.61032241371305751       0.46732587971559630       0.62576998989560106       0.65292886016911056       0.69797860079408147       0.46732587971559630       0.74436814482183089       0.51386988092096231       0.53719227595967201       0.54925652563192340     
  0.45935614933809782        4.6715229907451597E-002  0.10559571517983959        4.6630276157860098E-002  0.14049625132248131       0.95966617366358398       0.37810781184872228       0.33668679551652569       0.28724936340468121       0.11941279162230398     
  0.53162509016067450       0.46862354192403877       0.52192740496730150       0.56653405928083056       0.58287793078727446       0.51710124903788190       0.61903605106663251       0.54813276579443648       0.52774671199947198       0.54501478341339293     
  0.48019897411410961        5.3555645082921779E-002  0.11725218216925908        5.3981290490930776E-002  0.15749569541869091       0.96963022941402743       0.38966679156601280       0.35902199252739919       0.30874478737883287       0.13204875337798325     
  0.66300539832589833       0.46732587971559630       0.51403295441455865       0.63160788656150946       0.55653930114208039       0.50303624482280140       0.61429887558493401       0.64856785755381030       0.55522562468870840       0.52909224905112040     
  0.49881278937526763        6.0527719745955645E-002  0.13140090289820686        6.0971621607587338E-002  0.17403832086113824       0.97631738699973336       0.40273854328716091       0.38225516827003819       0.32685926712855801       0.14379532355760541     
  0.59771621809106190       0.50275896566192491       0.60501573869327652       0.59897874773147919       0.60195740838120226       0.48491096632343700       0.57598909185459957       0.58472382322442484       0.54268992089067036       0.50847638907494930     
  0.51455051966437981        6.7581588663079992E-002  0.14889270448662453        6.7528234561326075E-002  0.18953205829804995       0.98074063138520817       0.41653072632698401       0.40352999408656476       0.34003120855546903       0.15572742527539365     
  0.54752572157914858       0.58720727519469418       0.66526292565668121       0.70598498208450045       0.61462785751473947       0.63222959783074328       0.63074669997862221       0.53226080241301821       0.48680935134515785       0.55794899712312840     
  0.52906179924125141        7.3298685839524674E-002  0.16654457436354370        7.3938463672805932E-002  0.20245818288909059       0.98356064089492745       0.43006596502074551       0.42192519101680009       0.35223467786746976       0.16748896894815296     
  0.55775749535239916       0.46732587971559630       0.63072641767986781       0.63091731752450941       0.53080998869572138       0.52499222324443751       0.69671592917161396       0.67851043309958248       0.52880968485297608       0.58349595288234291     
  0.54084955305338989        7.8144852811922516E-002  0.18393735566644831        7.9564934754496053E-002  0.21474589244825912       0.98597715654401652       0.44326024892768662       0.43676234849328349       0.36922141886021587       0.17875462541566320     
  0.50903173707970839       0.51046441502665341       0.74739309387615005       0.52000278609662565       0.49844654130594973       0.55362806242878715       0.75077952660931191       0.62723283423325138       0.46876501211207616       0.51817011641764743     
  0.55018944690022964        8.2802745626788937E-002  0.20103285018871120        8.5525025715297132E-002  0.23279422327491248       0.98790237689424032       0.45657130156698278       0.44971091254352225       0.38779398925180947       0.19123822771973376     
  0.55202394407345601       0.46732587971559630       0.63087920220364313       0.57469333076970086       0.59031011488965468       0.55228381113202563       0.66814165825765504       0.57457667306377114       0.56203174212064533       0.53710311174581116     
  0.56004003379542688        8.8032143445846811E-002  0.21619505371670292        9.0129416290145745E-002  0.24924003937202932       0.98930664893373932       0.46993106609534468       0.46226125340107094       0.40797169689101448       0.20370355893496445     
  0.50086747623560390       0.48546133093763977       0.69863356554866329       0.50886916074529309       0.55584311755808680       0.53614074158891756       0.55452170445266868       0.51927130550211165       0.56619669374072912       0.58244276140898377     
  0.57098488854219520        9.3243537678078039E-002  0.23319844658798308        9.4884132023707754E-002  0.26273154123973108       0.99008224297463454       0.48164348596524853       0.47927304588582331       0.42710680508699161       0.21415574066575210     
  0.51258169090865169       0.47401902010890357       0.56941933058832117       0.58704959189533867       0.49552934437046847       0.49625422932123581       0.60098864025261256       0.63963096984446433       0.54748605204743117       0.50861464367643994     
  0.58416783263488514        9.7585712291853227E-002  0.25058527178631451        9.9160615266435728E-002  0.27550283050337615       0.99071113297852109       0.49213459142137655       0.49678526981676607       0.44670337021701062       0.22228019790764469     
  0.50006385118905339       0.46732587971559630       0.67278040504929193       0.58292209199923239       0.61238030967154589       0.55361141466473640       0.56790972232575831       0.60003429774307770       0.64213651073260769       0.51477185559558658     
  0.59677506534830971       0.10762723031695541       0.26785464719320612       0.10375865373209747       0.28758352665292203       0.99140960613823093       0.50212047507047575       0.51219770271524490       0.46595747367777540       0.23340922443545140     
  0.53030369141864020       0.55977186546552105       0.62103626732321260       0.51934416887447998       0.50086747623560390       0.55023186427782156       0.61188554615612256       0.60463740729638671       0.55686904119810310       0.53201064079016125     
  0.60750291235104958       0.11916134427313059       0.28588634280735348       0.10906890027358435       0.29985730413550332       0.99207375176258938       0.51057093427249689       0.52635491010649960       0.48567655611522592       0.24763566771331752     
  0.54009383423010104       0.55419197291029043       0.59502276228503059       0.57880322049741662       0.53329985685000547       0.52702332450074685       0.58171143316606111       0.61600716199883354       0.67493420039591967       0.57801918793040452     
  0.61746218097564809       0.13492238146825541       0.30561683113697125       0.11623745055806263       0.31042461128728993       0.99266279733650942       0.51676152460652747       0.53862392917157176       0.50365012937069753       0.26276135968623365     
  0.65911089269951284       0.66634129120904828       0.62263248972423202       0.58215673948883395       0.51358900319781686       0.49397894652332291       0.50086747623560390       0.55272187917119009       0.65017685205347742       0.59195233767298117     
  0.62758187294479817       0.14997531988158430       0.32766633844337711       0.12376550007638039       0.32050231792841161       0.99315195746414597       0.52299698458625643       0.55048947794465342       0.52131699408630283       0.27853535637354127     
  0.57266344683759052       0.61787397706950486       0.64391745881223283       0.56385318321348965       0.50243439819223623       0.46732587971559630       0.51895937080252852       0.50303429170393421       0.61491349404502782       0.55875723799003307     
  0.63799537135949314       0.16431626593342075       0.34708277827721545       0.13291550822037937       0.33003370855724956       0.99362938795781952       0.52842886000938705       0.56241005503134145       0.53839909568273869       0.29328135490643698     
  0.51919519014074034       0.63617613020182828       0.67272409475949180       0.66961713207342721       0.51414139403012604       0.50646316651879308       0.51714338485803257       0.52761936707851509       0.59461488692371145       0.49991416118901394     
  0.64753138804214849       0.17912847213122124       0.36729622603584344       0.14197350788643687       0.33839187360090101       0.99411151870849113       0.53402297447694014       0.57267831853651530       0.55638844761217898       0.30652797401884868     
  0.60910611447931229       0.67042622930956253       0.55438186785452992       0.58567773634122255       0.53475250948666131       0.55209895804697140       0.55379405803314519       0.56265155371787878       0.57777882400643554       0.56669636570210957     
  0.65730547834203412       0.19559182010615997       0.38883903232126388       0.15067140136680945       0.34550485585170726       0.99450824947969862       0.54095933020255393       0.58281461495125519       0.57029966329046211       0.31723333522356978     
  0.60088348495008681       0.59560630814328086       0.78243483730832053       0.66513117608643235       0.48666935224447544       0.54233891976857584       0.56054880199651802       0.47564889799728949       0.56843420009574075       0.61248391619386300     
  0.66646950921908077       0.21031539812050987       0.41039873750639894       0.15967524493398011       0.35461344894260338       0.99483078957455950       0.54858591791292433       0.59230950987829634       0.58387139238303032       0.32699582338656819     
  0.56962216079596562       0.59168139178865775       0.62762727670577412       0.68452639299134077       0.55635822911357591       0.54196444496186802       0.57416505869549150       0.50725086783961038       0.58369476325114422       0.47304023450577271     
  0.67513525941710117       0.22454830877113038       0.43097543119757992       0.16921390563855601       0.36594465598839820       0.99510344144456542       0.55620956554397405       0.60357303150538377       0.59723825447209089       0.33788911390449278     
  0.52301524063838012       0.60029440225604269       0.60096442510428993       0.75003550344412973       0.54368233997965909       0.49917975286568300       0.49493480953658014       0.57235855812360570       0.61237957374867724       0.52546220345211681     
  0.68302254957629860       0.23852751712926651       0.45115110775460282       0.17880310447690756       0.38060765549320602       0.99535164864289050       0.56438508631721540       0.61445536678876855       0.60986717168227822       0.35111169949367094     
  0.53795947143211331       0.81379322127582210       0.82072529699778274       0.64451758295685069       0.54085495373004622       0.53920863256414908       0.60032201497736803       0.56144950853625164       0.56782129515375479       0.61458146364969335     
  0.69149783851231161       0.25281996552558766       0.47235333501966387       0.18963027326434442       0.40056832655424562       0.99561934652699557       0.57374070857226245       0.62381033378696560       0.62270915424443729       0.36557109887678929     
  0.52720700975510759       0.60553236641536223       0.76151004421200097       0.72052910180870977       0.59712322298762854       0.57357990567417605       0.59987287055416694       0.63110117255491072       0.60139126017993128       0.67723323584422601     
  0.69942885790331721       0.26825012594284164       0.49058311468058141       0.19996078922493371       0.41889225398488122       0.99590701186746300       0.58269915824737584       0.63427271322455436       0.63603586923480759       0.38044234003650201     
  0.50050732861959391       0.67503504739315867       0.70310410671115420       0.70222337485719688       0.63104119363546485       0.55929255271533340       0.57413311172507675       0.63262131120034937       0.58839066133056761       0.67793629283282064     
  0.70755080798510295       0.28453987488446914       0.50318477366171555       0.20978865515168682       0.43343833213609417       0.99617065537823213       0.58966196636383583       0.64625543550219755       0.65022164082189349       0.39810913560273942     
  0.53904232730442880       0.63891095486839089       0.61956900409948135       0.63281714478364237       0.54482287705356780       0.62232442087603390       0.59581258945811799       0.59480122729923379       0.60422639537770384       0.65064234313825731     
  0.71529005449079619       0.30127240257132665       0.51790388380733288       0.21910444096646264       0.44757991179337142       0.99639630092503184       0.59625897763236679       0.65748147155661851       0.66437900277186712       0.41752528330758182     
  0.51503893579794169       0.71565423143296192       0.50301388758866084       0.57737872582362226       0.66551006543031310       0.58877314079647991       0.50388856170624807       0.53252607190494228       0.60320772743736895       0.61089241419570628     
  0.72364791850684884       0.31891381080731152       0.53479659871279073       0.22765075703457155       0.46284068559161207       0.99660411125845094       0.60176482773616446       0.66759846031242320       0.67803104633796785       0.43707387128945430     
  0.52142773315331448       0.54819896917249400       0.67668941400535310       0.53816798072541405       0.58461878575946746       0.56383874466507156       0.60993978723907161       0.56776333872494378       0.62806314101097982       0.56566608048150502     
  0.73210812690963045       0.33589585427030594       0.55218917168710280       0.23562660134108016       0.47826150029970821       0.99680298612680907       0.60750997922502037       0.67783467787630169       0.69103777070078753       0.45675170988728386     
  0.67661181906589019       0.55580481389507208       0.55701797328144931       0.55134787734045487       0.71749349364670567       0.60181419066786213       0.48704768548665833       0.55752490617723838       0.63482583020408201       0.62885803805044160     
  0.74024318412943968       0.35338968059184228       0.57066394257468978       0.24417303819098901       0.49500323927452955       0.99699788076554263       0.61351023506130353       0.68752274132791846       0.70380915100744157       0.47432557633996719     
  0.55701797328144931       0.59926876938252371       0.58055894561664978       0.52269051288466239       0.62719169804446806       0.58961634009406128       0.52058452252397358       0.60071356885801908       0.65492643241070980       0.79394266125408719     
  0.74876228033436321       0.37315756440909331       0.58887584469797249       0.25254561019427713       0.51241300873416951       0.99719386269501620       0.61926916216845340       0.69865721444787254       0.71594870388423881       0.49046477359997626     
  0.67842118218546066       0.63662700681325857       0.56826510311792189       0.53758599500978654       0.60558351087777007       0.56055491480148179       0.61709471538776517       0.53562192482192061       0.66744251047993031       0.72023294377964087     
  0.75727456628128298       0.39490701815174417       0.60696756225413295       0.26138340914116642       0.53064611721365662       0.99739088220899763       0.62587367717537801       0.70882260299611766       0.72940352629099003       0.50600743619431177     
  0.67955211932450332       0.87294423380319042       0.62932109151894366       0.62585695661396856       0.54725763388045101       0.56069157770461509       0.63984562961218316       0.61315320731720901       0.64757806915063099       0.63037881404212104     
  0.76631569461476068       0.41696814471323118       0.62436382486401931       0.27015357306998899       0.54667129075236265       0.99758430202081805       0.63322819832148769       0.71883054856265061       0.74515267929122897       0.51959074390052162     
  0.58985508634757788       0.69114825768792587       0.62858407183550369       0.57454804859369168       0.54276330213322610       0.70099798679156256       0.54416081645989434       0.53025799526389250       0.68767937229400744       0.54690732957827004     
  0.77514863679661727       0.43813065679183760       0.64224804040929973       0.27846856667602898       0.56453488414894037       0.99777186346849023       0.64174640601613508       0.73064689428548280       0.76094396218664229       0.53916959855099056     
  0.66175240467881291       0.67708457325302007       0.59965765477810862       0.53127893458857667       0.84232388597427521       0.59892115758955311       0.61175520957274332       0.72266258265879268       0.58866019936886937       0.80399843761774792     
  0.78313454332502452       0.45907763555228970       0.66087200691697712       0.28785393451108415       0.58260053134937406       0.99791504189762137       0.64886733103308758       0.74280403475518364       0.77607136635344631       0.56229286975108450     
  0.65858231697919267       0.68082493335468408       0.70453368545797690       0.53453732024721479       0.65812932933477575       0.57760474043227605       0.51708552051670964       0.59757770815910705       0.61191836830254553       0.65082164033943413     
  0.79104622249804524       0.47998029782504975       0.67783927028079716       0.29807759883277035       0.60042158949090263       0.99805686096614576       0.65505927466515024       0.75372813355548329       0.79062571796973202       0.58586745032392729     
  0.62346752922797721       0.78082757495172350       0.59290314269095101       0.61164099366296443       0.66219165868655150       0.57620122437472332       0.50637938874448996       0.56196029059834851       0.59547834777139741       0.72258474769536707     
  0.79886770376487659       0.50215267402166230       0.69276181094068534       0.30834069333632175       0.61661146317255233       0.99819660068008864       0.66135033748020144       0.76418041235902423       0.80288700317732853       0.60797953199590338     
  0.54157107432774121       0.68448198863806575       0.59673009354101825       0.53274039818166241       0.61467059988412498       0.67645842539021184       0.50086747623560390       0.70046960951370418       0.65252086678514221       0.65275480409300857     
  0.80570589128689296       0.52434419043474378       0.70835858753506598       0.31990332089966056       0.63480801857920077       0.99832330822445137       0.66930836985709485       0.77524430583537829       0.81453467224992582       0.62836856623687798     
  0.58250147712140943       0.55029421538813583       0.59321500790141213       0.56589233763873259       0.60740396908399652       0.72572690702811160       0.56734187840154016       0.57559466358228972       0.61434968366995091       0.81048652339450777     
  0.81191336916966972       0.54559909178531529       0.72409407047309937       0.33212158087056176       0.64923879128289619       0.99842340076865121       0.67793019086824724       0.78678218316253357       0.82610820452429767       0.64850060730061920     
  0.56235888492535513       0.62856035348900108       0.56843866651098551       0.67826388832777773       0.64359014757575650       0.74658212200832497       0.57357266510870308       0.57430208098862912       0.61379666248760989       0.68670661436715774     
  0.81717699623051254       0.56697229520607895       0.73874763200504834       0.34594296463410817       0.66199120373619802       0.99852133241257490       0.68640597115049351       0.79842063361749260       0.83647648962219268       0.66739678364551336     
  0.51610715146607866       0.59884267362007060       0.49768664340836655       0.53928370989012164       0.49737802357048516       0.62571499838332145       0.62463377430334766       0.69681114878756256       0.59506627839099424       0.66857464400605326     
  0.82155004876603699       0.58936381016567818       0.75123913109749718       0.36009187511241525       0.67426790156887961       0.99861311308294198       0.69523401438421539       0.81022555312052080       0.84693439603184317       0.68284204115278835     
  0.52267751853922140       0.69517339214411811       0.58005659021352840       0.71449777302279549       0.54552294471210450       0.59905442137464537       0.66207992012205308       0.70342835077092480       0.57534564602335470       0.49902219526417579     
  0.82538543060595071       0.61224338506274045       0.76447432742893418       0.37331532139763385       0.68691152680615164       0.99870055785413625       0.70405367309328359       0.82232957539120088       0.85610225826487163       0.70056911642760011     
  0.53666355980500036       0.84308924791260886       0.63308191664026225       0.57514417205055546       0.57344269671777515       0.57074920114979699       0.61607536119007877       0.55698959654936797       0.67807810673727731       0.58329741943206925     
  0.82917177968991107       0.63517526289585280       0.77859478841793217       0.38908001376053042       0.70217386467515608       0.99878277659227677       0.71199798361702693       0.83432366627181298       0.86621573649148520       0.71667843300445322     
  0.48117362291406390       0.71467658240700904       0.59221182101585146       0.61693119655576545       0.56765485073185085       0.56283621245623650       0.50452422707808064       0.62014735123538545       0.59551432044990604       0.57499683185901640     
  0.83335427262562034       0.65896541356488048       0.78766768463548953       0.40487229875467412       0.71824587601786993       0.99886273211195531       0.72040083554703305       0.84526036602824017       0.87590346603475899       0.73185073454695626     
  0.54114629815258930       0.61378559620887496       0.48437835302853866       0.72551812124526238       0.64426922350591509       0.67835326458598577       0.68676865129458331       0.68097445305721971       0.56185537993808743       0.55020774874742107     
  0.83920795255232672       0.68440093107152711       0.79709276645528715       0.42247219566475569       0.73383848687538822       0.99894114780004406       0.72890178654859772       0.85624526208294038       0.88489183671994620       0.74776785410055380     
  0.58129285623461657       0.77511062530595387       0.50777676027656460       0.65375360993529485       0.57604040468182027       0.62669059070943922       0.61628998540820834       0.62862731483988066       0.60586228876252124       0.68381638400559785     
  0.84812997621759867       0.71010480343309879       0.80580299486956086       0.44232022515624686       0.74971460010570468       0.99901564539934462       0.73770868623534092       0.86588978128110927       0.89309744014538106       0.76530484019575140     
  0.67874058329759790       0.67308327227567033       0.50492756235568637       0.75550119223287360       0.72949936170298946       0.61373340155914480       0.56535590373627698       0.80138199424539347       0.70995488349152169       0.58411397722063008     
  0.85658218036761802       0.73501178572839743       0.81516411028739855       0.46093611055050737       0.76521137245025550       0.99909088969505455       0.74632493475052564       0.87473091846260276       0.90087359511402065       0.78484941241915507     
  0.63783097322632709       0.70425714490937374       0.46732587971559630       0.67712825702017609       0.62342563864473222       0.71242684978165816       0.67178667916659462       0.63133765993494162       0.50275896566192491       0.69695670843380075     
  0.86353215694720120       0.76059424904510176       0.82485107461414953       0.47756479873231950       0.78122782906148247       0.99916628386897011       0.75439517982501003       0.88369228946821177       0.90881179035763049       0.80476405599267820     
  0.61106437206400077       0.60673058805706692       0.47208698733633031       0.56619338667404029       0.60726524507120838       0.61433154407651469       0.56169894830089262       0.56984671139258869       0.59502032375885960       0.64139129354313174     
  0.86965148672067494       0.78431959516779126       0.83608700830143057       0.49459960789383944       0.79828469019444459       0.99924151434064235       0.76304806335832809       0.89348616559095584       0.91761831685586792       0.82275707796583830     
  0.59046297423797023       0.57415659199502977       0.50604250121570471       0.60055704974236834       0.57652794369411275       0.72748670920605851       0.61323240749039398       0.55199102505301056       0.61448024325419637       0.61409348416743792     
  0.87615629875420797       0.80576580892340144       0.84813621640433734       0.51359958216859325       0.81569289028238035       0.99931603964691507       0.77184357347860222       0.90377240144512117       0.92576301878621570       0.84133722715939840     
  0.64817924110019642       0.55819716174105138       0.60484936754344165       0.61664019519363134       0.74740741455032156       0.78392797706009743       0.55235041093382398       0.68143656446138257       0.63504166955976205       0.58595681037011715     
  0.88322775757851357       0.82761146070294433       0.86059542895868824       0.53468807594790357       0.83268885207086152       0.99938829423019793       0.78091574199691549       0.91437844738500873       0.93335948275371960       0.86224339389811056     
  0.66081238677313847       0.58590901395976902       0.54371280994636928       0.54370133492307404       0.66175079462985187       0.74421520179745737       0.60650762349651166       0.65218085099329526       0.57346472280915695       0.79055073814301879     
  0.89152565930414951       0.84899451244592761       0.87152985983636944       0.55703548386073942       0.84891901983596019       0.99945686355835195       0.78898454320597666       0.92509052477670750       0.94108327427552263       0.88227295812245732     
  0.61326210745784815       0.51414802528037518       0.54899326702993256       0.51155536872425134       0.63613858518349076       0.75853629143300805       0.55411431743805073       0.56520246745764757       0.53542201976659165       0.68184548616000384     
  0.90067331107280890       0.86706697675382083       0.88211816623792949       0.58109749566388746       0.86494895856440979       0.99952358449602441       0.80013656249434661       0.93583266709573121       0.94869806444686433       0.89706709024300957     
  0.64419076728731972       0.59679809085288638       0.49277049663088029       0.59493210297981280       0.52609556350330045       0.76339517232463161       0.52513350604441877       0.60349917189800517       0.52349741937114014       0.59887129652190974     
  0.91011919139791886       0.87788428794091744       0.89176924604304042       0.60759370482574127       0.88462052081728071       0.99959072910082047       0.81124654148345987       0.94723105958115705       0.95632717025721781       0.90980555549541975     
  0.81948652087282081       0.56236222554851611       0.46818603829296901       0.54241657982463320       0.61116372064359337       0.82400839001108384       0.64852990935795130       0.70000786776448665       0.50344049456794593       0.59842929448394966     
  0.91964195810020932       0.89081803901291068       0.91320681642419821       0.63315005384213752       0.90373537704315288       0.99965093915964487       0.82503022087814792       0.95685611621034472       0.96418919887931887       0.92124727267374518     
  0.92956808262585944       0.52471296944143031       0.56318103797816499       0.57534564602335470       0.67944891429528698       0.73245295662454069       0.59305454706233618       0.70060398311978322       0.60711091213974211       0.51979044668422025     
  0.92759101214493400       0.90653084625613145       0.93457789130779134       0.66538841332795284       0.92386474676799402       0.99971479463630919       0.84144373566515329       0.96346552505443628       0.97199124504577994       0.93388803840226520     
  0.65096049335039619       0.54708177161909877       0.78362945280312324       0.56869813107406930       0.58509242923490723       0.84895620832966145       0.70691866539472026       0.56719349050394963       0.52445885285701122       0.57143680396654606     
  0.94281479485887010       0.92390777544409020       0.95127120896574968       0.71832143301656415       0.94474920544155550       0.99978294373896670       0.85978401352692246       0.97035981103657321       0.97925125793359336       0.94994657729165333     
  0.90967468220769199       0.49338622558778533       0.68049320452816864       0.53726343297573942       0.73643441372538276       0.80142759424307197       0.76027381383317838       0.54476397634159268       0.60672958303428737       0.57913965306889625     
  0.96128111308316944       0.94231573809402969       0.96835854460030313       0.77072431040127454       0.96429945620600399       0.99985424231210129       0.87863404050746252       0.97740193505523520       0.98642051517336848       0.96631258479538673     
  0.82994114182135692       0.56823009903610100       0.61170447428225505       0.50051501365376283       0.76371431286208835       0.90866388979777080       0.57485212186831924       0.47164918296112346       0.57897413102183648       0.53158536620878416     
  0.98070829331595033       0.96995503097337799       0.98431283446680384       0.87312943276727106       0.98211594168658745       0.99992863868782056       0.92918616621312855       0.98932478863625783       0.99339097699565249       0.98212231645096026     
  0.84097405315589779       0.69837194670968838       0.59512214692681842       0.65647812424449925       0.62576705968145907       0.79168357736516404       0.59893642536596192       0.60692957578110251       0.55384095770539077       0.61288323212053275     
   1.0000000000000000        1.0000000000000000        1.0000000000000000        1.0000000000000000        1.0000000000000000        1.0000000000000000        1.0000000000000000        1.0000000000000000        1.0000000000000000        1.0000000000000000     
  0.61711262628944308       0.69199089563817695       0.61022451769875863       0.54251458675719211       0.58059551679171129       0.53681646927684767       0.46732587971559630       0.64026956726411111       0.55881670669698913       0.61128128294569073     
   11.823742236278731        15.338474083133741        12.351473295190367        19.940157840039035        9.9148188168336837        5.5668086088881177        7.0761990043633682        6.7560222312085685        9.8674542611427629        7.1209159709254690     
   6.6406011978184338        1.4349197013334523        8.0819181540857148        10.538313361875286        8.4904633606581719        5.0792425214255648        5.8900417672535612        8.8411276071158245        7.3327571382425631        12.264728604252173     
   6.7503762721119358        5.9067010391992358        9.2285336314797846        5.9006445753800563        15.059275586988260        5.0180485313187901        8.5995194845868266        2.7569402362909887        13.837208058105738        8.5389266706924243     
   6.2074824129462947        7.2382593424415616        8.1344272665012252        6.4551731747971477        9.1027895802714021        4.6394794402053208        6.5368001408925851        8.9199876414186949        5.5005910949633758        10.483815520638542     
   9.9130529075292699        9.0550024559540585        6.8910654144251984       -1.7452660559619189        9.2003486517317263        4.7824262883556043        14.492033604385304        15.016245609169586        10.426231316555041        7.2282486443974561     
   2.6322000000886390        6.9620374372072265        9.0532938600487682        6.2769401607776478      -0.32084609642038414        4.5981112915520512       0.28819965252649338        7.4780100505328324        8.8439156685315528        9.1127195289299561     
   14.681046190364889        9.3813272786135329        12.620730628262235        7.8330503975414407        6.7772670591771282        5.2635190502747067        9.0931665716229322        7.5820467277213277       0.15292541597674914        7.7646250300779043     
   6.2972137939206645        7.7749698569528567        7.9709619826767257        5.9593023310191171        8.0134632342754291        15.034355954913250        9.1827001563464705        6.9277709851560836        10.118600735174569        10.602578594691694     
   2.3992339082402027E-004
           1           1           1           1           1           1           1           1           1           1
   5.0241356764840555E-004   4.6067078520659521E-004   2.4696388846467402E-007   8.7141113140575257        1.3546993444298443E-006   2.0153484825044654E-008
   7.6082314683118026E-006   7.4837892118748861E-006   1.1910002684452032E-007  0.26186068490405034        1.1898417922280106E-007   2.5822490516812065E-009
   5.0000000000000001E-003   7.2775826593584796     
