   0.0000000000000000        0.0000000000000000        0.0000000000000000        0.0000000000000000        0.0000000000000000        0.0000000000000000        0.0000000000000000        0.0000000000000000        0.0000000000000000        0.0000000000000000        0.0000000000000000        0.0000000000000000        0.0000000000000000     
   1.6496285663631757E-002  0.23582153444546575        2.4667545703556501E-003   3.5875373849287184E-002   1.3082826710102198E-002   1.4540649783536624E-002   1.6546169101742652E-002   1.4229995323472033E-002  0.27519682304636905       0.11785564629769640        6.4159849490415727E-002   2.2588814034574113E-002   1.2181880961090586E-002
   1.0900088892313633        1.0141850703438908        1.9063639214716799       0.96459717355550378       0.98445179877767386        1.3579763880344309       0.98587830520272024        1.0958364444285487       0.82799779736937196       0.83241146214142803       0.96460073463720575       0.92566969012871314        1.0875083190455657     
   3.2919173107093545E-002  0.37268051790309170        4.9852371407320753E-003   7.2018581489664779E-002   2.6198347256202011E-002   2.9003524341307332E-002   3.2659741929622274E-002   2.8400928151233212E-002  0.48519038387975461       0.19651135704345629       0.11628200538407135        4.5298010536182404E-002   2.4109399096834579E-002
  0.99048519978667871        1.2074908695750834        1.4099720751073490       0.87730601415975029       0.85107772714359919        1.2571579447701497        1.2151604965581952       0.98446970290282110        1.6303936590336054        1.0151553072360924        1.0570901066415268        1.0924325778622577        1.0924920973429895     
   5.0323056506386889E-002  0.43960789255819382        7.6096773295660364E-003  0.10242738332469629        4.1799980887896500E-002   4.3664862061545962E-002   4.7566289425059971E-002   4.4557567880235766E-002  0.51687133047292277       0.23158773693563062       0.15406661906390054        6.8960272369753189E-002   3.7245102117725616E-002
   1.0915183621859990        1.1449280005831786        1.3872472985333026        1.0460268475553540        1.0077480716277194        1.2352683763440293       0.97359379741686258        1.0416020076478600       0.99228273152942925        1.0962766529884411        1.0865032256668474        1.1303377780236910        1.0090591752390718     
   6.7841135775701597E-002  0.48259386012660660        1.0277081624068872E-002  0.13290268374697903        5.6798211190705397E-002   5.8557189787338558E-002   6.2532867593118102E-002   6.1616304707499354E-002  0.54616082208031991       0.25987247031562338       0.18288653428222371        9.0509885938290097E-002   5.0358357682679510E-002
   1.1352663187792709        1.0353021487439553        1.0538174673899472       0.95713832660706133       0.94397047874151274        1.1972760363069042        1.1837591941850059        1.1498698985350562        1.0222924038006993        1.0315677951380782        1.1838576522791200        1.4312435471610163        1.0041263551405071     
   8.3837109354811798E-002  0.52315139276996647        1.2985093367961442E-002  0.16301535261583822        7.1229654871843143E-002   7.2361743318962016E-002   7.8888341205095164E-002   7.6955624433505704E-002  0.57074184359000324       0.27943964666544796       0.20546753487808542       0.11068109669677206        6.2404706232031218E-002
   1.0321573855512660        1.2078104580066751        1.2932855854037277       0.99550264186415394       0.96015178287528247        1.3421136932427489       0.94584128294623437       0.96315685361491854        1.1211968222745414        1.0580794595034635        1.1215100342133966        1.4542174956625689        1.0655129027895005     
  0.10010078396436356       0.54960733743148549        1.5934932289858764E-002  0.19194890165607642        8.5479738582088072E-002   8.4854843541868466E-002   9.6425158937564592E-002   9.1568841621443325E-002  0.59081426570419537       0.29694550222084892       0.22362095690675585       0.13070060278892792        7.4362507724585483E-002
   1.3798311949983775       0.99531854939298881        1.1293985461375675       0.98176700827794694        1.1552877085322379        1.1113489258887197        1.0219121907436695        1.0094912268483893        1.0141894605419788        1.2116976789249418        1.1935290945955741        1.1826494263926961       0.96927519476057367     
  0.11499997788681995       0.57480355392583615        1.8984722143872312E-002  0.21845717174930562        9.9064832346132475E-002   9.8459823232589699E-002  0.11238058610790468       0.10652824312512180       0.60919956589188429       0.31051702492695255       0.23846528320136928       0.14999257959470952        8.8249316738307243E-002
   1.1327516860361337       0.99779438996689029        1.2220087181335151       0.95137424474486976       0.97523821228136331        1.1338209896066977        1.1275139715238360       0.99971564497844922       0.84338523605851834        1.0591307904978498        1.0238221435012429        1.3882093882031283        1.0808956782188723     
  0.13045011661552947       0.59755577720569419        2.2623481629071254E-002  0.24385524595564187       0.11300891919690619       0.11241378748335648       0.12782075111326188       0.12201833567832303       0.62475455833784710       0.32317465423873321       0.25193715746232148       0.17025541337055466       0.10249601807460221     
   1.0978393404693563       0.97029932870975177        1.1837529917757643        1.0105960930620981       0.90246957434013819        1.1204936499471272        1.0343823106077656        1.1213388345922879        1.0329245300151755        1.0276251635188278        1.1648327969288503        1.1155817075023469       0.92363821270985469     
  0.14336602370005880       0.61819522825489459        2.6397647872316604E-002  0.26717934389860881       0.12756567476083602       0.12607807997519127       0.14338451061237037       0.13693836325125650       0.63961618234393447       0.33284090535261285       0.26399235283186445       0.18860981415308731       0.11933266178642171     
   1.0764810619336960       0.96486606357369353        1.1750752974276795        1.0995663661418726        1.0268515189785810        1.0222384026750972        1.1393707062355689        1.1079629932698036       0.94835131617132495       0.95604667100751772        1.0287701833386418        1.2600784161253955        1.1287837018468447     
  0.15634007382936971       0.63719923232984688        3.0231407123830944E-002  0.29049823765368066       0.14258904807239559       0.13976368468570308       0.15936249686081852       0.15156478502669227       0.65332444064817685       0.34264273152496738       0.27606970480406506       0.20667332542224282       0.13594481740925993     
   1.0953748610136618        1.0595118310708158        1.1578463149558071        1.2405326664690655        1.0673444983102900        1.0702265455763260        1.0497724169054345       0.95554453239983506        1.0567967248010379        1.0061436690131520        1.2741775551745211        1.2695355352075284        1.0628578378872644     
  0.17139740349378310       0.65440458652501343        3.4163847960160108E-002  0.31211789549360697       0.15854624529541192       0.15322788698409304       0.17639120547325432       0.16764174779953978       0.66665638376020153       0.35185014754586008       0.28807249816880931       0.22322335403457402       0.15338015294873314     
  0.94818891354066936       0.92117361171198719        1.1639100801111506        1.0848946602845537        1.0584619425303279        1.2519950569340701        1.1078841789254095        1.0098853059075665        1.0421598344112404        1.0870950860504980        1.0521669331125982        1.0559339225204365       0.93340879361189533     
  0.18624150753356453       0.67108522450098074        3.8455714701286135E-002  0.33381040374537957       0.17502580622262229       0.16552853929499101       0.19369085790508636       0.18365105524569961       0.67716291648493443       0.36216663304406427       0.29968484975618226       0.24052677680753481       0.17050435756337307     
   1.0036928546291686       0.87514499321025918        1.1241222098362897        1.0616574029660302        1.1900371388674722        1.0265494039115193        1.1084246594598732       0.93175950905720117       0.87321566364883330        1.0626663899812439        1.0557088443580904        1.0913436789961959       0.98600080731329698     
  0.20155197769240862       0.68754167174694480        4.3177432659259093E-002  0.35604465518466705       0.19178362369533930       0.17839683565224970       0.20776115843023737       0.19875893094722161       0.68759665381928459       0.37418349439571474       0.31065438679738577       0.25462298901323460       0.18805737764863653     
   1.0202073879662223        1.0468332564717060        1.0720012998117534        1.0725891301031321       0.97940116503815311        1.0229512923391904       0.94151252972631949       0.99123275770744679       0.93554515921149095        1.0264609868313908        1.0218569310597558       0.98686328466398632       0.95597611173330621     
  0.21646749218576025       0.70432831803499796        4.7999938647186872E-002  0.37738675181952186       0.20819962494854244       0.19090174561493556       0.22042970245385085       0.21373281217815113       0.69683567887194109       0.38545394155166246       0.32232533181999207       0.26835971194808461       0.20523896485822321     
   1.1100624036718010        1.3079590528842828        1.0826434059051464        1.1052207263617793       0.95912494126977010        1.0759163844660722       0.97302559115678000        1.0627019542040648        1.0264253852556657        1.0411306572617383        1.1547992434635399        1.0331058516646925        1.0973568607056059     
  0.23218918451035034       0.71874258505219446        5.3384654763316643E-002  0.39731382614155231       0.22328751072872097       0.20386021702832413       0.23329322370720118       0.22922350146030346       0.70605502992462621       0.39582243505964271       0.33517664338083325       0.28337179409280583       0.22301585804076390     
  0.94941234788066065       0.95392768963467178        1.0739223488352223        1.1039544343100267        1.0186129352350450        1.0796256751927931       0.92805014394969199       0.98622653906104663       0.95469550265918401        1.0598167476373170        1.1255739086184342       0.97103459543421733       0.99163618938350284     
  0.24738447270204506       0.73321726096689910        5.8729619752561989E-002  0.41716417240660386       0.23846968004748145       0.21796806545517253       0.24580253186138232       0.24467157654691177       0.71507906838752100       0.40615067514069780       0.34802778880062485       0.29828433218336331       0.24079865492687688     
   1.1502201618937278       0.91024611986767501        1.2458750214583811        1.0001026902772086        1.0717542448786357        1.0076789915226823       0.98375515641932887        1.1397013737228106       0.92031264604821383        1.2804935827928110        1.1667362722892498        1.0675783327751249        1.0327334610267227     
  0.26242942216553283       0.74429646347334144        6.5044118090171854E-002  0.43277981452249470       0.25603286617354298       0.23192249289173805       0.25791594574616877       0.26270118491499650       0.72407290534991253       0.41507242196088351       0.36085700158938067       0.31403109783108285       0.25844083132927687     
   1.1613745167883585       0.91476432620621551        1.0753007453633840        1.0609327215240696        1.3196360780562468        1.1018319653060580       0.91293585563741575       0.98262223688559536       0.98032694707700252        1.0266780190935816       0.98599466607778341        1.1139844606630835       0.99192188969574890     
  0.27745091646529330       0.75552309988524646        7.1499074489103462E-002  0.44873722614331424       0.27328739521328371       0.24722752824282615       0.27002374158161535       0.28041596146641523       0.73311959007412875       0.42417354564957827       0.37330786210774042       0.32879646392661777       0.27579668635088511     
  0.98687614116011790       0.95008724348573947        1.0183921147693127        1.0072189665991600        1.2058367147103213        1.0195504883396227       0.92642204114706916        1.0101833966921256       0.94778428989406083        1.0954594258731318        1.1110144071936030        1.0692646201635447        1.0544926911566068     
  0.29410196832146507       0.76499968540243468        7.8179200345762465E-002  0.46550052285452964       0.29020049025658251       0.26247898398012348       0.28341772927825232       0.29738777520511062       0.74196521623304879       0.43188896841699825       0.38475089925546574       0.34482779673474223       0.29277783953620451     
  0.92970066037244481       0.90060510230797186        1.0245966938718611        1.1505510886641495        1.0778844755725878        1.1704703264375727       0.99809498862358759        1.0645385100407585        1.0606521153290323        1.0017451919977234       0.98859504875116311        1.1417975308114028        1.0936518984012984     
  0.31058554764497215       0.77452211060775289        8.4806666651668763E-002  0.48305533013228430       0.30716101084198910       0.27843708868705169       0.29693683164232115       0.31434882893519650       0.74920763848333238       0.43953188558374739       0.39615847738512416       0.36091587685153770       0.30955551918335000     
  0.97812403733386499        1.0926330149496568       0.96082707849899396        1.0891727976707379        1.0683859001783755       0.95402624705430739        1.0062772901832198        1.1287935930904085       0.94606964937748383       0.92600933138598918       0.99784065841469416        1.0721818851075748        1.0221835830627555     
  0.32870902131033836       0.78426652380835638        9.1595296527043027E-002  0.49782037680525854       0.32431496895633982       0.29456474565403823       0.31047408825292394       0.32879942911935633       0.75636392911741979       0.44786773060818785       0.40785338044086139       0.37744070547901221       0.32723829342848942     
  0.96197481977344845        1.0922022224104517        1.0105729061798399       0.97411038517301740        1.1375181707012363        1.1526851754862286       0.95712906143187226       0.92176382260802225        1.0313370954581667        1.0428554637660905        1.0607718683885259        1.0275874712129216       0.92952864092094500     
  0.34652923562674137       0.79391064793917043        9.8589359194949072E-002  0.51201215054299798       0.34138012034552784       0.31001025281270123       0.32378495492943926       0.34312082942967170       0.76285561466827823       0.45634512623896045       0.41933729818729309       0.39432808795773372       0.34556402222345695     
   1.1741261594890193        1.1284387694175515       0.97548267703908320        1.0690087272710913        1.1396431496572930       0.95522947507341183       0.94264019541469801       0.97168505019226825        1.0315088793541247        1.2357487226796662       0.98483152605534485        1.0663066924162856        1.1263016513787076     
  0.36298130937321316       0.80313218687608723       0.10573265717614617       0.52644373782366682       0.35746761208291578       0.32552996095874276       0.33760134055655866       0.35966708200973463       0.76921644435743641       0.46524653832324064       0.43233713745679475       0.41126139534117512       0.36370539967116500     
   1.1286390988918249       0.94772782534609923       0.96729903974239106        1.0371670002956941        1.0648887653153980        1.1055714192840522        1.0008331799174985        1.0407495915177540       0.98898717980653916        1.1151757005574032       0.95005011297566822        1.1971011351136285        1.0876527547342594     
  0.37929979804796354       0.81220020216308852       0.11300199837573947       0.54049360287025650       0.37322278496586370       0.34113257275414621       0.35179256921927821       0.37594688895063560       0.77540244795212654       0.47417900441393401       0.44523531653074128       0.42808279327475185       0.38141834504029321     
  0.96288952195411093        1.0899287617016724       0.91857875597082417        1.1862906156302064       0.94135730555657571        1.0697337275732066        1.0001842070301323       0.93617643659220418       0.96235411209249799        1.0426544890446552       0.98560568519388436        1.2226398449446185        1.0138612420725066     
  0.39563054988338725       0.82038575204159370       0.12105373007297568       0.55321992396045050       0.38731195302926552       0.35688936844924474       0.36670624820251396       0.39297930633922457       0.78159598215067849       0.48231746512551515       0.45879670114422932       0.44457468469296230       0.39813481277157486     
   1.0783148187972782        1.0174578186923517        1.2083217980971570       0.94455485349998192       0.92934583812251037        1.0462764709787262        1.0888839623753483        1.1137534604666526        1.0755651965831527        1.0092835399545863        1.0911919509699202        1.0626843870849014        1.1122624284971865     
  0.41243302517671226       0.82858721157908943       0.12967530443231423       0.56651557710474565       0.40174486828804090       0.37331532815256935       0.38163374520233118       0.40966734239428948       0.78793889201022138       0.48997861333803355       0.47299572429066067       0.46071694896616477       0.41413734738536384     
   1.0025835258174149        1.2393754352223787        1.0349559479600290        1.1334116515273731        1.0812042781961981        1.2037690363014775       0.97312101118636041       0.99399464673370430       0.96213596880061492       0.90277214663263761        1.1477506812646414        1.0822150947588793        1.0461859177349357     
  0.42892086339781010       0.83585035691496390       0.13847931554190576       0.57886835190020247       0.41733895998828191       0.38977904963799326       0.39731925418695974       0.42552350417775181       0.79408247777265406       0.49759565382326792       0.48673531666909542       0.47660459742196837       0.42963342418809863     
   1.1455157816201722       0.95447203704058714       0.96131722055701863        1.0532243162422523        1.1141374893622007        1.1188687376428943        1.0379347477415277        1.2129451279573513       0.91797733135121717        1.1080736823058057        1.0066880143040668        1.0820790392340820        1.0804094411871805     
  0.44530740049322159       0.84336915115261735       0.14735844944092580       0.59154828115766767       0.43280439632762274       0.40486622882081313       0.41310330821455704       0.44115520056484903       0.80000129473092285       0.50523357006493119       0.50026612215871769       0.49214403966687881       0.44507135203730253     
  0.99935877368413406        1.0772318698460932        1.0790147705422417        1.0548505745150010        1.0362224966933344       0.92590450821690196        1.1123818607465421        1.0169346610241450       0.90027330880554335        1.0835310124315554       0.90453965657354374        1.1586471480848377        1.0138954680923635     
  0.46182200240470511       0.85057810322570382       0.15669338833618898       0.60497194768910423       0.44755787834013649       0.42029392243883956       0.42849913249147686       0.45650004073894557       0.80580372858435090       0.51260651749285413       0.51377240779055933       0.50787199942800854       0.46074929704226425     
   1.0679553790426284        1.0639751264970208        1.0142711343080744       0.94124744680071226        1.1450103095407655       0.97275862993292050        1.2001188360339259        1.1517812297415737       0.94519561176876377        1.0998883430900925        1.0112386233146082       0.97685234381561714       0.88161216558363553     
  0.47863413482161909       0.85767356922788673       0.16657380977303077       0.61793297355390109       0.46238546395077657       0.43523712302986728       0.44336823571581807       0.47195162520583528       0.81148850828641705       0.51955917247799743       0.52772592952352737       0.52240174255161920       0.47615828471690830     
  0.91991399673409524        1.0296375689969304       0.93536946616559036        1.1850250131141782        1.1477239006549194        1.0584708531207665        1.0713754017434962        1.0317765139290014       0.92372177396204125        1.0515353088298647        1.1453647248380037        1.1266432530726529        1.1944100291450315     
  0.49463182393965499       0.86462066810116689       0.17738972602476413       0.62979246529409927       0.47780241679921964       0.45049416673187120       0.45967448247591658       0.48782658209660273       0.81711260683397646       0.52645359284247040       0.54188117913238476       0.53656973785320505       0.49284661356496490     
   1.1267075601102223        1.0051650574556898       0.98706967610153429       0.93158692723422343       0.98466197826132429        1.0202423994849494        1.0935261115171666        1.1194673948296494       0.94790480987447634        1.0291723455940007        1.0762131689695125       0.95380207920759286        1.1217499902923138     
  0.51043544369413585       0.87147321243245301       0.18852725130399045       0.64111327478606239       0.49240006208587461       0.46623988430072505       0.47574616894386473       0.50373232315212246       0.82240173783005199       0.53310853196876284       0.55581225334609496       0.55017045735295256       0.51026492402715329     
   1.2640833334798938       0.98147766128349867        1.0023014295377344       0.97281488243023695        1.0194509400348355        1.1527824607524650        1.1732915699970867        1.0368282609234871        1.0207185139712611        1.0296618129106112        1.1077062966505020        1.0707948944618151        1.0875590889051590     
  0.52557295061528109       0.87774304733840858       0.19992430344607118       0.65170037506223744       0.50548101174493087       0.48185184215984367       0.49229837702521195       0.51885621892653422       0.82762679511535220       0.53998436771048797       0.57095498827961322       0.56412389001182306       0.52771194736411531     
   1.1311351022993759        1.0369845204926698       0.92117361171198719        1.0447893952000722       0.99174079357679634        1.0220934638110424        1.0944378240169816       0.95688778326886292        1.0199648070488954        1.0666418385769540       0.96660221016414394        1.0054506076815890        1.0471381005266580     
  0.54074109720181862       0.88389425899484853       0.21174821665735330       0.66235819515845684       0.51885821955125577       0.49738745609066409       0.50855671118928425       0.53431428745329457       0.83295884696855482       0.54712716570682840       0.58709812713729836       0.57824455098362115       0.54560592713328759     
  0.94561739752986407        1.1052593298767686        1.1198478157928422       0.94079010121376772       0.94314799779835978        1.0552933901094672        1.2261177652900430        1.0562932053681451       0.98711499074755016        1.1151206584594091        1.0134696515810417       0.90083667754047769        1.0184642971317170     
  0.55719906983475476       0.88978540750169999       0.22492236466680865       0.67414372924678478       0.53345222714975238       0.51349717444162024       0.52390037726385341       0.54896256564163437       0.83819651081562130       0.55425296192883466       0.60264679384377839       0.59168910083217696       0.56216093887044982     
  0.98602917092101316        1.0133830891274782        1.0747269434091065        1.1408944993311951        1.1673055477614345       0.84790087460073493        1.0327440247716340       0.97134395104635696        1.0401284942428275        1.1599099884614019       0.91420288583774845       0.95967829116017067        1.0229733582002927     
  0.57280548427953670       0.89557230095072904       0.23840631984229221       0.68576457537462809       0.54780731322565501       0.53131429955832199       0.53933584505075605       0.56453884836688717       0.84324931389543079       0.56159099624020348       0.61771020879376182       0.60429082413951851       0.57727344187575103     
   1.0915113850058464        1.0694152598748632        1.1251876644525962       0.99833087068630044        1.0801188475586216       0.98479438515748829       0.91765230966292910       0.99556871718467821        1.0407764246654170        1.2157228999559637        1.1291842509885945        1.0749651343266631        1.0197230907021073     
  0.58821036790005266       0.90126302024121219       0.25383745983162381       0.69794510945542088       0.56083309094942324       0.54900714130677142       0.55756306875255757       0.58006350952761021       0.84831023849179021       0.56893148251405834       0.63355861817830117       0.61662434746641992       0.59124635293571937     
   1.0412612637584238       0.98630930252594140        1.1457217805976738        1.0112474074548743       0.91577215901092812        1.0377276356282028        1.0565940477239997        1.1492999898122864        1.0248346379790692        1.1304641185168474        1.0476312845751348       0.95552812315260838        1.1719964069030706     
  0.60305244075905340       0.90704330872142236       0.26884935975687957       0.71000462247023199       0.57514828707219101       0.56545830647745077       0.57471355739729035       0.59517694967819779       0.85314925785793638       0.57614654979841518       0.64997041530214461       0.62927249083776049       0.60464717450923144     
   1.0205828906120691       0.99640248770719464       0.97604186467584708        1.0275387139635874       0.95278807989636349        1.0390373284811749        1.0229116362639159        1.0315128816028365       0.95349084309484045        1.1051866586396255        1.1413947683086667       0.94346939929979701        1.0272968587657036     
  0.61843387303559394       0.91204719704799031       0.28508900038543344       0.72228755154221025       0.59099649120463205       0.58212178463936060       0.59073951197334240       0.60968157965528369       0.85807780016141866       0.58314109031803396       0.66629413760452594       0.64202707755232780       0.61977056910951911     
   1.2247750764067473        1.2401303599479812        1.0613987614685763        1.0554644231812607       0.98123408120737110        1.0110760421404024        1.1152529786262559       0.89016356518394346        1.0180173554251486        1.0142384920401994       0.92075743390787823        1.1481649963230396        1.0712138613473510     
  0.63384647345903622       0.91645819101511927       0.30160534949263895       0.73499119105846777       0.60692340924677168       0.59847187371038435       0.60679009604101497       0.62383937926074207       0.86296464243306270       0.58971438216587191       0.68282208967115354       0.65507060293278430       0.63664996100307680     
   1.1996704102886102       0.97363838788448875       0.82799779736937196        1.0410135408611894       0.95636717986944286       0.88414031821322359        1.0843536929434363        1.1491161436059643        1.1098166034060022       0.96990461024140429       0.95018265638025623        1.1355789854218152        1.0403607590524131     
  0.64732482526505586       0.92129562664639697       0.32004567499257852       0.74821658830189430       0.62255372646582585       0.61498002620594039       0.62255152116453583       0.63766086766623731       0.86792021469343339       0.59632124176611945       0.69895189560662518       0.66800841692744417       0.65372635182147920     
   1.0010655425223740       0.92823531981617269        1.0478068193360732        1.1222613576516569        1.0701127132043269       0.86113280815731308        1.1420173540687057        1.0935553967990923       0.97730936734139040       0.96950666113957062        1.0470916273292392       0.94471698560032769        1.0546914458071623     
  0.66135418224858122       0.92635484289395609       0.33868635837162192       0.76123887508000698       0.63803107908067425       0.63141042594882391       0.63874423053864782       0.65154273880180369       0.87315007006832435       0.60346438472275132       0.71277620759005156       0.68103623034424399       0.67076319401940654     
   1.0398232337216773        1.1218662415986205       0.98858941823706492       0.99665418146398255        1.0254759253687940        1.0745476461019468        1.1052720094659461       0.96147596384075018        1.0196302735823282       0.96298745254627882        1.0444901254174022       0.92793428527851529        1.0379436461834910     
  0.67513700858057091       0.93073440363263138       0.35994753233549975       0.77374621286660838       0.65367499376042060       0.64760926162034427       0.65400009212126953       0.66574784953937904       0.87828958959406345       0.61071180006079084       0.72741827219694954       0.69393088221466048       0.68808733431381053     
  0.99942491131392164       0.96891976361834098       0.98900403458528452        1.2207674913239366        1.1251227815259564       0.95987561063601912       0.94562251625758276       0.91050309668423579        1.2188395946134876       0.97086998839309324        1.0620912310782660        1.1400105967983483        1.0219146822396759     
  0.68914519059437207       0.93469301880487266       0.38164236631670551       0.78639518174632050       0.66945458357882726       0.66302755748788189       0.66910434054792278       0.68073860459988211       0.88313348938176350       0.61825033335266200       0.74388134867333178       0.70852317400042497       0.70554171284908906     
   1.0490825481208628       0.99642772670641810       0.88061497933981048       0.95604508134653632       0.86863436971706731       0.82799779736937196        1.1324824166883432        1.0378977997354408       0.99102097385029309        1.1830710529824555        1.1065974851402958        1.1846089995034701       0.99214257248188664     
  0.70342509407139875       0.93838754905870814       0.40456761841873740       0.79722063967980705       0.68538644864406595       0.67895647008994175       0.68782188637948227       0.69728863342007608       0.88803443023680351       0.62573839970040568       0.76133955020663635       0.72424073698087021       0.71901902245781379     
  0.98089972876578291        1.0195813679539063       0.94887021658067683        1.0264067804477321        1.1196421299089854       0.89940253602084008        1.0599784135033916        1.0469393321311573        1.1254197118504223        1.1988892279480436        1.0251621517568790        1.0246004735349135       0.93471888664852987     
  0.71726421689250075       0.94189964532944703       0.42787397547347333       0.80807388489368959       0.70196738752830845       0.69521704624186287       0.70647436865146507       0.71390171928110169       0.89297058615318248       0.63275740975777883       0.77748226555473710       0.73979552054544551       0.73283286860205421     
   1.0255198306080933       0.90508985544468334        1.0437446050793144        1.1145793328357207        1.0276315508817366       0.99987555719719889        1.0188417355556094        1.2146409000677461        1.1048701983249161       0.95263741523957179        1.1499841742438697       0.87055681443398036        1.0139762050587182     
  0.73168007323983431       0.94552559611584031       0.45393094674763901       0.81845896933609219       0.71955824025630977       0.71142910807358750       0.72289036233633253       0.73070736775987721       0.89803433465418514       0.64027763221608047       0.79391323965872751       0.75509453955979289       0.74689019035040760     
  0.96189995727904332        1.0940438603448635       0.97664546949718423        1.0324810211139768       0.92622147674292277       0.90780105175361547        1.3117677700388670        1.0677484102264021        1.0393327694955539        1.0089606248804910        1.0270273215568033        1.0737586731563558        1.2128293135395614     
  0.74646312840528306       0.94911932735076354       0.47979190504915653       0.82877572266003818       0.73656137069758065       0.72733191528684904       0.73885489637098656       0.74777862811878437       0.90317421705135859       0.64845042573600009       0.80770961911418471       0.76889968376459006       0.76155246856217307     
  0.95640751474689500       0.97161189205600396        1.0528845060963465        1.1177630343601461       0.96769245558468142       0.94062767178997408        1.0204915083752837        1.1583131971904541       0.96249842422603715        1.2118322150257206       0.91027196323739712       0.97254811989907020        1.0416470795131816     
  0.76291956574548780       0.95278588024253752       0.50425969371007839       0.84027817930576743       0.75271399369489245       0.74446333188814362       0.75394208361886894       0.76398850627946768       0.90831119981224251       0.65630278120900598       0.82109958625687107       0.78319071136626173       0.77794450981594332     
   1.0208141711057350        1.0598653175590482       0.89403525384389138        1.4828752248232886       0.99566813826770850        1.0744440072180008       0.98835331173255614       0.97853256132911437        1.0889366550718051       0.93058654154625675       0.93736305086262495        1.0752802607302525        1.0192733475167144     
  0.77935754274161873       0.95652006394809941       0.53155608073051364       0.85216406109328025       0.76900022525065237       0.76221436846922430       0.76896262014515093       0.78029841689637836       0.91322482990595533       0.66395063987007341       0.83405714830207534       0.79821258059327360       0.79352470401099318     
   1.0913821510150226       0.94833985296446854        1.0106608792585077        1.0431424224107468        1.0584236420736530       0.96522472945201088       0.95271659613272519        1.1870518513991486        1.0242632430205560       0.95122189605046770       0.96012920846615446       0.88514047177518129       0.94420844478671284     
  0.79552149422272811       0.96011738501449506       0.56162833348657049       0.86209339606721980       0.78579263101300723       0.77972896056377250       0.78664101872979564       0.79584023788843627       0.91794301501801046       0.67192882475224047       0.84758705127693423       0.81337183384257239       0.80985937640605021     
   1.0214915363205634        1.0336584040132450        1.0329190916520845        1.0210175370025198        1.0937887744808636        1.0684224185508007        1.1241580740474786        1.1296921990836273        1.1202167376249181       0.96203067191098313       0.98590246831817674       0.92495562445195856        1.0951392151074635     
  0.81186033174441496       0.96362232602044195       0.59198008354639209       0.87193149100509748       0.80247871826403661       0.79662763694115224       0.80386056169003017       0.81206548109796084       0.92246347776921955       0.68028791961356505       0.86120620680003024       0.82823517587195261       0.82638467881395328     
  0.98686745783794760        1.0004314859894179       0.97355495508659695        1.0519307422064259        1.0520269188750300       0.96369804653782265        1.0760867842926960        1.0454812689452269        1.2359367269606256        1.1572429403818247        1.0589739659070105       0.96296831722392895       0.90175281559434262     
  0.82725288651166662       0.96712652717570458       0.62274376047687119       0.88248377561284475       0.81829208083399374       0.81401801278727282       0.81930213969208709       0.82644739335299466       0.92682145406058669       0.68867906877702045       0.87439325025587844       0.84256854229824263       0.84283269864191179     
   1.0480962802693250        1.1046484154782921       0.94217858579361624        1.0307038524236394        1.0028714377302752       0.99682682382423193       0.97059220548212044        1.0590571225120915        1.0459654971300052       0.93640168501337906        1.0506801467354252       0.85012656750457083       0.98792043869973578     
  0.84254366590280461       0.97046493660724109       0.65816399318373042       0.89286959214651174       0.83365226847477925       0.83153086879497673       0.83445018057223752       0.84054495243584126       0.93132647227931442       0.69689670533580150       0.88590599987811747       0.85658691051153035       0.85937936868630471     
  0.96234049528957799       0.97914337359102099        1.0240238091522424        1.1148338512819564       0.95144010702071313        1.0835983756477812       0.88608343443708670       0.99758894854259828        1.0165017197921258       0.96890923194937750       0.99765053359251343       0.89056486906814214       0.88629149631475568     
  0.85764248048383362       0.97376232479797864       0.69481070320760108       0.90349164895482614       0.84931756357918764       0.84971635129623035       0.85186343955350641       0.85617215350983567       0.93617505071988272       0.70639539031084908       0.89808678398992681       0.87098547119543279       0.87482876091322515     
   1.0494092392330421       0.92323177156917113       0.94684797241166063        1.0341670026812264        1.1293045118443428       0.97848876164747212        1.0366753451905995        1.0569488747725895        1.1756425425521351        1.0260051650457904        1.0788103543248246       0.93873418747862736       0.99887822425073858     
  0.87243373566798088       0.97666203761783532       0.73112101676204577       0.91422642111764785       0.86525565740946297       0.86858123176700208       0.86882312268150841       0.87194555995091283       0.94130760475366537       0.71610850933252634       0.91073819624531560       0.88598227433444487       0.89019116206004423     
   1.1320251808349142       0.97105385855019832       0.97331036361740053        1.1111902257385162        1.3888576200347711       0.95967011653000578        1.0063375894361293        1.0949037728378881        1.1271380188151305        1.0147393328209442        1.0668747593505463       0.94654898351536720        1.1416518469761252     
  0.88755219143189301       0.97932888124846607       0.76723809029637646       0.92482518459941554       0.88141030335715542       0.88624822002609960       0.88703377732440081       0.88998172518040297       0.94647507335203396       0.72879044710841412       0.92259290828180118       0.89969640438203846       0.90392299664457665     
  0.97367948127150161        1.2414379439973131       0.98932340012699360        1.0078551494190575       0.98654016747505158       0.89877251439142214        1.0208203412519985        1.0913385979062518        1.2618387469617280        1.1556846020889329       0.99505159756617489        1.0129613715626289        1.1697984053331099     
  0.90264099281554466       0.98218273364977871       0.80350166021650649       0.93544805007786935       0.89726070639281352       0.90335292784604271       0.90519392333870785       0.90702426739514563       0.95129305885244253       0.74112664660872007       0.93371058335456170       0.91328159166757439       0.91759569506236682     
  0.98572357895452711        1.1535978779565814        1.0022729317555310       0.97769679774838636        1.1003023861821131        1.1272375555406466        1.1365586427965289        1.0125260685809871        1.1203790626171590       0.86536284176690959        1.0344670387669743       0.90632314217123666        1.4167196899159362     
  0.91770285595456758       0.98501909798965503       0.83972684848497370       0.94643514046263488       0.91339157577503038       0.92030677009104123       0.92163802189340860       0.92355494834431140       0.95781234553808114       0.75724215522737781       0.94495455544037055       0.92815306280173360       0.93097220381267953     
   1.0557401620318407        1.0688499630933870       0.92446173215257610       0.97419573274393356        1.0464706690920571        1.1035430265246422        1.0375156751922168        1.0591135028805800        1.3805209790314548        1.0644966248773859        1.0014485886089810       0.94796016710928432        1.0113195937334043     
  0.93292717505566625       0.98791480021134459       0.87561336925141486       0.95727059036848650       0.92991685478435215       0.93758930562268350       0.93839139351230227       0.94010563695198457       0.96410740275145967       0.77445209219937128       0.95638815402461785       0.94275152076899060       0.94469751547906389     
  0.89744835854973615        1.1217860190561633       0.93946088408981332       0.99382215865942980        1.0982144824887410        1.1802805931208147        1.0644400470994955        1.1846928025282428        1.2466913528589556        1.0944855189866884       0.99273698302236935        1.0808254649307234        1.0279550962244126     
  0.94924891148550949       0.99095732808104686       0.91134850250570476       0.96840076429140431       0.94858985977824350       0.95457868835760462       0.95383997572365853       0.95480057466883228       0.97134895591054071       0.79882086708555278       0.96683594230848058       0.95823304744793536       0.95943951762042612     
  0.99259697578719253        1.4175969308839054       0.96820264101766129        1.0611556071766366        1.0370445946214755       0.92709025926654853       0.98725771203806423       0.99866747412469692        1.1635931840572848        1.1522472794809915       0.96295397392681470       0.98540561448114006        1.1542004167995954     
  0.96578233449717121       0.99398426147154906       0.94695546428062538       0.97913009450891542       0.96656072110400393       0.97184810338473371       0.96908531986597202       0.97000240481236200       0.97937977958090339       0.82998590651671977       0.97679088197980957       0.97323629321487637       0.97350411178398577     
  0.96527121973391949        1.2188632293094772       0.95846039303837327       0.89452240518128256       0.99323598287919923       0.98604767796876991        1.0193886420252718        1.0432334374059535        1.2893716698435944        1.0905120575571530        1.0026650394135579       0.86458630881367604        1.0129871977960416     
  0.98287557819151528       0.99697004322637994       0.97467875804017334       0.98971694367180263       0.98306026831303772       0.98618093296501486       0.98466517840963586       0.98466356134075084       0.98876155177788561       0.89484347405370901       0.98836034191822064       0.98637187767474355       0.98657268004585674     
   1.0017877129210766        1.1426671383958473       0.87334398806673796        1.0357247036402262        1.3634228563726678        1.1260938114236196        1.0166042031230884       0.90224874004741318        1.5711090347074923       0.91759598382129759        1.1229104494942037       0.90448806460828779       0.99363706889034797     
   1.0000000000000000        1.0000000000000000        1.0000000000000000        1.0000000000000000        1.0000000000000000        1.0000000000000000        1.0000000000000000        1.0000000000000000        1.0000000000000000        1.0000000000000000        1.0000000000000000        1.0000000000000000        1.0000000000000000     
  0.94209680732996037        1.1667536185415162       0.87334398806673796       0.95613980416210886        1.0736293488722672       0.97597531327534270        1.1359966415858338        1.1097775705386068       0.91451877214699984       0.84165208577226258       0.98730897652229133       0.90851202802145825        1.1934007559622837     
   10.159947147472828        4.2344185168634478        21.538978656798598        11.863194959856425        16.451735491609821        5.5188028646737406        9.6447971674150441        8.8887555607959587       -3.9684147706307042        10.897609381712966        7.2169041138999992        9.5800891152673984        13.457166288046487     
   6.6816831743317051        12.205129933334652        6.0339379101034600        14.937603507907520        10.201554512981829        4.1964090440535537        6.3640384484333357        11.470289309685770        10.158901045134780        6.9621127178206086        8.7287130027049304        9.1204340812468168        8.7358747016333940     
   8.4267459982048756        6.9215067458106070        5.6313409425327485        7.5376099662971683        11.285462365324141        8.7399107654104853        17.823337436920585        10.575244865776517        10.965000451494296        9.5129733625605830        9.0343130837621217        12.534471723259932        7.8685520520417809     
   7.4737926082409780        9.4468355778543724        1.4660471721121373        6.3809463023773390        7.0857955717817678        13.846689596697647        6.5060223125752161        8.1452097882514938        7.5131075427019409        8.1186614520663731        9.5704444755471982        6.2192064733031787        8.7317055104594026     
   5.8117167758061417        11.418026457815071       0.84626160221436031        6.2137182810903724        9.2631691702401024        6.9842474619448627        10.178065995997130        7.0121886584681370        9.2548164555316852        12.574218243151453        7.3185159583745820        12.510006687493618        3.8675070649624383     
   12.499789242874980        16.450108610628678        3.6560608531986656        4.4997412146835423        6.0673138949868468        7.1918569522998572        4.4306439098277721        9.2278082485400770        8.2195708410331587        7.9699969408952160        6.3831480538568028        5.9807781461402767        9.5654116794002810     
   12.306537737656198        10.754072355872891        3.8277902912459627        10.084321002956104        5.6705971532720616        11.281136831468110        8.5844624105436811        8.5100527423061667        11.379946536341022        3.8172652856951257        8.1753532542098508        12.622413472759588        7.1461175725417156     
   7.1848492852122270        4.8932636447284636       -10.902756861144308        13.714274002528271        9.5295705198893437        19.090586147491155        11.476356891651056        5.2633318303036036        4.9010466664062076        6.8595095061442111        13.234245899474152        4.5035540744477149        12.049669270689717     
   8.4461450008316230E-002
           1           1           1           1           1           1           1           1           1           1           1           1           1
   8.6088940645487125E-002   4.1066305107921176E-002  -4.4998815744224773E-004   6.3464717796065351        3.0520410044257420E-003   5.4015566824047016E-006
   7.8565273767650632E-004   6.1484719612381865E-004   2.9560345995383925E-004  0.49253785613719409        2.9533295987231942E-004   4.4074882565492614E-007
   9.9383375893432532E-003   9.5139165504154342     
