   0.0000000000000000        0.0000000000000000        0.0000000000000000        0.0000000000000000        0.0000000000000000        0.0000000000000000        0.0000000000000000        0.0000000000000000        0.0000000000000000        0.0000000000000000        0.0000000000000000        0.0000000000000000        0.0000000000000000     
  0.13910455276007869       0.25516348189125160        2.0823596614241487E-003   3.4979932620314035E-002   2.1391311534314974E-002   6.5204679878572321E-003   1.5905238950124620E-002   1.7025395702113384E-002  0.52375690130990848       0.18258102591869013        7.5352856050277819E-002   1.9431553728986573E-002   1.7363361739131583E-002
  0.55444844960591511       0.57423170888263764       0.98293269160023655       0.70495684953579008       0.76994165264085079       0.75719237267540362       0.88776749018337209       0.75553204725342316       0.65144432736804225       0.58004795299684753       0.67466798346822698       0.73763758578603511       0.97402706028558539     
  0.24552463336771699       0.38435330541859802        4.2630863065643539E-003   7.0154659422953680E-002   4.2618094141331039E-002   1.3289345162733696E-002   3.2831929168737457E-002   3.3825529872007945E-002  0.62623005393375175       0.27284616102293024       0.13511556400529634        3.6559207707542021E-002   3.3776148798212398E-002
  0.81507655245376387       0.63287625798028646       0.83233527862582546       0.76606975925873610       0.77396096542121029       0.75580330735865098       0.68506082665417145       0.72037080520337049       0.75790160083324909       0.69791256643735189       0.71313443925137787       0.84108593686379052       0.83755572424592661     
  0.31403895339800547       0.45817183949972989        6.5702931559587160E-003   9.9924884742680103E-002   6.0999979710206237E-002   2.0121475675323588E-002   4.9205326963551316E-002   5.0200526860522184E-002  0.68044482748319968       0.31985271538919541       0.17483198470488193        4.9563157269123609E-002   5.0886395543420587E-002
  0.66145910024999910       0.70518756362827439       0.80715785035356646       0.71975495545003521       0.82249757217605546       0.80228945887465331       0.74544785469237274       0.71039598025889206       0.68780449935032562       0.77477254950542918       0.75929776678847249       0.88067482022317756       0.82673539910083338     
  0.36319253377889088       0.50622316510250853        9.1268902588189128E-003  0.12925999331405005        7.7995484066036236E-002   2.6192280612570274E-002   6.4749186896987707E-002   6.6119917062818376E-002  0.71264088261453218       0.35196416203059855       0.20729617426517233        6.2728734259272181E-002   6.8463930040462417E-002
  0.85018991500395080       0.73913819494982147       0.77091639324695582       0.58936514392751493       0.77907316983752783       0.94106382714984604       0.79404118178263849       0.68415286495635252       0.74973822116678890       0.74519305327449537       0.86925811824021604       0.74534938948618612       0.66212157015087514     
  0.39867567011388721       0.54595438071381719        1.2160899910109702E-002  0.15531711501838766        9.5083910844851238E-002   3.4165361958792516E-002   8.1858965366441966E-002   8.2592266603756972E-002  0.73975206114380354       0.37744896983014820       0.22334905574898756        7.6564159205372309E-002   8.6752718573623017E-002
  0.75267232326484568       0.67715511449312404       0.74998957538419231       0.74679453924599315       0.70554315768869191       0.89134908776441157       0.77496049529854927       0.82016874881779489       0.70226368799748706       0.70876757082356268       0.73846696644451704       0.92914877844716592       0.90591737485657819     
  0.42396109913698138       0.57644865114857902        1.5666800631183919E-002  0.18036813100420016       0.11035036732345425        4.3955231541090892E-002   9.9194140737711267E-002   9.9446346647125317E-002  0.76147609031286101       0.40080672335348438       0.23790474829861016        9.0773735921526474E-002  0.10567979090136886     
  0.66104577589186586       0.65757689967040267        1.0058136415483492       0.83336654696120016       0.69105111913354689       0.90478555029083152       0.83960086076990403       0.87161682655939721       0.70248688260343084       0.74081294893678906       0.81658848805721640       0.74151670873775322       0.79055689228118586     
  0.44723730375809573       0.60276777614501820        1.9516061260636024E-002  0.20370906228553357       0.12553599598369622        5.4461516390111528E-002  0.11752399858958776       0.11577376595372424       0.78115173194875243       0.42204867315668992       0.25185109217668816       0.10319326155232171       0.12460279664001341     
  0.60382090870194294       0.64468801306578882       0.83692426769374018       0.72687292533747394       0.64802767151074459       0.99575180669060115       0.74724426682099698       0.72696172856786434       0.74531751788239764       0.66683347558864969       0.75159269051061517       0.73449675313946661       0.85560274432474992     
  0.46882244326635453       0.62509892459785033        2.3366246193125755E-002  0.22518771693207706       0.13876299998587080        6.3465487907755913E-002  0.13604932229279842       0.13174064962862869       0.79822352983310918       0.44134846853402121       0.26478660559879147       0.11382365432036579       0.14206415237329625     
  0.61871742319375300       0.66269749567621850       0.74354856996584262       0.64551130103952892       0.64714537605310785       0.88257872882200894       0.56918852685728727       0.74226495707974982       0.76063546592233788       0.87003081497526236       0.76673050563664846       0.62338320883128995       0.76783788444746592     
  0.48869222424710818       0.64619461413275125        2.7314495134006696E-002  0.24452312666707438       0.15152211194100199        7.0571647318058039E-002  0.15000623464584115       0.14502257468383917       0.81276428003650658       0.45950829609983851       0.27814873332008655       0.12480852014812158       0.15983198623146705     
  0.64102975143014895       0.69802929386658752       0.74380614536025047       0.67870318074335312       0.73607918338259115       0.70548556523009553       0.71901374321489464       0.67588677573832212       0.67613163730557313       0.92395577611007440       0.73069064028700093       0.80854056748480907       0.62506817706574214     
  0.50808570653514840       0.66648748766483634        3.1681094844001785E-002  0.26145915856838808       0.16335521617850748        7.7475220085702984E-002  0.16396901503938574       0.15764509702363977       0.82696639374244674       0.47740710588337532       0.29216195637590336       0.13650236724518078       0.17473645863997664     
  0.71279044144250792       0.79599319747207475       0.69965981443560166       0.67839370918510711       0.67829138021918400       0.76209794649063389       0.61901299646750774       0.59263297468682052       0.74430690052509541       0.67494959594657322       0.83832516444551664       0.75888400849370974       0.77833615347271767     
  0.52622530648758137       0.68630232611848951        3.6688549678540121E-002  0.28187863645847661       0.17670249914746819        8.3577033217183017E-002  0.17619874285253104       0.16984134450678939       0.84072297393057416       0.49261790607844325       0.30302351313897158       0.14906893318232697       0.18879089910627264     
  0.69811388843766731       0.71641537047321691       0.80431730296147952       0.64584309258093431       0.80845064034897018       0.63542859501975135       0.59284835337057118       0.62684345322225687       0.64272767662344532       0.70038227366107608       0.60903132155349293       0.73547363797710652       0.66574099008678334     
  0.54439611328054816       0.70457317666426444        4.2274270620969438E-002  0.30247949461054174       0.19085602031355542        8.9705143869262025E-002  0.18949631058948113       0.18183114900706457       0.85322378049606584       0.50809830609075801       0.31232572270683190       0.16059653251236697       0.20269912586976049     
  0.65183441103086703       0.74834250883203079       0.85679048002537450       0.68307287429833963       0.61427884301617453       0.68550631599418621       0.62385465382453020       0.64961217681074979       0.71323452223808170       0.87430526593793989       0.72595913099730813       0.59211184671768780       0.63641660938197642     
  0.56284996236802931       0.71891600836528591        4.7917233862318713E-002  0.32522804163609842       0.20553597011081720        9.6075624491998399E-002  0.20514202182520974       0.19594138876597286       0.86437405379413057       0.52146555617974244       0.32055386666170554       0.17135232931069827       0.21635710363616306     
  0.75719738369843115       0.67315329670093826       0.93155728621858169       0.69255521990714364       0.73425551151747270       0.77055422020814757       0.76892997358410142       0.71659067349006600       0.64333858682584377       0.77280258747795716       0.78619187753098063       0.66734343158353937       0.65612565826601033     
  0.58047565156110004       0.73280200215593261        5.3588330847980870E-002  0.35306662730610339       0.22054811988524198       0.10341673645430732       0.22165338252654421       0.21224522898000464       0.87341019004316633       0.53333548842741074       0.32820144775588989       0.18413296674543156       0.23032948016275165     
  0.81189930657426657       0.71149109178449654       0.69194764438993339       0.83972631367917994       0.81181107394954288       0.80646695894848408       0.64976567976515187       0.84656197804076094       0.80296107824745788       0.73116166792698967       0.58780263506540475       0.65862300538026763       0.59758281655267698     
  0.59790786356873182       0.74715072233968716        5.9500129801492656E-002  0.37924396644824360       0.23891590128555285       0.11101468487835556       0.23833772318916890       0.22738356164074675       0.88208569635078449       0.54487406057708820       0.33616208917933577       0.19850266364230268       0.24457788466067071     
  0.80236021698872018       0.81874397839344581       0.71155636615574758       0.83476323558160181       0.75785312565338325       0.86097329719067328       0.63373132761545825       0.70573846681467489       0.84816815721386551       0.66881077038463133       0.61837970465116776       0.86641331417416334       0.72964847040107816     
  0.61536658396521726       0.76111064262419503        6.5590209788863971E-002  0.40309947568427440       0.25710091419811920       0.11907060015410841       0.25387453059693454       0.24108675426622705       0.88981763930120328       0.55532654448954832       0.34517191205747866       0.21363077271825071       0.26125129092828558     
  0.66612071433167674       0.84417155540288447       0.76827108635872110       0.87168657871560096       0.85268829748136010       0.78076085826127539       0.72510472492534284       0.76464711477464220       0.68342987515069664       0.86358300135337640       0.79607056328206549       0.63088561959082967       0.67537101003332922     
  0.63258739336604652       0.77520567747722091        7.1890501497398118E-002  0.42715846964781723       0.27467108423601538       0.12680180338914004       0.26783217833951689       0.25491095584948487       0.89659948676628831       0.56584764699375156       0.35614484552210413       0.22932063019341356       0.27719549275689681     
  0.71029116430392725       0.75684131731977133       0.66698653116529905       0.89819828101233745       0.66279679109423717       0.69127030045676541       0.76653269341775576       0.67998821598336989       0.68256773949786032       0.74090231682771879       0.63752537988248126       0.63445162743032202       0.63840646526971268     
  0.64972360760832215       0.78845933258047463        7.8048285829483560E-002  0.44767190665503576       0.29093020233013828       0.13437103585504107       0.28332755301940166       0.26890933923488736       0.90247589596223243       0.57697003884115250       0.36798621056595215       0.24727108536459233       0.29000001623310118     
  0.76773041737989800       0.74287922711569931       0.74903442477958704       0.72892574719467917       0.75620698978899703       0.73862321250707286       0.69837804039193596       0.68781260966384794       0.74229112894894911       0.76062700291842844       0.75644661521612522       0.72269921234747081       0.72912298598949288     
  0.66674974112478158       0.79930732439249730        8.4277244628632605E-002  0.46723777076901052       0.30427903442767251       0.14131853860494800       0.29786151136686795       0.28287043686274899       0.90779292110801790       0.58733284724318036       0.37887495508803004       0.26525328598657300       0.30359823583070739     
  0.76473868083559571       0.68759049889602752       0.56578496901734310       0.75932403205884613       0.65369063138639150       0.92440064599597682       0.69933366907894234       0.69522587739895270       0.69186060797081539       0.84904284446095801       0.76073721144398321       0.76045243339442858       0.66092403030853519     
  0.68139741205169968       0.80985032329243034        9.1121140820392535E-002  0.48798201397149671       0.31782529932984460       0.14839735706532034       0.31508266919706684       0.29754682581172004       0.91286231824883057       0.59855563471674922       0.38946954363727199       0.28277419488536243       0.31711245234117147     
  0.71875146164287651       0.72861373383546801       0.66651079942506819       0.80129848427309047       0.74644405931075575       0.70814835939023602       0.72723189614362471       0.79509809519914354       0.72047822759964453       0.77700864076065312       0.63475360294022809       0.75129722467721827       0.68432479731737916     
  0.69664539494871802       0.81934756436902378        9.8514821996135107E-002  0.50838513815284392       0.33136089487895221       0.15525572403265578       0.33377232748124280       0.31278607467384872       0.91709724189620390       0.60905787647703935       0.40017735053714037       0.30024723780384938       0.33079602660307511     
  0.79305759747363180       0.68877124412262469       0.70736766164158793       0.76916248915881258       0.75697232268190551       0.66197502398906471       0.69213015863581118       0.68173608449201517       0.72533187244068298       0.87007889311363873       0.61732912535758988       0.77226637192729464       0.65770157534005469     
  0.70822172930317950       0.82887914399696516       0.10585219575385224       0.52788073592385754       0.34492126439111787       0.16197917549436511       0.34913677755894917       0.32862920525405948       0.92110108421503289       0.61824545217091931       0.41102919697169771       0.31884357340597330       0.34226588027836236     
  0.83690826650852901       0.87505789220362584       0.58629571403299752       0.69301137542188396       0.66240680497475546       0.59285888134547660       0.82974132843087101       0.70676365556582654       0.63852944304706505       0.83000677052364247       0.72349378916063067       0.84180560536975180       0.64082086961024742     
  0.71926196649954577       0.83711550508354271       0.11475559116666401       0.54508632456349082       0.35840695494873592       0.16895587275040069       0.36367258443416961       0.34467392987288265       0.92505065595567437       0.62681303742392747       0.42252600588745853       0.33893362781376801       0.35437375424664291     
  0.69763967838610996       0.75780149088704518       0.64510054704615116       0.93500045012549993       0.66408744448941648       0.79420654921293332       0.77802422956299100       0.70069159529251379       0.70683455490510050       0.82607299617589214       0.68323345397621715       0.77782517055875100       0.63623358104265981     
  0.73090445908201740       0.84521894860076274       0.12400892075600416       0.56335333629364970       0.37270439324204746       0.17500278214468512       0.37786427515224047       0.36110059335323363       0.92891626428275020       0.63571167923407568       0.43372557432615977       0.35460866140307551       0.36588548407028065     
  0.79380308118229415       0.69683809787642748       0.72264802410245843       0.83101747071142285       0.62985207831842449       0.69703285598951981       0.79414523721496788       0.73073443924866988       0.64241218442032855       0.78389611269966275       0.70121864577098958       0.86210678926217066       0.59492892953529319     
  0.74258770459404300       0.85342501450315478       0.13366455414050279       0.57842855075462563       0.38935494755431571       0.18010669059571319       0.39098029741683982       0.37704843342139671       0.93260143873706147       0.64339396298173712       0.44753660107548154       0.36936938509719286       0.37977110559015598     
  0.69217527916120358       0.69224910670540518       0.75471340981662749       0.69214689017128495       0.76280148788265822       0.66232547275144815       0.63057720965283282       0.73016467227150139       0.77141205262895551       0.81375980531788394       0.77391863146105533       0.73017493001865397       0.73717985854151924     
  0.75272010142823442       0.86114387879217347       0.14338854004790683       0.59388841034545570       0.40353649673394532       0.18563911506711125       0.40520350494247986       0.39297721921210726       0.93599819347118285       0.65196660486602476       0.46101865862373037       0.38378186892812316       0.39429176144017575     
  0.73586927685848169       0.82450446475495553       0.84364162442839141       0.65918548203264604       0.74537612792582097       0.59450707976165484       0.66963492186131968       0.72331305751807684       0.69008262926582220       0.79787013036707766       0.73428980689383638       0.62936489392689954       0.86789683427382958     
  0.76116587588085760       0.86791225886697998       0.15298274802942993       0.60637982896582432       0.41662655379383917       0.19145669590164749       0.42007144501942284       0.40834779716684549       0.93908476476454350       0.65761943217591456       0.47520356242956507       0.39779246408165603       0.40924426917614065     
  0.61577664548994471       0.84012793442109779       0.78431953181163916       0.72157497051113428       0.77227658955602652       0.62890862261095282       0.67791521385285070       0.79491341329309406       0.70663790968572182       0.72345922618578884       0.78549400151319004       0.73888588677560940       0.78197196687713399     
  0.77021001858774740       0.87454103960949026       0.16148954140547500       0.62030200875917363       0.42874861833942007       0.19939296786398064       0.43600733599686387       0.42415890993551242       0.94207826110320914       0.66341361827065704       0.48972878639594086       0.41215803570569765       0.42416013576125011     
  0.73416465830083877       0.63099241995109401       0.64258642721713988       0.68773764344482891       0.71669421650103671       0.76259008636518388       0.73714941351099750       0.75866713582131506       0.77551871349857282       0.63553613906547868       0.71891617135978314       0.82475377476738565       0.74031034565618281     
  0.77876780820595781       0.88088698087625950       0.17250746416756263       0.63551173087308965       0.44075216767929842       0.20780351192447286       0.45109890928746016       0.44071616396723134       0.94507730560836689       0.66856119755257470       0.50437969326512666       0.42696800343611080       0.43843637755620801     
  0.67254840904167124       0.80602874062153296       0.63780389594091147       0.77481325041826932       0.69356634341171275       0.67771961819766036       0.79689801987795972       0.91673347764967827       0.67371862365941670       0.80308446460414096       0.68191421828077248       0.73662763982003565       0.69224785157286051     
  0.78718822091168195       0.88740124295867251       0.18234843046177318       0.65017812518896545       0.45204998295466642       0.21702492409422747       0.46714885824151409       0.45774154702239278       0.94807030381482216       0.67242496312720357       0.51932318111254061       0.44250380458441696       0.45270446561882732     
  0.84044038045545044       0.72193063966821647       0.76602637129096851       0.74949800323477400       0.61689893785057748       0.68385790649325850       0.66116158526091640       0.73863224023064078       0.71773209992397069       0.55371757456794934       0.81713696092296917       0.76935956351863222       0.65048507616797269     
  0.79492961655592986       0.89303132995852819       0.19545527419021885       0.66346093525908711       0.46296441392495458       0.22632686474964753       0.48380496173436710       0.47454506024872700       0.95095380710771793       0.67659401982172462       0.53477826083911983       0.45856967267412646       0.46714299118069519     
  0.64373462416170646       0.71140706915908070       0.69858638116686156       0.63381944725629880       0.58404251360596959       0.74971336980945169       0.72315238516026392       0.86696513443190404       0.64054794518681124       0.70039748267629420       0.70692544573502103       0.70337787868324464       0.80933918533260996     
  0.80220875838565053       0.89837100191307173       0.21013197181934029       0.67697924522846131       0.47345339338919001       0.23559854626013868       0.50058761732925949       0.49065096413232256       0.95364479869957408       0.68125118848511146       0.55068712016898547       0.47479820426455394       0.48077296269424358     
  0.61602823057464728       0.78114104878466317       0.78847251990742917       0.61908912850526998       0.65925413950277567       0.69654458241264428       0.89679501908942516       0.68762567280993048       0.67465406598922828       0.67456340754020427       0.68991074842733835       0.66913351147338662       0.78003462795185652     
  0.80935700234768049       0.90287516397277601       0.22105167238681855       0.69004513871620798       0.48659661272391591       0.24388750796609945       0.51811645663557859       0.50375594596827999       0.95621013934362997       0.68640212652874422       0.56623141207889160       0.49071490102470416       0.49385353262856752     
  0.81110784972088734       0.75746234712434357       0.68300232693349738       0.76054589003242512       0.73843794369156612       0.74943971534487075       0.72656642078578804       0.87258890044138038       0.74185809062953190       0.64924322125909961       0.71102310987507933       0.71346676531029685       0.71613934592219197     
  0.81625877184129214       0.90731641143246367       0.23179123529515169       0.70212969007175774       0.50133733346427833       0.25317515217986852       0.53514711111648661       0.51548442996497834       0.95859207094874721       0.69176217292080300       0.58037085889778295       0.50643611394147336       0.50747442848177071     
  0.81375669342454859       0.62353922977924425       0.62271725563687075       0.75132003555235383       0.72355785304179576       0.81379461025006217       0.81917899670974448       0.74060254997374741       0.74848059170669590       0.76181902346827213       0.68210805200257363       0.73565464618865961       0.70055383650974068     
  0.82323174570998214       0.91059590408539293       0.24424797458030745       0.71333854885629511       0.51722495884708242       0.26244409222348813       0.55159015767840081       0.52674832961198570       0.96079916573365720       0.69756678629966240       0.59435457776325606       0.52221925011384729       0.52166807716297803     
  0.69587785278652192       0.58449294311098765       0.66704250135421628       0.71436627312856271       0.81448125671833826       0.68326627746479796       0.70424843111261604       0.63703674900819929       0.69889123908297546       0.61699370838704748       0.81520909705489908       0.70859662381395339       0.69426962231613820     
  0.83124855094237793       0.91380727948213458       0.25653576626300723       0.72469100401032893       0.53428069391442934       0.27330243679805361       0.56857831311748452       0.54128618009098461       0.96293336370032989       0.70455276343918327       0.60785034035325392       0.53846574977747130       0.53533579198410275     
  0.72444768140920712       0.67040296743876704       0.73169493071599834       0.66496755822717935       0.72302310927679136       0.73773756224628917       0.73310159252069684       0.61070520958380359       0.72613862418785058       0.68662283718016237       0.80652819312581414       0.67460577513744502       0.65349683561822669     
  0.83950675490711402       0.91707124355814695       0.27031645457102466       0.73606220043511594       0.55027664359752393       0.28654800480466647       0.58587436595425346       0.55514632245518525       0.96501114726496606       0.71122301541670541       0.62016381811175769       0.55593130012833736       0.54716492283800566     
  0.75736533192989208       0.63056630945297365       0.67999570895059958       0.65280502824359932       0.66176390007464270       0.76603312028160664       0.66438215213750529       0.58404251360596959       0.71804624212349455       0.89764540535698434       0.65664026195058534       0.84109749327686356       0.65000437347461204     
  0.84826136446945877       0.92038394589259953       0.28485728037528280       0.74703761684797709       0.56614070838136721       0.30022644931283410       0.60351205925092821       0.56876916550710921       0.96686878784987829       0.71749615827501390       0.63284774086183471       0.57412066412390816       0.55877593921929969     
  0.81083339692963530       0.68514528130645291       0.68576883631188601       0.70274819906315866       0.85874237702793232       0.81975913088781927       0.73664971989167971       0.64052823320505248       0.68101024503219965       0.82061679521101416       0.79118554398485696       0.87413525606276954       0.64182628537190833     
  0.85662704871685003       0.92427847087879189       0.30080034150312318       0.75902879749047036       0.58231307299582158       0.31559684371660995       0.62054382971776123       0.58042652287247631       0.96862800618740597       0.72351344147401064       0.64673577630065993       0.59270182328184562       0.57345752191325328     
  0.87558927873356818       0.72747393374343461       0.83365997917511958       0.67817603169244089       0.65361394365712189       0.82523996260607080       0.76435951137616298       0.63352467228295195       0.71070205184588775       0.62884646311692149       0.85798465295018622       0.68071135483843204       0.65601634691640576     
  0.86451379120529293       0.92839010380593168       0.31663643009245951       0.77336114879607831       0.59974462200118273       0.33059893321356731       0.63722677969290442       0.59269780969338626       0.97035069612783953       0.72940535295799558       0.66127773628882414       0.61052454608633944       0.58784897438942307     
  0.64213590965810108       0.76595620663853303       0.76210720307863022       0.69342293218190876       0.84583918111126699       0.79925515286520898       0.75472691238327272       0.72010778754291482       0.76104252674999306       0.72230207392525692       0.72675650772259504       0.66779869401661729       0.72610227238647629     
  0.87249126343397077       0.93239120068272552       0.33133929172727655       0.78777304542945636       0.61724092862855862       0.34375763681049265       0.65302289200362718       0.60614470723987046       0.97203574128433845       0.73543253621030580       0.67727300748457608       0.62822060332361340       0.60445299558649968     
  0.73348646394036532       0.83881548893267066       0.64643857168251462       0.81959615069154090       0.92259811098421063       0.71531966971822714       0.72967476892787386       0.62427241396208355       0.68450828881711279       0.76117257566550212       0.74842594915436667       0.64774508773777029       0.76344821819233044     
  0.88034327313628957       0.93627719836977374       0.35059462429233956       0.80130184135345539       0.63303911634361354       0.35806149880786531       0.66841282500442334       0.62026864456567621       0.97351682694475505       0.74123026440340445       0.69331712393601930       0.64631996060089503       0.62096434227539665     
  0.84141919368784579       0.79237316325654172       0.81123524619581255       0.67338096447067208       0.74259768285448313       0.72656340919105933       0.77401634860205237       0.63786405316684491       0.81072150351217087       0.73813763125267706       0.76971966163830197       0.70110503534902413       0.82238683149774050     
  0.88752123552456663       0.94027729739441357       0.37101547476855518       0.81453701212273788       0.64922126340460351       0.36917466690751471       0.68194089005664893       0.63596656312520006       0.97486878240284514       0.74711755717681527       0.70868167778524893       0.66406968920877341       0.63627167977426324     
  0.73734101670038765       0.70892829471313590       0.61321476053237201       0.79976056058736911       0.78787588766214511       0.67872808229308479       0.75264233530916280       0.67809878628150122       0.71383074532864177       0.68482541666758945       0.79207143378127354       0.85680238352697324       0.73451038990848883     
  0.89441100666948992       0.94434610707024313       0.39392678761893601       0.82762258890521878       0.66482126697422672       0.38210779962989511       0.69423378649182055       0.65220980224800695       0.97618118331943138       0.75318963820112483       0.72317327618089511       0.68196987398125430       0.65229274705754281     
  0.80983500012053289       0.76324947622778172       0.73861628694671533       0.87579475005086571        1.0062026579155892       0.66267881303717635       0.70427529739671424       0.75162242351397968       0.72176973989280302       0.71791635017158650       0.67614020401962915       0.82021665264621413       0.72220463772493737     
  0.90119885674149736       0.94823935036302376       0.41729114377545451       0.84062196981015291       0.68128561030895107       0.39771067149616268       0.70689614554031877       0.66818271386389638       0.97754895937017350       0.75845155111329621       0.73651417049566270       0.69713271308736502       0.67119890938506122     
  0.72163010720895704       0.82559122621897507       0.71771907420500702       0.86517269239566308       0.66264783645712222       0.69226660881236968       0.72842279934553134       0.76208911448557204       0.72627342869656986       0.62149711552702591       0.76157233852199901       0.75200007167082727       0.88863092218218820     
  0.90792341500015039       0.95179844296353755       0.44582596139017572       0.85320249117047708       0.69760112152509235       0.41317353897672854       0.72373054491091515       0.68459439350870310       0.97898214754330548       0.76364898029573891       0.74935749041712452       0.71291682893041841       0.69088570375719449     
  0.82991133128288941       0.73485237940101400       0.79294244302630645       0.79592311714428110       0.72779048726556361       0.70486191881601790       0.73570413382272959       0.76865715594582396       0.75171030641385050       0.76211913697662181       0.67690216665062075       0.66982044803250551       0.72138901618390239     
  0.91435866821018041       0.95487400706371439       0.47323786412793550       0.86476397587619325       0.71390921425499654       0.42858754634167961       0.74075191778518246       0.70121626596212128       0.98040480302796873       0.76882585396396197       0.76240406876651901       0.72905914824471596       0.70900485114040823     
  0.78841083311017590       0.69091148754502152       0.78171734174001484       0.69551568044852474       0.71664265268853389       0.60951683053956718       0.83539367849217738       0.73752102896903782       0.72455396693191088       0.70327917462733636       0.64568403200368785       0.75214381136921549       0.77715667514375597     
  0.92051885186610505       0.95750239160722983       0.50001518465266392       0.87559066829582854       0.73024624296731178       0.44188072492970898       0.75792184752974689       0.71763165527549100       0.98179180000416177       0.77405438719192265       0.77593708510673520       0.74671254346100013       0.72752965014691562     
  0.74203426809371231       0.61541243648372290       0.75267579888805525       0.74128946074228164       0.75883613846214149       0.68471194281892755       0.86900948185220572       0.65564536026477493       0.81162482356479215       0.71297410642383452       0.75445282703095529       0.68182788857115162       0.68076035379696265     
  0.92583299007222464       0.96019561299701761       0.52712846676909064       0.88651875389731838       0.74710683204063089       0.45695319356909253       0.77522124347289123       0.73367743235529814       0.98312563973032641       0.77999739816128266       0.79049311344411910       0.76466827142753069       0.74590347292594805     
  0.76720183641868211       0.66616235229749954       0.71497628505147137       0.77634754885315149       0.72780920914834513       0.66093998064766291       0.77660103995936436       0.67943162497145260       0.69351512872434218       0.67917552316471530       0.79915512568345692       0.74630702681488115       0.88135710865355876     
  0.93032074877501836       0.96279545655126031       0.55522770480382033       0.89780427866275681       0.76409728636392449       0.47500292520994231       0.79159980942255026       0.75056101106319351       0.98437781505408739       0.78591762579033253       0.80578141113230661       0.78232933254468817       0.76327288030777318     
  0.69162603164490621       0.74912488752536077       0.67267598856983457       0.90829029809981399       0.89553163821711912       0.65023491838083158       0.67940755592316393       0.75817368008413177       0.80837924340928213       0.66916240173670838       0.82547492342536588       0.74379970545836793       0.87526386027841763     
  0.93487321952055213       0.96563987140417040       0.58630399545826828       0.90857532647303141       0.78103726387636085       0.49377084949143624       0.80425265072256369       0.76846492866695537       0.98559652693257516       0.79129075440831131       0.82014607328870037       0.79928863279922702       0.78014794299049495     
  0.65054849142170557       0.75296447271420741       0.77500836207737256       0.77032362215039052       0.71025905624903396       0.74717043578934506       0.71495660350920232       0.91796742643904827       0.86057525444884242       0.69781471234611192       0.67068417906011513       0.68373134006279268       0.73973713685235643     
  0.93929945156704231       0.96891646684288590       0.61967920959798073       0.91841915173420996       0.79885018812492847       0.51274080199864858       0.81930458412264806       0.78721467196255779       0.98673631174647136       0.79656935346716473       0.83325181344539101       0.81621311293973753       0.79776922377952497     
  0.63144683421507497       0.79061347852267394       0.67880710020945190       0.78300397245697162       0.70808269195330564       0.66106177628602780       0.71846601572190327       0.69698527835129453       0.83745656310625272       0.74254215680668700       0.81356112662335034       0.69294848089451067       0.90800069293515662     
  0.94452924232989033       0.97221345437263074       0.65238566367574491       0.92725905044640589       0.81653754705982540       0.53608697346006839       0.83383053002592544       0.80845249783034323       0.98799284253856168       0.80405178523304410       0.84676380116389927       0.83440169948132714       0.81665343023868764     
  0.70479228538987815       0.75855498299443935       0.72364081536640956       0.69007490349173439       0.86227118912955969       0.77469717095268886       0.76482104757781499       0.99998659329144934       0.86762008818310454       0.76505631400989826       0.78946805487388017       0.82354118704218315       0.82886713070722451     
  0.94989340231913844       0.97525735376312306       0.68220096397699181       0.93535041364128924       0.83378710420817781       0.56073201115647286       0.84794717846287404       0.82942566712176302       0.98908404912250869       0.81207710705551139       0.86028593820641752       0.85079863061893424       0.83607436235517063     
  0.75608728922412605       0.91647290556868155       0.68848592092612804       0.74964400387989516       0.77733167246303903       0.78699609582440722       0.68864939209083220       0.81621213522782310       0.86313821898963761       0.81880663986962021       0.74027502429187508       0.81389251971136545       0.73493376426778401     
  0.95453789751269069       0.97801239067503798       0.72114216016285615       0.94272529010292161       0.85084089305550670       0.58875386445815092       0.86288632647624330       0.84756104695273060       0.99018208099907712       0.82133484796463507       0.87327625050761837       0.86534967556939990       0.85464897224881120     
  0.71919841330448908       0.74456022613969008       0.69887159196211346       0.80507393049086173       0.71247408469345896       0.68724250282742805       0.77463936582380155       0.88054390216423883       0.66950765255114919       0.77081769079327045       0.80159828078913653       0.61252272344447667       0.77524512004188462     
  0.95845085164662136       0.98071160647956579       0.76583295498083914       0.94886242951086686       0.86795426707046974       0.61939949995970689       0.88088346671481299       0.86419260196655678       0.99120208220418504       0.83027621593462264       0.88683315846908517       0.87794924926476359       0.87177279577630640     
  0.72886711379913804       0.71828908418944659       0.75916726548002744       0.58404251360596959       0.68869400864093000       0.84283491894863793       0.75062106869231038       0.74572736066767376       0.75996492160769180       0.65713769356545726       0.75889105203286511       0.73897461547678700       0.61704007350462187     
  0.96267780902185163       0.98343544703138297       0.81133937489331498       0.95465577285859460       0.88478339658806238       0.65484455127771002       0.89938194275147121       0.88060180984304492       0.99210712165655435       0.83955645383441713       0.89997793562548301       0.88860278806724324       0.88838487900599761     
  0.68911441210288615       0.80926677918647860       0.74214884160970906       0.63873411167362670       0.72081597157546773       0.75655839708962036       0.83723281391503612       0.87876684261703408       0.66491084076529350       0.80975177872718807       0.87114070314924763       0.67332966967806862       0.63597764191409389     
  0.96740179361723699       0.98621733859565686       0.85577978720187453       0.96032241406485341       0.90191766855684707       0.69504453794138565       0.91743279354527185       0.89735916356231893       0.99298202695082183       0.84910118503150345       0.91275546818546516       0.90328633896982546       0.90498188288800496     
  0.73416606564052678       0.90834168265835147       0.72781807123569764       0.62553670700952579       0.68714691405507200       0.77186838002038882       0.91167196070759315       0.85320878077876205       0.73305964023484738       0.67203083934015906       0.68535079667831933       0.77016475611335145       0.71697694071655904     
  0.97196670477237834       0.98840081685294590       0.88469200407390025       0.96602643619541606       0.91977877842874267       0.73767810439256831       0.93452335366218442       0.91491520282526151       0.99385402829917813       0.85918309640376112       0.92754003077000047       0.91848037831714369       0.91970248452117631     
  0.65840132583046285       0.81407978003657633       0.76238235771301222       0.62379930042857978       0.72887785674487071       0.67761036257667329       0.89956297326956403       0.75947199957472222       0.69985649653129467       0.95826023453411446       0.82605117040359599       0.65122361269175078       0.67101670178952355     
  0.97621314731342035       0.99058825342213874       0.91350883570735908       0.97258830306696398       0.93678632097079650       0.78317199193581111       0.94878719064937866       0.93246377232875455       0.99472828472961417       0.86993814191032126       0.94218975168835606       0.93459589678627930       0.93666047937254715     
  0.88955406360386757       0.76633972799433903       0.65176605167102120       0.71954557567273214       0.72295103494141078       0.74091608007413035       0.63309006231902176       0.77609295476671958       0.95519828792064654       0.68243526005243171       0.62460679888413073       0.74996173885454831       0.69199111608660135     
  0.97978662412585082       0.99275323456976228       0.94100562161213919       0.98011348019637612       0.95084047075885980       0.83359060310306199       0.96144009344804449       0.95050988939223979       0.99568482832255634       0.88325227943847151       0.95586868359993904       0.95160189597021760       0.95071736728134160     
  0.74953768655943542       0.75984628591930792       0.69113081047571490       0.69810971342690598       0.74902588207806087       0.69347919442950068       0.63897892126624423       0.85416578131901510       0.86616838822494802       0.73774022719838073       0.73868637090780698       0.69716817014988741       0.75013687734179069     
  0.98634039612471425       0.99472962285122690       0.96399479147640932       0.98720099211639190       0.96596588955521701       0.89140872314077213       0.97403335709874994       0.96831284746250512       0.99707665369623377       0.90227754087074130       0.96922054271147517       0.96810075638051774       0.96493847599215488     
  0.96089582699620024       0.71389266539710916       0.70056434214028718       0.71433027462340037       0.79652112349939475       0.68412246339255356       0.77643345394180152       0.65928513174373737        1.0441753662164637       0.69461584714271429       0.76623377629239475       0.76949192273566425       0.86153903727345171     
  0.99323674688262920       0.99734165196254909       0.98275778910320077       0.99381492943795002       0.98235684484665231       0.94634418057061453       0.98705884101816155       0.98453236815755951       0.99856486783281884       0.93705461734619377       0.98423508550765626       0.98396212796104221       0.98253439286951338     
  0.86404802028938710       0.91162055057636815       0.72744321781568089       0.89796196733576905       0.74126575209276235       0.62561575326814256       0.82355988802718982       0.70429223435991894       0.77440371237245187       0.75592970209107135       0.63121367502956782       0.71315447596351611       0.83731987706705024     
   1.0000000000000000        1.0000000000000000        1.0000000000000000        1.0000000000000000        1.0000000000000000        1.0000000000000000        1.0000000000000000        1.0000000000000000        1.0000000000000000        1.0000000000000000        1.0000000000000000        1.0000000000000000        1.0000000000000000     
  0.83464583346007393       0.79059793097654341       0.86836726130185971       0.78059554372159834       0.73424438230232081       0.64886930051508418       0.65304716500181414       0.74766754508498645       0.66638918638729783       0.55651834536860600       0.76602328789333995       0.67842827730090083       0.97536727505419496     
   10.424820688940347        6.5637694285124732        16.075467692491674        10.098026458015218        18.295871775053595        18.691708305608923        15.940007659695993        7.4741262517694649        0.0000000000000000        9.4752647371297254       0.27859693375114108        10.007138382891061        10.927398412687987     
   8.3620107312176906        8.8695299081473298        7.4524001346521080        6.0297917857369399        10.673320024060137      -0.31398889699395782       -3.5335656578622210        1.5939071276053638        0.0000000000000000        1.9930086575872532        7.5918617954841343       -4.0972790433462576        7.4387580294963360     
   11.179436320441582        11.967464957194695        5.6485327152089271        11.695886296939941        11.414609067306181        5.3206415111784517        7.3740033870891164       -2.8552673697958837        6.2413043160757695        11.475117850305757       -4.3827739306462412        6.6039851222132508        5.2444436239981149     
   14.043683696095291        12.056226225554520        9.3283587952315603        7.3145936893133134       -2.5177259135411303       -1.2455269780186924        4.9719102712162346        15.346796943974363        6.8617098677137598        6.8011027979335497      -0.77246392048522783        10.803926637845036       -1.4397826121480912     
   16.983824444700478        14.936248117808930        11.733271483109604        6.0086096680808909        8.0134637014436692        12.405960108152762        8.4123544875533725        13.981124501082743        11.528573913665722        8.8009398590862205        10.123654767556753       -1.2153736454446471      -0.30057122851029699     
   13.314280422469706        11.111617545966970       -3.1226599995029534        1.4867708435193170       -10.406647462330653        6.8785526362239402        13.744136479317769        12.273638636009830        8.7357182289678459        10.718366926263830        16.159526216325272        17.130965318948256        9.5087854266719063     
   9.6747012232089915        14.617840736453147        7.4635988439233900        11.474304229559326        10.859268166613042        7.8039475618827892        10.370572166137100        10.799845195611800        10.577389344354431       -6.2986637201560844E-003   12.695334350331059        10.777109821608592        11.983834707733406     
  -6.3044443192525526        3.1529750454092969        6.8386392574497092        16.519662863193997        14.969088329754378        9.0304704852824305       0.43987130698105270        10.999675965144283        5.8951280772128225        9.4050668125710306        10.802167946206533        10.991027566766645        17.483423549758975     
   8.2788606544688349E-004
           1           1           1           1           1           1           1           1           1           1           1           1           1
   4.8025412703709216E-004   2.0558690042258855E-004  -1.6041007643194439E-006   7.2686360644745092        1.4611422916324700E-005   1.5903685005220886E-008
   8.9522824173073051E-006   6.6179934090929408E-006   1.8798311517808079E-006  0.50107553288404882        1.8790187897182865E-006   1.9183820530497140E-009
   6.4577504084309531E-003   7.5434282619698161     
