   0.0000000000000000        0.0000000000000000        0.0000000000000000        0.0000000000000000        0.0000000000000000        0.0000000000000000        0.0000000000000000        0.0000000000000000        0.0000000000000000        0.0000000000000000        0.0000000000000000        0.0000000000000000        0.0000000000000000     
  0.26672454673999629       0.51626493832504006        1.5395135508548003E-003   5.7545348546507891E-002   1.2027607067736609E-002   1.7484901589212792E-003   1.4506467230397243E-002   1.6135421537386237E-002  0.30995020948981805        6.6526189647331424E-002   9.3508625971539278E-002   1.5265617763494893E-002   1.3970240216223076E-002
  0.96371297325220762       0.96371297325220762        1.6387248898187352       0.99622433350352513        1.0301559278587862        1.2489879110244422        1.2988067943683907        1.3742237832960336        1.0137699445748092        1.1513693470906228        1.2610136914345447        1.3634324492986265        1.3561997961926933     
  0.31642296944794263       0.72996623762320290        2.9947064246758394E-003  0.11132911724645819        2.3550115542804007E-002   3.5210131538205552E-003   2.9472196470653356E-002   3.1166509522101534E-002  0.44113253822780096       0.10088209779004188       0.15221663321364154        2.7007434832420248E-002   2.8250256175194721E-002
   1.4825565532434426        1.8947056029585569        1.7149569178332522        1.5022771894180116        1.2398420981234066        1.1138711190181068        1.0853147546734783        1.3366099414916801        1.8936646373832715        1.3288240757354037        1.3036683650724910        1.5528129003259632        1.1173103486692442     
  0.32753533724484329       0.74961542054808816        4.5157701017646762E-003  0.14836128873539856        3.3957881116997719E-002   5.3707282073284972E-003   4.6056316541393978E-002   4.7902854129678520E-002  0.47814982403973083       0.11908722587207848       0.18209211638081502        3.6653985369133085E-002   4.3711554518761284E-002
   1.2882079519830889        1.2642738714354373        1.4657176795696263        1.1791783851800433        1.0499521636171925        1.2952086299657994        1.2565934557626615        1.1663061334247835        1.3873240213875435        1.2719900242560811        1.2980642728775060        1.2358794181620274        1.3875339718263449     
  0.33905101203634463       0.76714734018598985        6.1369293200307009E-003  0.18534167856291592        4.4530377379340035E-002   7.3518762211826497E-003   6.3172646393662199E-002   6.4538872134367473E-002  0.50828076211536499       0.13448810210486059       0.21154087871257948        4.5640774825313452E-002   5.9966270833822811E-002
   1.3807322353576232        1.2058403965565663        1.4424499036549485        1.5579971240895074        1.1099135108936229        1.5438675461656453        1.4317931542946012        1.2949198208530033        1.3929488624932260        1.3226747226874938        1.3061878650497520        1.1932098049787061        1.1204917912465360     
  0.35100190663458292       0.78156438201064471        7.9848335977435233E-003  0.21229073784188091        5.7314193248562614E-002   9.3936891409868387E-003   8.0467888578236071E-002   7.9064664038892743E-002  0.53037390512194071       0.14624423964700131       0.23153828664267587        5.4793288071534552E-002   7.6350743370270174E-002
   1.3661139756097602        1.1655777151109379        1.4311805619190630        1.2615399029772350        1.0704211445951122        1.4504079830086385        1.4143813420150273        1.2323564813257928        1.4541208018855620        1.2734427664188555        1.4554340087625437        1.2551293501566165        1.2147115820423451     
  0.36287631556329486       0.79386879268889021        1.0064237933262769E-002  0.23792481504298543        7.1289389503733785E-002   1.1595236015897277E-002   9.6944532653694848E-002   9.1074682104257343E-002  0.55082097414426179       0.15721352943828079       0.24812379682300137        6.4375454140893101E-002   9.3109742806623222E-002
   1.2602059686537268        1.2891681184914467        1.3717648274516534        1.3724573632555113        1.0970379785260040        1.3915463098639402        1.3019404668766625        1.0124297187512190        1.6115696416756968        1.4729090504390623        1.2911735568534246        1.5332890987995775        1.2036312096361681     
  0.37260984042248368       0.80447476143359020        1.2087695744350395E-002  0.26159829288519415        8.5242298804233146E-002   1.3920014290230891E-002  0.11326125250220530       0.10315345914330920       0.56915453195020305       0.16765549725636869       0.26184105599084928        7.5110896920325868E-002  0.10926658862611363     
   1.5762250202569148        1.3088601082015512        1.2955980031663885        1.2412474200777395        1.0325601104030340        1.4453675995900785        1.3306493023573520        1.1742508090222679        1.2268583032272291        1.5964659442369482        1.2142261676357351        1.3099523320887674        1.2843864587080034     
  0.38365176297871040       0.81417168734087608        1.4265792521649391E-002  0.28438623160978754        9.9628717593852820E-002   1.6263027691424195E-002  0.13190589752522319       0.11432799684886738       0.58480184036636473       0.17707465780048173       0.27411181262040624        8.6066738466305262E-002  0.12408112405283159     
   1.2535116087248701        1.1283045870627664        1.4534149779139458        1.2518102984507535        1.2174351091253401        1.4825642516580568        1.3909916654283849        1.0647641263243475        1.2988905078460418        1.3800966441698306        1.3609058676550467        1.2856667207587078        1.1028163586110096     
  0.39591831652100024       0.82335852826207390        1.6576738623171664E-002  0.30653686898383975       0.11548579174641073        1.8756127469667892E-002  0.14899545196571945       0.12698755712444842       0.59876972296378306       0.18559485496281650       0.28654884775740019        9.6748925750273246E-002  0.13860342849877968     
   1.1205914800790446        1.0063287043222879        1.3319229045512768        1.1720667184516829        1.2200198934223467        1.2821125403012534        1.3136267833947408        1.2158347975710251        1.3117164094831415        1.1290136566940865        1.1753578508559255        1.2474482642890155        1.2342567979563805     
  0.40794850043401820       0.83221567681207054        1.8994439150700402E-002  0.32669477430534488       0.13316201930248961        2.1400578999168661E-002  0.16167885861459994       0.14133307568700224       0.61172599907358849       0.19397026418858776       0.29980767415511472       0.10791939005639885       0.15356045397373674     
   1.4027721153202335        1.1452948715391760        1.2724139387565716        1.2332434331715287        1.2830813093782256        1.3182935653075769        1.2048659081856095        1.3067057520609584        1.0932042712659462        1.3273328611689783        1.5428668470142417        1.3250379634757838        1.0223055219873278     
  0.41885182512814484       0.84056650586859916        2.1719438925132249E-002  0.34575799392075524       0.15063163691290551        2.4169429641498603E-002  0.17580272981750622       0.15546358764020871       0.62453189507047513       0.20019422479208376       0.31324449045439556       0.11925245617490016       0.16890575337396266     
   1.1059496317229496        1.0814263433046916        1.3246976370570771        1.2571678741215939        1.4237717330903741        1.3710063461326711        1.1176836359478524        1.2514500642405566        1.2224439900951254        1.0146300802037180        1.4247515868318497        1.2473448478189093        1.2608065566978859     
  0.42889950466122756       0.84859328693095826        2.4278849436952139E-002  0.36355313405808365       0.16642441098144825        2.7461065101239746E-002  0.19086283598200204       0.16866692545817613       0.63718586227393070       0.20640935303887706       0.32697471886984913       0.12963296059734139       0.18496814449491891     
   1.1968674667695143        1.3446397170591953        1.2643340947409485        1.3051732917216616        1.4127681155787017        1.1121502233828997        1.1739712540986373        1.1250804600128717        1.2509111174529524        1.1290535330596387        1.3683809719004623        1.2201828511849477        1.3073669260971796     
  0.43873713330524483       0.85615295828338700        2.7171058807417794E-002  0.38036100529087352       0.18113385184520603        3.1219420821937433E-002  0.20723174011430034       0.18082307702632539       0.64957222772421142       0.21238715963218996       0.34131421198601486       0.14041999325282117       0.20117933572582125     
   1.2492810400687697        1.5407491043694894        1.3340859253971291        1.1925828789545994        1.1598685186958106        1.1622294480196751        1.5633295816279689        1.0416238029769405        1.2941361138696157        1.1730253551097960        1.3748747611553880        1.2738451249194511        1.0422725719436867     
  0.44892812963524381       0.86298625962292996        3.0375419412458391E-002  0.39772452419547055       0.19543150123195704        3.5041580850623692E-002  0.22427579249729229       0.19312678996802149       0.66172202188291951       0.21824739259850393       0.35625459458888470       0.15298503540068420       0.21705647095902253     
   1.2059916970926727        1.1615061935913804        1.0215894763201834        1.2522048222289264        1.2202798984405097        1.3722292801006941        1.2622974319915394        1.0253932027282364        1.0893648936201639        1.1326750865017936        1.6645699855023679        1.3918321455794949        1.1820747186408780     
  0.45916122049268160       0.86887791990188479        3.3704108924460262E-002  0.41551181256531017       0.21040174451203889        3.9120654838861665E-002  0.24042974070934101       0.20673465382110334       0.67350100213920394       0.22404400619516801       0.37118317851264465       0.16676996726032842       0.23225714232889130     
   1.1564718456333332        1.1284692619311740        1.0810923929621805        1.5291987616877480        1.0923441669745735        1.3956372549063909        1.3465491342209157        1.2572690858727842        1.1855569762200087        1.2008113682313886        1.5135417826241815        1.2643206964894473        1.2351737740194257     
  0.46945303543072980       0.87369689152476382        3.7382116170478048E-002  0.43356979893331510       0.22520556171922312        4.3313340306111739E-002  0.25741741765678106       0.22223802329880540       0.68512065508168141       0.22934690492035101       0.38623606081935574       0.17952286805292411       0.24501797114767701     
   1.1789863048161966        1.2238974995510223        1.2666644599488148        1.3723717814088778        1.3329608554397887        1.6018076856288004        1.2240265645955053        1.1646508820561721        1.2040962037311933        1.0298703419911759        1.3464635784253809        1.3718743304721224        1.4536730843816772     
  0.48021518009521874       0.87900567059468737        4.1344991498291309E-002  0.45255162074428540       0.24085158406086782        4.7774935592655124E-002  0.27343472322739343       0.23791862474371389       0.69582938015316276       0.23436601491492459       0.40169042340536371       0.18969266486273384       0.25692776591979888     
   1.2644686599647004        1.2391470973229624        1.1662388686174963        1.3484883103190752        1.1749353889196334        1.3188366211027609        1.2652880996328382        1.0858612907837397        1.2067324823380672        1.0994816194711921        1.1647372453654139        1.0971576451344651        1.1434732264445135     
  0.49175120918294690       0.88503848641089489        4.6039690760187345E-002  0.47199760426344828       0.25531902014650554        5.2399131131557211E-002  0.29009412410894114       0.25289442969795239       0.70592871016622694       0.23977474864230963       0.41562470314604677       0.20051891582114983       0.27122639131830345     
   1.1255145868461924        1.1048447934329264        1.5079836083801164        1.4826744092212396        1.2035064450130284        1.3635218291310611        1.1980765734753571        1.2214005008314845        1.1781853806553488        1.0850951652266505        1.2870951627237273        1.2491494667721421        1.2909535980347133     
  0.50382253638279650       0.89083990476599373        5.0676212703874068E-002  0.49006839950006131       0.26940898806769564        5.6427162769901687E-002  0.30729912362795664       0.26923325888145688       0.71555253724457935       0.24563015836827881       0.42863616619858674       0.21312706173007184       0.28590353866216739     
   1.3950213157744993        1.3677798683675602        1.3211510789885081        1.4638655664274673        1.1565056860291889        1.2194108960328298        1.6368118557373217        1.2541396672926666        1.2557555291374634        1.2154602568476702        1.2115996801382216        1.2145086528978146        1.3622580335625387     
  0.51611993691489322       0.89613822265910159        5.5543042729960170E-002  0.50648809629009528       0.28456593926189527        5.9878269393613313E-002  0.32350170882783474       0.28638513323752457       0.72468256655684793       0.25150584988700803       0.44188847894566519       0.22671758498737540       0.30063735875768671     
   1.2087277470723494        1.1894008205524227        1.2796261911888853        1.2581385598154577        1.1591889351910194        1.1607348943726046        1.3691051194136143        1.1840284859956536        1.1721758028092459        1.3112932687438767        1.1528920590001801        1.3430851290224635        1.1807281208151730     
  0.52819216833072280       0.90111447237721742        6.0606469023191750E-002  0.52181505983099874       0.30000383017002524        6.3311651104030739E-002  0.33902276776858242       0.30312602922225518       0.73397062509290167       0.25702779322278202       0.45451927895384259       0.24134052638336795       0.31538183623004507     
   1.1903063693312521        1.2707632966237339        1.3191561149437749        1.4027805690572768        1.3055695288768063        1.1357110077587897        1.3737572525176376        1.2181929767317914        1.3954473581718092        1.1443236694744192        1.4336238267149797        1.2236546080844384        1.2314053298901892     
  0.53932766022287859       0.90578131733652878        6.5918298162669059E-002  0.53716307351577064       0.31647202621553655        6.7773140396257731E-002  0.35508039579325795       0.31982731126761876       0.74230857925838101       0.26280428038365855       0.46685575550917169       0.25680604158061010       0.33016064860679140     
   1.2473156205928742        1.0893162330266755        1.3072209088692091        1.0842623585992837        1.5454946047628078        1.0899571129845698        1.4818011203102428        1.3438244425964054        1.1135816439641122        1.2148037834458107        1.2181377742156849        1.1702993789730940        1.2714734657885405     
  0.55082557464902759       0.91005628725297272        7.1226447677584903E-002  0.55156547701274916       0.33205152166129737        7.2594987520558263E-002  0.37146454291106851       0.33636285515871023       0.75071422125997145       0.26892932717512907       0.47997238178737767       0.27232517753085389       0.34807298268012143     
   1.2294621631694531        1.1770857940657933        1.1077868637296682        1.1288385331946418        1.5278447744581936        1.3076504628063055        1.2369325254765287        1.0435409473339894        1.0716634123670497        1.1850071052304620        1.1928128784841041        1.2073348757017146        1.4269562733073546     
  0.56209114057309539       0.91405022750094900        7.7235375636014708E-002  0.56547009277248206       0.34823463410380334        7.8031288765868970E-002  0.38825823454032188       0.35208757001186203       0.75878690159996109       0.27509635226016194       0.49366486146495359       0.28679008235347120       0.36556835796710535     
   1.2172811717471510        1.2184397329472865        1.2034350595221881        1.3296483619152513        1.4068168286263238        1.2112898649934700        1.2014566882971836        1.2199481987068197        1.5324857416926259        1.3236604131533178        1.1956886780366354        1.1474862737526583        1.1547823373865094     
  0.57349113969667687       0.91815522235339941        8.3499063405667068E-002  0.57962970344834797       0.36452033502915909        8.3788889182107987E-002  0.40582914676096093       0.36929527899674797       0.76682844922530435       0.28086226914864654       0.50616314388886030       0.30152981899517223       0.38242277878569647     
   1.0293509090652166        1.3082528344455433        1.3026497835932773        1.3222628253771946        1.2270433427298701        1.1775062046344251        1.2281796059518542        1.5190282748995840        1.2791642802052867        1.1757591749853358        1.3198654330840878        1.2980286305750937        1.2917735268602526     
  0.58550882735712195       0.92236216005117810        9.0033185196588983E-002  0.59367902194598343       0.37976856416735078        8.9988629907085421E-002  0.42353933398032656       0.38689818492393302       0.77386903195561896       0.28617684136585342       0.51951651195294979       0.31785881503926428       0.39836790003582068     
   1.2092563583763072        1.4868208147536202        1.1681819569132108        1.2878320430452379        1.4169711142893524        1.1937636648885805        1.3224137138651748        1.2627953977505262        1.1560926938815428        1.1124551789422239        1.3107305943680285        1.3405325165074888        1.3685380095802151     
  0.59681419079076536       0.92633552638757699        9.6624574475511441E-002  0.60762416370165095       0.39484502964213841        9.6364200758148319E-002  0.44024259186043424       0.40448057984531954       0.78040918367354317       0.29155392366733879       0.53301559353983252       0.33565181557339724       0.41264178615309033     
   1.3139032762351066        1.2831145819784442        1.2368220259785363        1.1941129371066985        1.3484361190166703        1.3625053349162313        1.3346547244038955        1.6015229896200096        1.4749018901236377        1.0793993678087392        1.3861492235382231        1.3282972846682366        1.1254630500138576     
  0.60756521238423566       0.93011818645799571       0.10347648206257241       0.62223033387640925       0.41046164832486004       0.10264472915984013       0.45517240195125475       0.42444681104422671       0.78679988195152906       0.29767568305679926       0.54672293428369434       0.35435603031809837       0.42713474263622075     
   1.1634013264814640        1.1158531711043200        1.0393818281200586        1.2322458957703022        1.3739337374655225        1.3118634696680183        1.2273861971617415        1.3069385321546192        1.0953211190999428        1.1426610175764353        1.2861813546778842        1.6434286038749262        1.1214981725424209     
  0.61782379870280169       0.93379726129881324       0.11072599389002258       0.63649363235007028       0.42693043402130870       0.10912635716789637       0.46921900806654637       0.44495838430886686       0.79305283277459659       0.30391926594425495       0.55945573298389584       0.37309841382847020       0.44277060319955674     
   1.0642202390358140        1.1747504270458462        1.2533844393968656        1.3364594947759876        1.3017586247165120        1.2202813281116429        1.0887630598667080        1.3055463951092430        1.1392798967535147        1.2014776552375013        1.1861279700792644        1.2836467648127032        1.3698569460234731     
  0.62830059649961578       0.93733926461072570       0.11850233783965906       0.65035070844202425       0.44492417363115311       0.11592069413557016       0.48291734517338958       0.46491138896897721       0.79911818306716831       0.31092762967656051       0.57164255873138725       0.39166848113314368       0.45784425040064941     
   1.2269099141679509        1.1931835672558839        1.1432726705697358        1.1904630950901265        1.2906169084658921        1.1559192905003832        1.2942236055384344        1.3797559923397618        1.1432581738839807        1.3049322664388985        1.0109727102116817        1.3459977954741180        1.3336490669063592     
  0.63952191288226301       0.94054031462461785       0.12654956787337535       0.66418062711213999       0.46349912241341856       0.12286989167990517       0.49487192613695241       0.48252351554210021       0.80509360399963725       0.31734829610163762       0.58186203700568873       0.41041083357979141       0.47370420097541838     
   1.2893228836772033        1.2224965351382011        1.2081388755741074        1.3942963850056080        1.1979324473759136        1.2308570936930363        1.0344352811457496        1.0988197520969676        1.1681351953978887        1.2154019478276861        1.1550890557845557        1.2246537790110952        1.4836826986232075     
  0.65080237984370648       0.94366171038429747       0.13497881896267133       0.67822485116807729       0.48043149201248919       0.13112936588442159       0.50717669438864443       0.49894167172018039       0.81084156033955257       0.32327752067280835       0.59161416945783341       0.42919858874226141       0.48956807774695371     
   1.3013249635479007        1.2346442115700822        1.1949110565335783        1.1903076456375803        1.3176328172371354        1.4556818941552110        1.2089054970485580        1.4930029924958459        1.2153042734629469        1.1992042982506823        1.0546972196969799        1.4861796024039626        1.1534740933582417     
  0.66231288931280408       0.94685517755390991       0.14369227939883777       0.69165369213028061       0.49635546526511998       0.14014778689734317       0.52133900973448988       0.51542232225459206       0.81550221776385623       0.33093900882938532       0.60091731096521706       0.44776298261450026       0.50592677060383839     
   1.1834472923596702        1.2463012711044956        1.1122997163264619        1.3107816952251912        1.2709836440576174        1.3070658069057528        1.1856372646160196        1.1765656755487113        1.1924811637462553        1.3370117154467673        1.1631669152525044        1.1228054327733736        1.4079940783498017     
  0.67428209668407757       0.94990005498968655       0.15270558263599868       0.70348749432044422       0.51261903476202775       0.14934849342035764       0.53531517257943606       0.53196315453112686       0.81976661126909534       0.33856439565096719       0.61008912314461139       0.46625371679572819       0.52143646222201634     
   1.2246909471572496        1.1644922587529480        1.1304294636558583        1.3815413984586751        1.1748183118706839        1.2455841283927627        1.0740361614753065        1.1848411830921448        1.0350889575947930        1.3650661428670461        1.1066361301774807        1.1149256011504634        1.1822871145490903     
  0.68589939223268326       0.95286109726165658       0.16201378096520166       0.71501121162576409       0.52974959631998308       0.15876138301061754       0.54966727819103056       0.54823553588550422       0.82421644630842950       0.34583361166044330       0.61908654112292694       0.48160799419787187       0.53710277660626271     
   1.1795004590434106        1.2533938675793985        1.3933101927858287        1.4183944121306418        1.3295285351891468        1.3338868370522956        1.2582628938435747        1.3325406144479157        1.0272317257450068        1.2208287070129651        1.1501264451626243        1.1230291306666957        1.6272028003609305     
  0.69619667885437286       0.95577906680168534       0.17147694936831362       0.72600958173409447       0.54684459997334556       0.16808610610363878       0.56302911220025631       0.56391643098849120       0.82890329654874428       0.35325291881448612       0.62898016677603952       0.49646176540600051       0.55303494357043470     
   1.2091227809224518        1.2200970648859775        1.1146527891159692        1.1724874751520618        1.4019732543474144        1.5422975431229340        1.1758833255844963        1.4367648121757042        1.0328278068713825        1.2930011642640844        1.0549263888606097        1.1925565271093130        1.2065098147689051     
  0.70676839444805684       0.95856210042173873       0.18186022822840467       0.73726749012540249       0.56365685091557505       0.17726068183905322       0.57664537250980852       0.57870853813063128       0.83328564607631594       0.36155311966051001       0.64035391975449873       0.51229188550584437       0.56893897157427609     
   1.0865973351849696        1.2519945399773544        1.2775245244150948        1.2143178439009370        1.2927513078405903        1.1710816316108605        1.1088529702141254        1.2880850066029990        1.1381754172411367        1.3627088038216162        1.0865967344492946        1.2694575659479943        1.2356645713956191     
  0.71684765332131173       0.96108289817269454       0.19369394591328046       0.74872356003472296       0.58135872088045393       0.18711535154199346       0.59063486742159843       0.59495790128002435       0.83975935366130827       0.37051092724027984       0.65241555401440920       0.52957530815927345       0.58295591214698572     
   1.2565381827692741        1.3031866740090772        1.4907422520524742        1.3187784361883197        1.2424831527610403        1.1372533909417779        1.1850049116866292        1.3993357903546741        1.1987289012828750        1.2859244821044824        1.2209143113599872        1.3332860531584467        1.2480910104041103     
  0.72715186152313283       0.96347360400325255       0.20453745659795922       0.75940215808095213       0.59939617869586104       0.19918320418219104       0.60558287742509498       0.61344990798196897       0.84566908194843271       0.37971116115415887       0.66519809145729281       0.54736605190857213       0.59801075069584175     
   1.1308993994423833        1.2333995627620400        1.2041245914707503        1.3476851555778033        1.4036433142370142        1.2856379458575846        1.1260190085901536        1.3188613856946401        1.2063742150432930        1.5002250945952103        1.4555928743397879        1.2889851281883253        1.2206361023302952     
  0.73600172266485642       0.96582268247892400       0.21645828072255910       0.77009054182858239       0.61592910476689910       0.21232071705127528       0.62177913966575782       0.63115987706944199       0.85167244761003846       0.38948620648008975       0.67948270659904675       0.56513093401427705       0.61535936427966098     
   1.1635693248908967        1.1680229231859018        1.2013794648742684        1.1710312622465169        1.1502761665055554        1.2634046454446051        1.0812380070521064        1.2693587555321781        1.1550028695681274        1.4835304683296486        1.1803360499234385        1.1761312721996098        1.4557410415730749     
  0.74420665645055739       0.96812872301478792       0.22861695427557896       0.78148283961760090       0.63128204202506177       0.22615979854308849       0.63619003791283657       0.64767577431738399       0.85729572590713454       0.39964858939452258       0.69404000116657938       0.58275425407679893       0.63433838071303161     
   1.2410194976850184        1.2837530300363234        1.2759715306960799        1.2485585532964689        1.0209337433887771        1.1172223550075233        1.1281505292862786        1.2463404277154455        1.0667700637793402        1.1834205207737731        1.2253405712704886        1.2287316718555714        1.3851738344008728     
  0.75173575666431514       0.97040677457474489       0.24173967600223781       0.79215982339305746       0.64713103981000053       0.24020445853370748       0.64987606023317646       0.66415861045428437       0.86330040412927389       0.40881689190505394       0.70780724266778305       0.60048400766992438       0.65507350795113473     
   1.1207673001346012        1.1612145437472947        1.1127726401578344        1.3049567837333738        1.2817689437850921        1.1563982143153579        1.1260310906155933        1.2905597753782172        1.1960844917318929        1.2319441362161681        1.1298714780749999        1.2355211310922902        1.3679731960500094     
  0.76013682115958880       0.97251514575385856       0.25567679479449151       0.80221408476627232       0.66088861525377729       0.25553770475653631       0.66313560454906428       0.68014114971011297       0.86929996267773102       0.41744749261780606       0.72088291390730519       0.61781168679599074       0.67555966712817239     
   1.1809420179823591        1.2164408840038627        1.2428134376574722        1.0994601869262939        1.1579687349322298        1.0618993548348883        1.0752704179084651        1.3642697371721650        1.2283945315048501        1.2416759837649352        1.3820247801618695        1.2641443130731516        1.4808350246142876     
  0.76839659469899113       0.97453326130907170       0.27028760510470207       0.81351081376132461       0.67489612178491332       0.27074039143596024       0.67668411558830810       0.69695758271303299       0.87558571241004879       0.42684402828015400       0.73338866064417363       0.63569174688419450       0.69510926767953907     
   1.1358834483131712        1.4588092223747320        1.4102615838272510        1.3055075353640850        1.1251150917699029        1.2698953911576987        1.2863052645367128        1.4484983720950424        1.5185210891815772        1.3203346337449440        1.2585371400642189        1.1820572114323287        1.1998452478042125     
  0.77716802722212630       0.97637374991193515       0.28533530030941923       0.82262016089310575       0.68868422236251869       0.28443673490708987       0.69193526881946865       0.71099713756353633       0.88211807898281669       0.43664868340629504       0.74641226688650608       0.65386780319322502       0.71402825337557385     
   1.2721785594903994        1.2817989971633825        1.0798468312006628        1.1228229394539102        1.2888377059349303        1.1447453345715590        1.0941807334616729        1.2723965070865906        1.2441766392220057        1.2073248599224271        1.2556569235291311        1.2401644983406266        1.4638438804634102     
  0.78685577752022096       0.97816747175109642       0.30087092689503125       0.83135291438112080       0.70324768768976231       0.29927614292971427       0.70866411238987459       0.72613225836224360       0.88823484641884742       0.44759787996614758       0.75907311124971577       0.67018075565056856       0.73229580333313971     
   1.3866980651859582        1.2236216464655516        1.2185718210408174        1.0456485838522991        1.1519456842726992        1.1679384177198113        1.2618117750250981        1.2284273908488628        1.0481339394434477        1.3041711373869873        1.2631921253308711        1.0769582090907612        1.2861334831272599     
  0.79771077380133859       0.98017829904325293       0.31662910560653862       0.83998166998938151       0.71876139564109565       0.31455579946434209       0.72591101693816207       0.74008271347344379       0.89395476756560222       0.45870248009390929       0.77247239488826624       0.68473149101548170       0.74950233816271750     
   1.3794599235970095        1.2949198856946289        1.2270581632528978        1.1904372851288629        1.4652591986676542        1.0296014482807385        1.3228382970953922        1.2353400634021141        1.1609466013801673        1.4882262349028761        1.1654516657061040        1.1352726709957734        1.1400736164049754     
  0.81040113811892067       0.98237413628839498       0.33277230691225923       0.84992290710827523       0.73593781159346161       0.33427743541100902       0.73992837742245732       0.75216540443384972       0.89944550649140675       0.46976637181196662       0.78620455477580675       0.69799455100235663       0.76616599945851183     
   1.3823015221403949        1.3668558373874018        1.3177066126556318        1.0296845354892448        1.1348476251429902        1.2758332819479721        1.2291294564738813        1.1553803369605602        1.3457052275452062        1.1988195601049310        1.2887055760975858        1.1627550479465536        1.1814045467248753     
  0.82390969013717752       0.98439420021686996       0.34972161893662618       0.85921284670541620       0.75322984593846187       0.35586763562071333       0.75186752450246053       0.76397766500223840       0.90480177851491994       0.48086249029986872       0.79906658971335054       0.71141204751341069       0.78251632903315338     
   1.3215842954234658        1.4445089760171508        1.1417328254815133        1.2122703322076289        1.0563384994272764        1.3657658909239638        1.0469112085471948        1.1207577656559211        1.1793706598737790        1.5055151876764949        1.1761596331879920        1.1355385561621425        1.3461808184815089     
  0.83796766504751496       0.98595172364697592       0.36778768880774410       0.86710268015955516       0.76612082305718721       0.37782677742233933       0.76397120463470747       0.77719681742509994       0.91023123853594212       0.49224227440493623       0.81166220402439915       0.72641351920156383       0.79809000708414635     
   1.4497748045155103        1.3259196644701643        1.3877557095856119        1.1654036275063613        1.3549370232673768        1.1529604359865075        1.4441567690919312        1.2126733207935965        1.3139175032417107        1.2816545351306863        1.0634401006926504        1.0752786388047810        1.1513181332193632     
  0.85176372229261321       0.98725526105209571       0.38682457374256518       0.87399335392402000       0.77869526468314876       0.40120483598694590       0.77551821965103551       0.79200020135200488       0.91577610941111820       0.50367190584655674       0.82435873035649376       0.74373579780280419       0.81390510848954056     
   1.3043496376460058        1.2274111027808443        1.2536538601096283        1.1461446114053868        1.1047385913995937        1.2946451248533528        1.1137336345349351        1.3008810223987877        1.1869039962767023        1.2554255599127515        1.3970502530879871        1.1006882800558846        1.2518076523942649     
  0.86510545680389439       0.98849404458431178       0.40464434239222064       0.88086248657464006       0.79158154177816220       0.42765145997401482       0.78673608556019869       0.80779951895420576       0.92122210366892798       0.51569239469438666       0.83693832079949504       0.76380121224996400       0.83000040041750467     
   1.4660604747254102        1.1970734482273724        1.3076738170175757        1.0210570981710225        1.2658389624253259        1.1071588212757051        1.1506264527713013        1.4307730651929502        1.2394678194186035        1.1701667478363680        1.0656218776283677        1.0994096794698993        1.3579954606124101     
  0.87685739483511038       0.98951586796949442       0.42248476837974663       0.88890385644934145       0.80506115150968161       0.46142415705541490       0.80110672105459346       0.82377445331317278       0.92657602922020865       0.52932051086102927       0.84907477174086732       0.78662903454576139       0.84879127107286079     
   1.2682697014711781        1.1369027287156988        1.2327250613988980        1.2160009116928630        1.1415917458735378        1.4736422753077516        1.3040035052947661        1.2701956426679144        1.4863113207279841        1.3608851457026632        1.0293551595478905        1.4034528485766278        1.2008851164289212     
  0.88760475437137965       0.99051728434265907       0.43964279439287751       0.89793192210626560       0.82192939218179240       0.49697668152595659       0.81708620965707879       0.84026721701736040       0.93211758541620038       0.54437463122361385       0.86076802805145147       0.80971096654597829       0.86844544033336724     
   1.3889731554641376        1.0399668265040913        1.1192902464655572        1.1088033641497197        1.2492350376967229        1.1567519532406993        1.2471050095204457        1.0837796770792960        1.2851946611473213        1.4597380658437840        1.1567601842894533        1.3237255939258705        1.2631827433604066     
  0.89843013272393957       0.99164596540567962       0.45756572229621717       0.90701828418616748       0.83754126461099165       0.53594527821200577       0.83494158944657348       0.85523657635524286       0.93800418146749853       0.55983364693015603       0.87157695011156311       0.83193948526617378       0.88575376673444672     
   1.1869529953979610        1.2203456837358715        1.1697151513366524        1.3057101205551118        1.2237065230916278        1.2380473278490860        1.1107823655385651        1.2109467173728978        1.3448044496115845        1.1648226322765316        1.0480403038105424        1.2949769790382204        1.3023749007364009     
  0.90832904433992701       0.99273744594285029       0.47666425431599968       0.91611676080291526       0.85522834017967708       0.57404965883838976       0.85362456184562674       0.87032647714777278       0.94394078147024718       0.57518497274266678       0.88120596089978565       0.85300832689693185       0.90089407632187268     
   1.2099003360168643        1.1962825950840801        1.0761951329072230        1.0164917516516931        1.5984312393549232        1.1873406993507321        1.3658987644820426        1.2737699351885630        1.2041239403559261        1.1800563145595810        1.0940048323392639        1.1480756322025418        1.2370812343186415     
  0.91844752922678907       0.99373717016863261       0.49890604534573679       0.92618892102733819       0.87392605603062634       0.60373225852939394       0.87186227561768670       0.88626645173304242       0.94968569185743001       0.58888056726736426       0.89203988192726924       0.87406792635119490       0.91560217807878208     
   1.1680660486727605        1.2209719536589247        1.0164917516516931        1.1102224521077872        1.1845295245180658        1.0890807997502474        1.5018001300868582        1.6026645641435939        1.3966133547304409        1.1450491154506826        1.3749938864643563        1.1782493940687195        1.0937858705586232     
  0.92969149468343459       0.99447060123219455       0.51976207189190815       0.93701554489492433       0.89244740553655078       0.63363381450305256       0.88960247628673728       0.90236433007249806       0.95504498238650704       0.60452949605872486       0.90361794056520472       0.89548721487181870       0.92924140373299480     
   1.2809208634255591        1.2829903138105070        1.1500324998300286        1.3028556134820950        1.2043783223118492        1.2642172196130350        1.3564830934926133        1.2848376478815307        1.2922824936182635        1.1738966302469700        1.1200448304765389        1.2156395092401324        1.1802772517361346     
  0.94193727056217724       0.99522068276497078       0.55727046625460075       0.94762249933279752       0.91071627406466915       0.66635156868031487       0.90695615708553190       0.91799900858381933       0.96010925408186165       0.62229470962132238       0.91628247600854362       0.91654670322015164       0.94140661349076971     
   1.4209846736885390        1.2128977034585493        1.2802042066128789        1.2544034968218118        1.4080129790398632        1.1137639836117401        1.3115037356604278        1.0616104881556345        1.4216715581469066        1.1640860316687833        1.2180940322905576        1.2731701964317177        1.1588385828693433     
  0.95503419316638971       0.99613766243633528       0.60572006957639390       0.95847703079276791       0.92894595950391268       0.70763877354694804       0.92362461521695349       0.93331621336675863       0.96577407040348007       0.64372590236442573       0.93447622149001019       0.93577756725455752       0.95322240794668212     
   1.6809203161358020        1.4667865355988654        1.2692135958980235        1.1943164186999533        1.2653903633401076        1.1756826441343444        1.3117867166075821        1.4139393988766220        1.5584372571155582        1.2323447277290629        1.5810110126890009        1.3130547632733192        1.1455978911741562     
  0.96807018049067595       0.99696521739344102       0.66529502395051010       0.96939494234203560       0.94699402953222045       0.76133623552379859       0.94096829391888503       0.94853924585217064       0.97162699779214490       0.68272568008402190       0.95086679888430681       0.95285427408738910       0.96498402838728303     
   1.2722019204363442        1.2841618390000487        1.3638919122372655        1.3885105361235566        1.3930077202159916        1.0324251797446597        1.4156337386035636        1.2372292211960565        1.2956214325215831        1.3666882942485079        1.4377985686791377        1.1433513959039514        1.1928128784841041     
  0.98000175692559977       0.99793760383932084       0.74007812024197772       0.97972462139952576       0.96468634560137156       0.82483964596096759       0.96018200802425502       0.96392049318311546       0.97836850607848957       0.72619851267630220       0.96661839791967674       0.96903635681687472       0.97588264079050302     
   1.2108107510782342        1.8092602812413225        1.1265216646429714        1.4746349212721204        1.2940142409584496        1.2538427881531142        1.3088980432324406        1.1903424590778939        1.2422386865087918        1.3252182164255908        1.3675454961672493        1.2652997230196903        1.0461745755938714     
  0.99022666853515307       0.99901796594875880       0.85337526615633597       0.98941044335814021       0.98212076823072036       0.90732532911034136       0.98007538745684153       0.98251769303806913       0.98890017689411236       0.82852835763722210       0.98200719558103600       0.98453208311561047       0.98742293731951691     
   1.2356025676966640        1.4274124595729922        1.1239165060017258        1.1198807869958260        1.3767692799728735        1.3255496080775002        1.1815461881029523        1.3290827697069760        1.8083422199459076        1.5903569107349882        1.2473188617657063        1.2031296584098925        1.2594346977476181     
   1.0000000000000000        1.0000000000000000        1.0000000000000000        1.0000000000000000        1.0000000000000000        1.0000000000000000        1.0000000000000000        1.0000000000000000        1.0000000000000000        1.0000000000000000        1.0000000000000000        1.0000000000000000        1.0000000000000000     
   1.3215867356251094        1.3909503854975029        1.1755119046053806        1.3848307418663663        1.4886625081397189        1.1736388125722306        1.3000199791265801        1.1655933018072864        1.1160993239391959        1.0721610166656128        1.2592892638927438        1.3140395031056449        1.2536124477884341     
   15.543556901771213        15.076575327223695        11.010468334978428        9.6044159028825629        9.9407696941520420        20.012246976903874        5.5437303747532614        3.8987061301910262        7.4953916981698958        10.446708374127978        6.6883324341171324        7.6822549619634781        11.120756752995145     
   10.209775431706015        11.628369197633754        12.994604656058835        14.226439108735146        1.7480054931104894        8.1017580403527685        8.9026323773146139        5.9216714821980041        7.2756429089876491       -2.0733825229429512        10.979845365516166        7.9747758583564465        6.6856929355144690     
   10.133190542731162        11.316166378505990      -0.61215504524954323        11.792133990051553        7.1280070940597131       -4.1696445054993116        12.003359118058654        5.0301261521865825        2.1059912139719326        3.8146403569971690        10.311635696171505        9.5612783967493975        10.835185982833950     
   8.7939574252276742        12.569504281453431        2.4387260033305682       0.67328549607254851        17.593777616113556        3.2457351970314874        9.1239847053969925        6.2927476084809726        8.1764408834369959        11.540005603215651        12.645189133460542        11.567669943654860        8.2552262771753284     
   6.0597190146892874        8.1887901839825723        7.0788916696424709        4.9096996057255611        5.7499447770397731      -0.64089049854118263        8.4276279071850144        12.574513661170258        1.2660753273921024        11.541895701351182        5.1404691574321983        4.5548590697297247        2.0551261557816889     
 -0.84172926848201635        12.037752894516091        9.6432605078995834        3.8708495938398193        12.695319746087179        4.4314452926413948        16.053036346226254        6.6917912536033803        8.0991471152994734        13.342689506246012        5.3711260617854517        3.5596756784089072        6.0482159209159843     
   14.008389085695855        17.550468151457384        10.459847691933797        13.353346937458381        3.4654360707869469        3.2369373893405666       -2.4047271782787898        9.4148788370493151        10.411362005200147        6.6636765287542543        1.7165329542181524        7.8739374878605304        9.1403462271572593     
   6.3259089288072126      -0.83517056157913316        7.2731254039433999       0.45243529594438042        7.5126199905410092        9.8184016192461865      -0.47081228440937184        8.6236143493378616      -0.65084648268361456        9.5764363546968383        10.552723739389133        6.1414186227168557        9.6881165839628665     
   1.0199815304826838     
           1           1           1           1           1           1           1           1           1           1           1           1           1
  0.57900645962179964       0.20090137991994680       -1.0075153113460616E-003   9.1384142270500170        2.4553085961778850E-002   4.4982787708567641E-005
   8.1749736270154000E-003   6.8143727146111601E-003   2.5791643449773979E-003  0.34028170036757421        2.5773461484735988E-003   4.1651558592682634E-006
   1.3051513997376715E-002   6.8873306892659665     
