   0.0000000000000000        0.0000000000000000        0.0000000000000000        0.0000000000000000        0.0000000000000000        0.0000000000000000        0.0000000000000000        0.0000000000000000        0.0000000000000000        0.0000000000000000        0.0000000000000000        0.0000000000000000        0.0000000000000000     
  0.24052443930475859       0.57080085815657733        1.5004834139176439E-002   1.7667816583315742E-002   4.7924799362548181E-003   1.3586121052288083E-002   9.1442788632547321E-003   1.2139825079624729E-002  0.35518800394421784       0.16487870192131460        5.6619160663672410E-002   2.6375810327616298E-002   1.1733757817055733E-002
  0.79448727015171350       0.98335777760733034       0.90868729392426262       0.92567910725626157        1.1664660813793333        1.0719420599167735        1.2769180603141592       0.93761239777160210       0.76984174312350107       0.77052521431905541        1.0493092140940212        1.0234887809132212       0.83467464402125868     
  0.30367787037974359       0.67807003891405171        3.0290007570511274E-002   3.5391820621701625E-002   9.7051648000574045E-003   2.7247467925855418E-002   1.7298796177641018E-002   2.4870938199528396E-002  0.54436615851470382       0.27336472402807543       0.11529549354383624        5.1655595650244378E-002   2.3306197183149396E-002
   1.0049829949156215        1.0803611946262195        1.0706329734550286        1.0622748793473997        1.0745555885395921       0.89219123446080018        1.1389393984655525       0.94638580255200822        1.2148466995024982       0.94816587419023579        1.0821845822647480        1.0677053099900005       0.93515146287630568     
  0.32547860940301110       0.70559034883851657        4.7976258304966185E-002   5.1721772489786114E-002   1.5156266159537680E-002   4.1733211399258445E-002   2.4208397684865386E-002   3.8545422295777593E-002  0.58891422470612287       0.32417782641619297       0.15140071857623832        7.1610343713061880E-002   3.5043896503320619E-002
   1.3590496166549628       0.94242758242856928        1.0602520537693854       0.99839375519505469        1.1274774179478970       0.88170295543520527       0.92429759789399890       0.92383923256770684       0.89272943099892699        1.0355799429053991       0.90720786252949437        1.2957795413170272       0.86493206161573943     
  0.34193969052013556       0.71676473779156102        6.4923620033256454E-002   6.8089249284423045E-002   2.1066991268620050E-002   5.6635920820991392E-002   3.1134788995154719E-002   5.2198293860455491E-002  0.61939457447483137       0.36031449952134509       0.18392211463523692        9.1609025459673046E-002   4.6673790102167184E-002
   1.1926972217944016       0.90337884601646690       0.95006792280059471       0.92284647891954152        1.1173086606316764        1.0129737147346582       0.92973397964414706       0.88410222467860500       0.91816726973389273        1.1692548580117548       0.93225687460354978        1.1420546627795343       0.87731320167434224     
  0.35776306451674872       0.72728387496298819        7.9149904496136861E-002   8.2932650680215741E-002   2.7371252852973777E-002   7.2601156160255975E-002   3.9491884366361113E-002   6.5957599897571620E-002  0.64555967398260428       0.38683706113707639       0.20424477596654583       0.11031123704095090        5.8344443309680430E-002
   1.2306207074166384       0.94120570688259453       0.93844870218889198       0.97051318893670180        1.0198007264583793       0.95153303741710415        1.0672132083615249       0.95709931366969092        1.0004851845367237       0.96216036512247560        1.0114874395297437        1.0969352802445678       0.93902961111012873     
  0.37270578416919131       0.73588288024695148        9.3168284273259350E-002   9.8116676421845364E-002   3.4147799243522868E-002   8.8603638560906500E-002   4.8290619926736167E-002   8.0283133822064187E-002  0.66253706211841323       0.40976985612135364       0.22426348094131332       0.12928961477294770        7.1115554594741129E-002
   1.0744096965358436       0.95395424990555455       0.96315883016589521        1.0418871267260454        1.0637612872126516       0.96135833316767683        1.1217376757088375       0.93576861629761066       0.92601178116373828       0.88083856698577534        1.1034539819135161        1.0635364915546115        1.0157414844412411     
  0.38676064521957415       0.74388427411996227       0.10613348739772928       0.11327335162469615        4.1175541930299077E-002  0.10493347852497144        5.6659967163950387E-002   9.5398558266255123E-002  0.67870689680076679       0.43014380343255770       0.24025729253030934       0.14867121991555204        8.4848322246654645E-002
   1.2038167230152887       0.84546412525448622        1.0936420937980107       0.95110631675955504        1.0567513812223897       0.95151259809359112        1.0112615084805718        1.0744838968834243       0.88960466844717512       0.95157549377709616        1.0905398701222333        1.1114982346313820        1.0868709570200346     
  0.40070766020245741       0.75133400872693334       0.11950848635720912       0.12819945106496466        4.8248418022479013E-002  0.11991768195162761        6.5116516071590663E-002  0.11068311362291874       0.69395730422017443       0.44903839161986220       0.25715626380771012       0.16789517710846971        9.8674014996907145E-002
  0.90069998786156058       0.83321843500639592       0.99501731245872327        1.1993838467610056       0.97840124312965926       0.98581113239878948       0.95686084327461696       0.82090812596496432       0.89972735292903505       0.95179032604742519        1.0666621620808585        1.0442989400849680       0.97893245066905776     
  0.41351105101234581       0.75822303851159423       0.13328491697573683       0.14364850358100673        5.5332156289294658E-002  0.13362178258834656        7.4585690979103780E-002  0.12580880313145140       0.70884468261445843       0.46640087138030334       0.26936327399330906       0.18457603789429924       0.11643766544782264     
  0.97437752462064287       0.86546944931422753       0.89968169153528810        1.0246054243224774       0.87269993506861232       0.93917786992401930       0.86805786972708743       0.94231703578208192       0.89447498149494087       0.93318748942841734       0.91420125075931891       0.90185064226509193        1.0625675123929588     
  0.42617072743855600       0.76461965709943158       0.14690935135700334       0.15805981423195875        6.2876634439481452E-002  0.14747441063929967        8.4215817256689252E-002  0.14050298644416237       0.72149888091750503       0.48168120608710507       0.28151289203880953       0.20121962569653440       0.13389916964939125     
  0.95338563904034468       0.89608125936489913        1.2689080931238879       0.89362764845181397        1.1336005735542110       0.98952738935728080       0.92923195869667485       0.97477422078125686       0.87851420539886349       0.85227748112959578       0.92881204544372131       0.99850258016021365        1.0479161488860953     
  0.43803859738245060       0.77103217125760060       0.16083624137965116       0.17361837668851454        7.0253411744992028E-002  0.16150621925415393        9.5103272878362774E-002  0.15520443640277762       0.73393020788352814       0.49569034960382558       0.29284385986138350       0.21930596632386695       0.15030642151950765     
   1.1004013700241764       0.80325043574739596        1.0408413023495755       0.88619257536098417        1.1797061369322714       0.96683916048797258        1.0683854706331197        1.0284359114218022        1.1400699089300439       0.93255420295403080        1.0376966396442966       0.98188541600960055       0.95285798836422586     
  0.45003503221900248       0.77745840139238531       0.17409210172044198       0.18898405559108722        7.8795626523033013E-002  0.17643239073845171       0.10541258742675857       0.17045348704193231       0.74527754920936284       0.50867887169040493       0.30356634673190147       0.23745484427314981       0.16671353090848692     
  0.90684118785834722       0.95541883982792786        1.0453881237207232       0.97932711599901567       0.99726857167701388       0.94602290137744183       0.98926615415752706       0.88210296532673771       0.97630393404765337       0.94316294568026793       0.91881245562633262        1.0988275310940265        1.1934560491276800     
  0.46152413196614395       0.78320735775943129       0.18622485032441924       0.20463837964577142        8.6889209845085719E-002  0.19153820030371776       0.11657473098842805       0.18555694076362350       0.75604821422148594       0.52102385252136374       0.31453223480134040       0.25552175133773158       0.18411552857871671     
   1.0663616632444655       0.84881757599408136       0.97904059414549771       0.92905581684355554       0.96912386055971433       0.91725393751441486       0.93107053272496609       0.92279918742973699       0.91835335885544644       0.94633784499894402        1.0621357730783989        1.1652443108649595       0.97085950792778242     
  0.47300976861946836       0.78864561304613923       0.19843379003530442       0.22039289413538882        9.5430089584828612E-002  0.20682968611081490       0.12786456090837409       0.20019004845704241       0.76527955167196438       0.53336355359264787       0.32600142672821442       0.27366445586598603       0.20127649896845201     
  0.86708531625004570       0.97367603220221399       0.94845593119054428       0.88454644633544655        1.1397053390508731        1.1987730271482702        1.0160588527338563       0.96189632177760553       0.84726660067101345        1.0066674731977376        1.0646844387814689        1.1032569946893029       0.89014299836175870     
  0.48385883345009834       0.79403275968281106       0.21068470060115319       0.23678031218374609       0.10399363246519085       0.22195795861771853       0.14108967423487190       0.21457540074986992       0.77383967430053668       0.54474772754729339       0.33728951664864737       0.29075299721950054       0.21881097841044750     
  0.93671318227217970       0.80801665658877331       0.97420972961799324        1.2137831782730066        1.0741474980013888       0.94457971689219744       0.92286984551299955       0.99908395884063073       0.91509766092794398       0.90274719521519320       0.95538851351427889       0.91784750662168868       0.99299799086904550     
  0.49429920025490343       0.79942333844211166       0.22331948328671403       0.25331080157523289       0.11187597523659649       0.23774165005075490       0.15419611183376133       0.23016700589040320       0.78160252447600775       0.55511566845027427       0.34854706618765707       0.30824351455885446       0.23689816637789382     
  0.95870439279910780       0.88501572002602058       0.97110353643187797        1.0567009152001365       0.94161117141418316       0.97009604844885455       0.96328875760768584        1.1256790309809814       0.96015567881413677       0.94742477936650538       0.97869274477584367        1.1860540156402457        1.1004656003769162     
  0.50432282650021842       0.80493015677885260       0.23552304800982826       0.26859865206667582       0.11960498346168900       0.25381722240889681       0.16895343608425331       0.24628091066771229       0.78913133505296651       0.56414408677724470       0.35958284310511940       0.32359729871085269       0.25463937263877345     
  0.98917184439187056       0.95777958465939195       0.95314187870685863       0.88331323311751941        1.1039444535887519       0.99741427886335077       0.93223962843457742        1.0416692635201517       0.97643243455664985       0.96518879428097926       0.85195744784662975        1.0499911347746056       0.88467117718528276     
  0.51428006448764085       0.81046895786056461       0.24746800793563425       0.28348611274183322       0.12922669399365502       0.27058574351944720       0.18357266089039723       0.26275463228514606       0.79633109434132454       0.57317755670356652       0.37056618210825309       0.33891648686091713       0.27216037529407611     
  0.97916454287069510        1.0827365159518685       0.90129390344046278       0.93339711135397596        1.0303750785312935        1.0069666206864578        1.0360632335311801        1.0476442863598072       0.84554806606591248       0.86078025699324068       0.94237904328402644       0.98779482863925883       0.92356831189303579     
  0.52447208139502821       0.81551388351878717       0.25902281503404584       0.29916173443124633       0.13873708467409224       0.28720319315758663       0.19697134262852808       0.27925975049607776       0.80356774642530571       0.58214637093261068       0.38324108013975960       0.35413094088490527       0.28998931414857904     
  0.94896292185482489        1.0121461681447468        1.0547205822355030       0.87487250977651543        1.0184371956441469       0.97540370935584486       0.99434374525180547       0.94605671156449367       0.94748035443774825        1.0025359602272961        1.0066274397748476       0.89284706283649840        1.0022122563482219     
  0.53481531483618228       0.82046220282910076       0.27050759186963264       0.31533234732972182       0.14845873969533868       0.30344950349222194       0.21041779472780184       0.29581273146248177       0.81086554570635050       0.59076168272990359       0.39587871001670855       0.36906956629648374       0.30838849757310682     
  0.92117244782457830       0.85306490928218937       0.92125853540532887       0.94068981217284320       0.91111365120383503       0.95563537862997683        1.0698217747317882       0.91709152245236181       0.90655713809711791        1.0747104448550600       0.96726836923710868        1.0756293379043100        1.1678815017918336     
  0.54529281464406243       0.82505899953390516       0.28266515056552444       0.33270033422194545       0.15844640527666276       0.31970764368363253       0.22378290686760016       0.31270303532078975       0.81763589657169855       0.59911605659360401       0.40849369277614328       0.38343098186649671       0.32547844633747947     
  0.84013782116267044       0.94173972914901150       0.91356386650752464        1.1228170208202028       0.95071691755437349       0.96642549650280585        1.0551139106767327       0.87407062885467579        1.0195332151475944       0.94998332045380784        1.2907975459962608       0.93516157223371321       0.97115944138961119     
  0.55561462575374188       0.82952582340309511       0.29459126523707230       0.35049705140633031       0.16853677799461753       0.33584793017467984       0.23827138490171071       0.32969837054157386       0.82363095523530605       0.60757218330785479       0.42079323255235196       0.39766423096533776       0.34278875415796795     
  0.91445068839219190        1.0044822292983346       0.88675292881490320        1.1746846903670884       0.95019952733738244        1.0806070324497850       0.88954395690276788       0.87680029169251716       0.96989265606032293       0.86055923731761430       0.82518585248497844        1.0418978472645202        1.0677032052151876     
  0.56624403668563950       0.83406589010919963       0.30739242048753479       0.36794683430443437       0.17856589754749458       0.35194870831424119       0.25365581204796578       0.34657173687027859       0.82966524551618315       0.61623378148831576       0.43293560734799436       0.41227935069009436       0.35968946916755479     
  0.92121330317615313       0.81878875646880522       0.95432299564051282       0.99825819107246361       0.94854775526487767        1.0074647181495588        1.0878917383288600       0.97150469814384688       0.87828662760552711       0.90513090265911345       0.90150129815047830       0.96975807311288420       0.85726581838858007     
  0.57660560699604679       0.83855735772452378       0.32044455482076034       0.38529978941455145       0.18929819213298876       0.36786552081925811       0.26874802551063964       0.36289596601687507       0.83568777869303879       0.62497529237408100       0.44550901275746319       0.42684469900391314       0.37657725444719009     
  0.93639580323152438       0.86692193722521460        1.0329328697505618        1.0001841682838100       0.99744392377174995        1.0078655221076056        1.0388803250316403        1.0089646435036168       0.97707406012175824        1.0621781351309170       0.91920480326812737       0.88267612767979808        1.0203194967202187     
  0.58693418881773174       0.84307739146905669       0.33302935110589288       0.40091514570006054       0.20021976362037519       0.38311604644916986       0.28385521667996427       0.37917259714063245       0.84141853494001384       0.63361370640614600       0.45871571073220613       0.44135710050275062       0.39407915055185450     
  0.86348831311047269       0.89424096846779411       0.93973031500517190       0.94977641039990346       0.82747253764393469       0.93491329340846019       0.90655019476259113       0.89731408377685418        1.0204401088366062       0.88631272093086899        1.0573191749152200       0.95888613588569938        1.0722967159752936     
  0.59750178449814884       0.84761861295433927       0.34570807342762661       0.41656752462048019       0.21279354688418595       0.39769750252251646       0.29894452184353831       0.39593009178771077       0.84667248317393196       0.64187804601748344       0.47160651882105831       0.45573639287514228       0.41189145592719423     
  0.89019537196588516       0.92760045101064803        1.0970781960942291       0.89891884586738802        1.1684055018927397       0.93956801830599279        1.0142516735058704       0.99677474682737088       0.96451599035910229       0.95600896565267912        1.0211019772936465        1.0050374010330407       0.90971961440143367     
  0.60754530714019961       0.85206538228912432       0.35835827759830952       0.43023612276266376       0.22520512090240780       0.41145304235306818       0.31570362952266801       0.41246156874908296       0.85183486330368907       0.64966590683275227       0.48460561700087829       0.47032928399188173       0.42722583225048105     
  0.96140105395014386        1.1097144596772257        1.1107096751186347       0.87295042881511997       0.95877108075602102       0.99659188912719154        1.0144831644653709       0.89917620101971985        1.1271947296658220       0.99554979118364184        1.0060955712154491        1.0622086125103718       0.80429238564748240     
  0.61715727808112875       0.85653022396566447       0.37090359967771180       0.44389994086669526       0.23768945289647364       0.42546156410108815       0.33310145303358341       0.42855637353058657       0.85683535941640065       0.65759691295599221       0.49790375977092483       0.48537830666732812       0.44243238604187335     
  0.81314576312429088       0.93880724821510397        1.0468582231047139       0.89346866505539635       0.95961148564971421        1.0506097046452039        1.0042384344451576        1.1788162992603592       0.97973189345389888        1.0221608408360841        1.0377834378690556        1.0707141747552964        1.0169889182260816     
  0.62759776704689674       0.86088439429512209       0.38297075836305261       0.45757154933001243       0.25102104724295254       0.44017026338278942       0.35164130430527951       0.44477346472839568       0.86196200737986617       0.66469498773086899       0.51173818336023635       0.50071737948572659       0.45639821233873989     
  0.94540894030364286       0.88575666040816203       0.90899807637906282       0.91479034226678546       0.84025217334737956       0.85776797252622461       0.98157119151048389       0.96273906816015775        1.0401468130109564        1.0047157509464537        1.0498693508560457       0.84541014082751298        1.0699007984780435     
  0.63792693519027777       0.86496125975738714       0.39502102817567436       0.47141231788453575       0.26544064583126009       0.45508356491715807       0.37061367838373865       0.46004084033414988       0.86672710055223301       0.67184150406001819       0.52663930931359504       0.51616208321000479       0.47012006441088688     
   1.0305957618021453       0.92711795775291239       0.99033791894337753        1.0130756322046528       0.89806197441220748       0.87705555946918656       0.99520580977061524       0.99648746830725110        1.0562902084241224       0.83126317235385738        1.0288616028134148        1.0804863247142324       0.92291269761716777     
  0.64935123383537541       0.86894252356854162       0.40623960528210729       0.48540398468682050       0.28027382102365134       0.47014420593898004       0.39105420884561115       0.47484154285094743       0.87141242755294690       0.67854272750656919       0.54128272736834071       0.53182685456677359       0.48430282473377295     
  0.97296090268514968        1.0461115685902234       0.86223997349389658       0.90227692956466010       0.94159270454610189       0.88879682558829354       0.95824618365667991       0.93523976325234259       0.81609681151336766        1.0939901030816739       0.97775740041745174        1.0044948671397209       0.88917577240908108     
  0.66067492522235738       0.87294175911278660       0.41778919224285471       0.49921892826321795       0.29646355202556435       0.48559101884486089       0.41129371232030576       0.48848802113903167       0.87597638727345284       0.68552325761912536       0.55512641127789297       0.54676306052450963       0.49823774091664635     
  0.89749956501449857        1.0660938188831059        1.0418017773438060       0.95390592712432942        1.1741012454322091        1.0405034047069106        1.1103198253716577       0.92155388610175237       0.91108832507612958       0.97990142950450665       0.90910014661201199        1.0387335954603980       0.91820687651795618     
  0.67149947507786434       0.87690409066147212       0.43070704128725135       0.51250068937091253       0.31246690042917724       0.50167362779222968       0.43153499571526716       0.50187591169765988       0.88055842131741990       0.69275438264614320       0.56951955301694357       0.56132222552946454       0.51308762136628050     
  0.99157871890861304        1.1112069633660768        1.0449419333365404       0.86015199399849884       0.88141364978016001       0.92781354237795666       0.85821167565267475       0.86326347053537977        1.0027352484714622       0.97323883042610326       0.97904408328189041       0.95727481740738485        1.0426271549139496     
  0.68244627078769382       0.88077306654378118       0.44345143289208072       0.52597935646379845       0.32858149404010240       0.51749768808783703       0.45269231469261351       0.51842295055444321       0.88513777634327628       0.69988228335884473       0.58401338985808282       0.57570121519352513       0.52769341978592010     
  0.92197879019201046        1.0172171408344222       0.98806520105547158       0.89632198484467362        1.1108890266167504        1.0547511329666623        1.1733903134468526       0.98720654996795065       0.94310108211250354        1.0198272031495335       0.94528198706445576       0.96807597554422786       0.90345037484112389     
  0.69290960873039731       0.88472251220341169       0.45628137791737305       0.53972009876308680       0.34544356227576950       0.53313217632737353       0.47226628258644454       0.53481291886916116       0.88979311574018960       0.70680349798113629       0.59892429802924851       0.58986553746621584       0.54314726793111079     
  0.93865116250237046        1.0135727874055387       0.96923552186201600       0.89542850194435886       0.93192737317599661        1.1783149566974163       0.94836422582975355       0.93271394626492155       0.95081043156496003       0.94814540002447834        1.0423680085699043        1.1218951472153877       0.86271427599500294     
  0.70338683623979070       0.88839293289273535       0.46897456494830198       0.55365128513763240       0.36311025008722098       0.54881867067843426       0.49146705392100010       0.55307734320112467       0.89389507918978850       0.71363659547626757       0.61427612408218490       0.60404706073910763       0.55933487373804103     
  0.95792988036624305       0.99997767688513073       0.91310242880596437        1.0320564362106317        1.0509901807858568        1.0779762621709521       0.78303112533982822        1.1146843556488564       0.92915722370007703        1.1247299790764345        1.0250378464442771       0.85350552377850075       0.91316075713632716     
  0.71400432484572429       0.89215616312335511       0.48119958847739525       0.56757447507644421       0.38061856878887729       0.56419900061754757       0.51134609487013838       0.57107427605505623       0.89739040387724200       0.72023595825499775       0.62897350438797139       0.61835955239888496       0.57654798497002524     
  0.88985102693757745       0.90228230867522063       0.85243312776720626       0.93415239320432975        1.0733885111571089       0.93517684902643294       0.99007517412491974       0.99295054578806052       0.95809064778405517       0.90467719992746010       0.92501050757118275        1.1280651766584648        1.2734444340568116     
  0.72482512620766548       0.89583277952103990       0.49402781383344646       0.58185866203516523       0.39894692959720374       0.58013872076274409       0.53081219168091942       0.58863880594630213       0.90107739126641540       0.72681781902480802       0.64314507555099254       0.63255862684167086       0.59375463034976439     
  0.93509234528530449       0.89636242934503552        1.0021722355277380       0.88272283038239041        1.0080118466233465       0.99611121254135493       0.95019845268123304        1.1036725001623493       0.90703381034377750       0.94495791929988882       0.97811267587400141       0.87527851247708455       0.99061368855969267     
  0.73559058302991109       0.89939789900971856       0.50708088535201368       0.59604513026166939       0.41765868057460126       0.59672704162266077       0.55197743221720053       0.60570038172939678       0.90490464490567069       0.73268152291931421       0.65741964298013100       0.64695200432241018       0.61177052284316980     
  0.85739636257184881       0.95668188319315894       0.93159516357134609       0.99833235367932549       0.87768135928695257       0.97036212884080431       0.95285336098930640        1.0446966201025043       0.88017349350984075       0.99303211057858076       0.95794727182741313       0.85197307891436302        1.0211029342947897     
  0.74650090871723962       0.90300654530842961       0.52050666555246061       0.61137414914421762       0.43673715001736901       0.61232540172320682       0.57215698738472176       0.62216970120230786       0.90857456323463048       0.73802370730303346       0.67192674076152115       0.66133710721598471       0.62899622013094725     
   1.0733443307696868        1.0197316571542856        1.0158066822022380        1.1091866078629051       0.88601666677227264        1.0331897181347338        1.0032397867829530        1.2056039083323307        1.0710042554362103       0.92545096765290025       0.95205159714272602        1.1706081499981911       0.98511558625574913     
  0.75764884518408482       0.90661146462510811       0.53456908100833578       0.62689026567793926       0.45617505569288802       0.62721233687869604       0.59276048560842354       0.63858382724622553       0.91210224877931412       0.74347972814666219       0.68544622663193744       0.67579449399397151       0.64567998848447694     
   1.0056228013608177       0.96832475211175761        1.0376880582134833        1.0815175162595279        1.0153555811434687        1.1175424297279117       0.93628341269228088        1.1014947048930557       0.99432721739865804       0.87294949108967801       0.93937745698894981        1.0221062427146745       0.95448541475896531     
  0.76809144848086164       0.91023732697099213       0.54878770829740475       0.64259265798750720       0.47515018156470595       0.64237837485950178       0.61329924144110071       0.65468437462157092       0.91564810321796875       0.74890239461196695       0.69788264621368978       0.68941874925189295       0.66232531622357449     
  0.99634971573856368        1.0326341025306955        1.1058704509096446       0.87868587264183173       0.99640408495899002        1.0881490762133144        1.0080508668044608        1.0220600403898312        1.0768853310010895       0.92501263142906498       0.88600520661971471       0.97047574725205621       0.83892189166329223     
  0.77821749984455424       0.91388736278577765       0.56375051844249635       0.65868349534086357       0.49399485023323186       0.65752911095748112       0.63500979636046406       0.67059917282337833       0.91928361015446014       0.75447009125937181       0.71156868416117569       0.70341520263824886       0.67860765990013350     
  0.87907035281932178       0.97842529842870807       0.99425709042910437       0.96361880148462709       0.96761533118321896       0.87986992875412484       0.92482818540571476       0.87742110166310228       0.98272167746439343        1.1619777541228609       0.81762558557408982       0.94910452951189717        1.0111724287046409     
  0.78848506558654141       0.91746820625316217       0.57902668799661561       0.67408720090515828       0.51312902600086974       0.67283925963322744       0.65671248235055379       0.68676942166917088       0.92288253782330731       0.76022235379921865       0.72591644649222720       0.71955154515359432       0.69563882388834641     
  0.80752961792492517        1.0690547425452341       0.91587076164536807        1.0186216772565893       0.80519148023274911       0.95862533210264700       0.95608082220414281       0.96592606551862725       0.93164840458315956       0.93606105482589252       0.92112399121784350       0.94044245585977060        1.0938364970908889     
  0.79914353484962208       0.92105321939244822       0.59451195078112962       0.68874903320617087       0.53271251921148144       0.68850492058185886       0.67778338163441110       0.70324172186333023       0.92624365471913295       0.76619101953039248       0.74069283663598839       0.73589370613196914       0.71177827078561906     
  0.96867913303404651        1.0069978707753595        1.1295622664946205        1.1154830681748797       0.90206101678459172       0.91927155970480412        1.0679808672870545        1.1474505104888839       0.91720102027476513       0.97036458716253216       0.92595410662771893       0.88411810556328607       0.94815511127753971     
  0.81024369263838381       0.92476263533550529       0.60917822730831728       0.70385207146016004       0.55354741163539312       0.70434930537684459       0.69950837593485682       0.71997089630827138       0.92956159749810341       0.77212822335456699       0.75562887796026179       0.75358390296717348       0.72918062685329066     
  0.93602997860908921       0.98173934620717695       0.91756899251424451       0.95854594792202930       0.94253432065764309       0.87640302499143663       0.86285814985571285        1.0141357077926385       0.92805418631123904        1.2504101225820916       0.84869800711767451        1.0573264287128437       0.91030265124441523     
  0.82152191467789781       0.92851853805728957       0.62351359566606424       0.71888041546975101       0.57488391594376842       0.72043870929008214       0.72019472009723384       0.73675754515720571       0.93275316708671552       0.77782789405368402       0.77096601492179639       0.77057853593171488       0.74427881623624592     
   1.1090104846529321        1.0703763921641718        1.0575899167964031       0.95754800145176056       0.94051183644561964        1.0119515011725786       0.96026514848654787        1.0474155178628799       0.93413457203682071       0.85636615847631048       0.86303111093794982       0.95961795121907056       0.88958752554142950     
  0.83261691343969235       0.93215877858270413       0.63789212842233967       0.73465309071075213       0.59596523877070107       0.73628205132331825       0.74076799976539487       0.75335352472299744       0.93608834486680614       0.78339476091557392       0.78648185735523968       0.78621151062362538       0.75995758278950731     
  0.95950574241750597       0.90296315717401343       0.86661431795586408       0.90285714930579741       0.87406913905973915       0.91750172023772281       0.96604511336828625       0.88708567002678884       0.98675695970917909        1.0334952001067330       0.94213580236905647       0.84425174793918967        1.0741139539936808     
  0.84344453667097630       0.93569453667137570       0.65342945285247878       0.75174712397002941       0.61828369811591932       0.75139715726411438       0.76019600886259997       0.76980073382341130       0.93940552453948678       0.78900286915184548       0.80019712548514643       0.80145795004247888       0.77608811815274015     
   1.0750346514181193        1.1967140036874684       0.95318816498959780        1.0292297743503114       0.94967822333551721       0.97241796721671148       0.94774440398812598        1.0679263808204378       0.92907524356372406        1.1170898560586491       0.87512542709307584       0.94725279753037472       0.94545688296276253     
  0.85404841611207549       0.93926230457027760       0.67006851720545102       0.76877812123297107       0.64207420435914009       0.76710473678269031       0.77969871856080986       0.78623525230800229       0.94264351991899364       0.79472397100704983       0.81327729860206621       0.81459941468282759       0.79199275591548601     
  0.95610485653615929        1.0868680924358047        1.1009016670747966        1.2162057679277141       0.86110207331550892       0.93806394691526274        1.0182136255539971       0.99944496320331544        1.1026131633359786       0.90355179866958457        1.0219514305100046       0.84542115334288048        1.0507281151588890     
  0.86462846772893620       0.94294323860943885       0.68764895486034550       0.78523082991264970       0.66659546215916377       0.78410271335554771       0.79759147387455265       0.80247506635731658       0.94588885072847673       0.80049115754491773       0.82655963732286653       0.82787343178916595       0.80799018479026641     
  0.97929442434281899       0.89647166543817625       0.90879098498199717        1.0255424160618247       0.95481208131734630        1.0040460882111648       0.88336746924732912        1.1689061930807756       0.96512149279584758        1.0657427388236917       0.91138408487273170       0.81977449579236616       0.96864291709568551     
  0.87551834801127837       0.94671041871649597       0.70578915527500230       0.80118515380997368       0.69138788036235466       0.80037920305215360       0.81614549447481743       0.81908486967363836       0.94907674605105030       0.80636523453415043       0.83993516969336091       0.84225294779563198       0.82371239707338784     
  0.90698621949754099        1.0552790335087414       0.92377788206511835        1.0285980495822864       0.91479156013852003       0.93792008368276725        1.0938356913909348       0.91784175785509325        1.0692045907029077        1.2063539538838530       0.85039143728413480       0.82187178688773810       0.96913901766053889     
  0.88659650441353399       0.95003707732096254       0.72195781422554051       0.81636106652983298       0.71637355476942333       0.81472445204866983       0.83429974669112206       0.83376819206162245       0.95233944419451599       0.81239003810047461       0.85517476177689045       0.85657165776560351       0.83795525638963986     
   1.0110670813918616       0.93504673113117454       0.93286493072037002        1.0198066799433305       0.99878066852526082       0.88572780437700838       0.87501603124341232        1.0601943700701453        1.0241964158495704        1.0075070824414465       0.88887274345479139       0.84691698661533321        1.0592933420345541     
  0.89781639451899886       0.95335528884240683       0.73788080255619892       0.83160974166031287       0.74104510020292347       0.82954407963951482       0.85318116396071186       0.84876611955169945       0.95567009547252779       0.81840811159103766       0.87002506416152514       0.87050092639743260       0.85315082103950612     
   1.0069694743291349       0.92844894793673916        1.0556858980564645        1.0156698019324697       0.92687613447329553       0.90329726975119562       0.94103039563802782        1.0078351161952310        1.0788918992174052       0.93619404102455372       0.94772752724729792       0.99079741805240040       0.98188886196517822     
  0.90908812110092385       0.95703821175260295       0.75454031152206713       0.84747027393446706       0.76462485045484896       0.84527664107274392       0.87052947333520148       0.86388641310091208       0.95902971070286280       0.82521137469092387       0.88429997522393045       0.88388591457017907       0.86892949755994786     
  0.97442282672962677        1.0121407436718175       0.96381514384615330       0.99615957541961730       0.88468560157268894       0.96693287626302593       0.95912879878588608       0.93734888525284021       0.98748093622070365        1.1798832969076569        1.0090341626696357        1.0563928167050858        1.1110149266512928     
  0.91988323799942084       0.96059609966810744       0.77245068539778106       0.86403435321775235       0.78754715163931999       0.86135672617894110       0.88794695592419570       0.87994207754235088       0.96234860508649889       0.83208079989771955       0.89882186591655000       0.89735906348687544       0.88422330599750742     
  0.99552247786762760        1.0248103201959162       0.88249599626349173        1.0045883582438806       0.87283690257417423        1.0445290818643578       0.95984977167869301       0.95699327142427326        1.0938478003120502       0.98272971945696141       0.99728068994461938       0.99909176952793965       0.97037943117666670     
  0.92997734620771655       0.96463357671404015       0.79936457907974412       0.88198298848236745       0.81143899443387213       0.87838550657484671       0.90300958605769799       0.89498322400529218       0.96567162958460673       0.84120387770886351       0.91320823896044878       0.91070670640419071       0.89898825968228568     
   1.0185991353998480       0.92485357813969704        1.0147661915081694        1.0327014277139512       0.96725127310689873       0.99956539062135863       0.83277407383593682        1.1735636439157051        1.1435604679370315        1.0066680971591284        1.0682704524745441       0.85087487814331242       0.95285336098930640     
  0.94008383612360413       0.96868138851895869       0.82540661371857416       0.89971936047966095       0.83589208222741795       0.89601385299735181       0.91813745624090759       0.90949264639216876       0.96897962186684494       0.85037967312491181       0.92704690101642484       0.92388049339224643       0.91382384960895657     
  0.95791393428488436        1.1613921086276147        1.2807511222222503        1.0184420803154752       0.97402172848367197        1.0268273051199541        1.0651765788393541       0.92450490542752439       0.93702819535454196        1.1215565690020861       0.98908845209012075       0.88810617735052366       0.93197459077711653     
  0.94960660001890840       0.97253800119356715       0.85226954981466574       0.91713073384833999       0.86192555070830323       0.91267509146884607       0.93225517865331931       0.92439656841905127       0.97241585041362277       0.86027487572176442       0.93923001451681842       0.93654685078582278       0.92872392517086744     
   1.0315831580074319        1.3860430014433558       0.99939901128105491       0.93985321632340568       0.89083888063251448        1.0360975162141250       0.81284884389070955       0.88305263725160232        1.0898900901173210        1.0683353786442418        1.0753109263384164       0.84753398492324516       0.98690488382069030     
  0.95958681485690356       0.97629665154885070       0.87962720881366896       0.93464215768845926       0.88770413062161824       0.93033415243480555       0.94617164838368928       0.93942447200721446       0.97590462510379827       0.87058700530979016       0.95148929079505984       0.94864365297668130       0.94424435634701953     
  0.87377361286797994        1.1182384828887166       0.97222664888728616       0.91982777045256725        1.0074379887317289        1.0159862720886792        1.0840873610395656        1.0041528515179527        1.0636545421377959       0.95675685055258985        1.1052801884887107       0.87343027256586758        1.0187907130235061     
  0.97071878826385505       0.98130009754518932       0.90822417842992698       0.95105402752762125       0.91369928151868240       0.94806819636960571       0.96016648859139497       0.95454770662765898       0.98056486919849617       0.88563105212524584       0.96441076972724316       0.96077077001598887       0.95840854359884997     
   1.1110861962762923        1.1905497156826936       0.88700994649836429       0.96756841217539791       0.95388774672658239       0.86824040547429082       0.84336252668182599       0.96127710196760596        1.0745588600254468        1.1211813163255053        1.1732519046696159       0.82563907654962654        1.0532029035391428     
  0.98148960003591323       0.98630258027674667       0.93610967167279779       0.96842888997813170       0.93927928865542898       0.96548761065428035       0.97377006632742891       0.96920684929816792       0.98532156282856287       0.90537611355435599       0.97692413819545765       0.97271900566049563       0.97284572249507995     
   1.1209661842789926        1.1146958845013051       0.87888034425007988        1.1038601380814124       0.97513676965320029        1.0140200465033857        1.0088735313503130        1.0346751976433175        1.1676230593470267        1.1579725938708811        1.0284902465488750       0.86569241678518938       0.96745744947867984     
  0.99089522328542556       0.99290323224651744       0.96717724080671319       0.98420759035343452       0.96970190084218499       0.98287880219339496       0.98670920527431472       0.98486653616670861       0.99208495364899951       0.94202590234940375       0.98862559403023986       0.98629633548761853       0.98621613483651460     
  0.97870931266046823        1.2922514957553062       0.83290989869731136       0.92455550582755675       0.99677443592009840        1.0733919605189461       0.93615891885976599       0.91117141132940649        1.3977835935112630       0.93525960615317683        1.0358862911535893       0.94343555292591585        1.1423966511223951     
   1.0000000000000000        1.0000000000000000        1.0000000000000000        1.0000000000000000        1.0000000000000000        1.0000000000000000        1.0000000000000000        1.0000000000000000        1.0000000000000000        1.0000000000000000        1.0000000000000000        1.0000000000000000        1.0000000000000000     
   1.6602407169615778        1.0379672222909706       0.94191330008606899       0.99179224588970438        1.0354312788903479        1.1283304881722005        1.2213191208777829       0.88591444707972966        1.0806866666736661       0.86627670780113886        1.1821198722642587        1.0407826259195521       0.94747613299309730     
   12.081550598100218        7.5864988596982741       -7.4173540656267178        6.0713072220194872        11.716324118910663        1.0093926942100511        11.806815338083851        1.8879190103781225        4.1480884427861495        6.6928157988385655        4.0321620595971703        13.699357844644782        2.1843730830628671     
   8.0938238652383472        4.6793188599975570        4.3985518376931791        2.8683640289725818        3.7233009551377383        9.5194641783443288        14.499740586057946       -5.9003313636764991        2.0898794814111539       -10.521988535241752        1.8440071681371326        8.1042684577275104        9.0794957301701267     
   8.0555442695843791        6.5546270235031567       -1.0897378535656073        10.913158906592113        9.5576793042441199        13.401778014031036        8.9681993726246887        9.1801022514346435        5.5119542696525246        5.3905460945121408        6.6688327987082729        4.3866458390238021       0.11646603886763432     
   10.562173689169018        9.5599452204953295        2.1241731182318877        5.1770938122828127        10.598050213790716       -4.9981251448010994E-002   6.2351505294082861        4.2896003120084556        9.3716243098320042        4.5101900372747696        7.9222918146796220        14.564784986106252        5.6268860875248601     
   1.3411803341325093       -13.299013219195148        10.082605164913179       -1.1177615097382090       0.69839952317991782        4.7959782113164753        3.5917668984313371       -3.3945993109194674        8.3949928705505528        8.2335799574734185        6.9976849475911855        4.6695864077141920        9.4096856712471695     
   6.7441729297849147        5.9747604679214170        17.041948039240591        2.5876994694108966        1.6773371603311154        4.5777384386559410        5.8538034426736445        9.2618822159985825        8.6361765028406232        5.0126903347500118        2.0312085732746969        1.3407849981745925      -0.36731229079010508     
   5.8386659110897421        4.5481162843523819        6.4902309976311834        8.1879494725653448       -5.1455296897598375        1.1293875775914792        4.0940705123332162        5.7246253524006177        1.8916104281317727        2.7848941629863400      -0.40609691784444107        3.2934430966868535        8.7037809824364896     
  -4.6045752897657364        3.2413793273530884        11.373951811129615        7.3593921263757842       -15.698864192873719        10.148531240754362       -24.734637849655702        11.394043175224384        3.4437652329918849       -3.7891730264305323        8.0580525417952593        4.8346504536556711        7.4037937452431795     
   9.4271548718461551E-002
           1           1           1           1           1           1           1           1           1           1           1           1           1
   3.3496967066988688E-002   1.8120632386338792E-002   1.7179791886173383E-004   4.9412314595846532        1.6058791715744547E-003   1.1126615053687271E-005
   4.2681093799806959E-004   3.1106973951227946E-004   8.3594366433012093E-005  0.41249324545286203        8.3324232870735950E-005   4.2196865818798807E-007
   5.2760007942395180E-002   4.9455007320962459     
