   0.0000000000000000        0.0000000000000000        0.0000000000000000        0.0000000000000000        0.0000000000000000        0.0000000000000000        0.0000000000000000        0.0000000000000000        0.0000000000000000        0.0000000000000000        0.0000000000000000        0.0000000000000000        0.0000000000000000     
   2.0009735866061869E-002  0.17929834029543690        1.2018111518355007E-003   2.1518436357645294E-002   1.3083901203175832E-002   3.5425935897670613E-003   1.8063567209130715E-002   1.7403304922846898E-002  0.29288486740625930       0.14969517109844882        6.7475875551582812E-002   1.5652086889114507E-002   1.4336749387158662E-002
  0.93173202453721815       0.81100009301642717        1.3508973092903622       0.80339486643894387       0.92339764331705954       0.92825984904756742       0.93473444234798841       0.87587296108058499       0.69687174419773501       0.72483720581134614       0.81775143751050050        1.0666907336059803       0.96211122735842447     
   4.0125854494697424E-002  0.27269421688205392        2.4446809702543862E-003   4.3048423263133691E-002   2.6424879737800250E-002   7.0181304652075869E-003   3.4253596484312393E-002   3.3569220506907901E-002  0.48421843422521849       0.21779143549927255       0.12099899129350458        3.1716459572901180E-002   2.7669911616092630E-002
  0.92603110504997055       0.88711953401982868        1.3864029793689938       0.89280114340761396       0.82227243741768041        1.0721914616730059       0.90598495356013398       0.96033827517544668        1.2161178429552324       0.85160187899257689       0.84243531928406890        1.2905891567735701        1.0368267317828717     
   5.6480801562649875E-002  0.32874183694443820        3.7857623312095743E-003   6.3619491492071550E-002   4.1172884215433192E-002   1.0627597194248850E-002   5.0498054854744269E-002   5.0451381256780302E-002  0.51635658100002835       0.24662102428494870       0.15641128168699450        4.4841741882097087E-002   4.0749049160753358E-002
  0.89492726779177967       0.90093221472585550        1.3842300186499747       0.86629665347510154       0.87832732779965306        1.0465159167457017       0.72718853109966497        1.0550698394823088       0.91202183027493600       0.86625477181083810       0.91457295681538520        1.1297954019614715       0.96111444658250056     
   7.3832411166818532E-002  0.37046439070511084        5.2241830994485348E-003   8.4060308599513939E-002   5.6537953920957826E-002   1.4426802416386490E-002   6.6680897283776602E-002   6.7605423326133160E-002  0.54586035027383006       0.26997269076594882       0.18462185408721882        5.6241599853429053E-002   5.3700265132870982E-002
  0.93232975875359536       0.94816944041486984        1.3374584168636583        1.0601974396449416       0.98046843687842855       0.90638607835066576       0.92670699631896891       0.94877110528483943       0.96663520939333991       0.82286887093121630        1.0006532973236690        1.2108381536945134       0.81949886336278177     
   8.9244311471965265E-002  0.40758441021575131        6.7716323779235359E-003  0.10316908905476210        7.3215443935707655E-002   1.8455651786200226E-002   8.2745134126285549E-002   8.4485784246878082E-002  0.56974077043658178       0.29062292829868758       0.20266734780966766        6.7330389332591736E-002   7.0117305864684593E-002
  0.89292880916201955       0.82130857707447980       0.95017249707933460       0.84938829968189367       0.94663726461915410       0.88042290808576518       0.92882914138782058       0.86957312012712396        1.0124380365966175       0.85420259712799751       0.90471565477471361        1.0204453445429258        1.1461865106031024     
  0.10406049322442806       0.43932116868367604        8.5824638800908876E-003  0.12399890710421499        9.0332566651581819E-002   2.2884998489029210E-002   9.8745622372231140E-002   9.7574855342541081E-002  0.58952239011184449       0.30717281595029999       0.21988824685110994        7.8721063569138133E-002   8.5759318418873354E-002
  0.92038727525986208       0.82397725211667849        1.0894015661451135       0.81765495600745253       0.96039188324292091       0.97558106563370395       0.91873906786497495       0.79745035846937906       0.77727685858543460       0.91228509408975789       0.86198718161906096        1.0929514241737661       0.98384259918139960     
  0.11936707440994057       0.46634378312050340        1.0654306510994409E-002  0.14508468858920287       0.10786939556405803        2.7773777485411572E-002  0.11482419632029123       0.10963250254438596       0.60664399295431537       0.32175064922983926       0.23480441881755126        9.0624518002129048E-002  0.10095193469115932     
  0.96879145630523966       0.84560421840586564       0.98504141762223496       0.79872648501847521       0.92500562197006531       0.92418889532123538       0.91262085176367858       0.79800369112997505       0.83787857747140870       0.84103224403323640        1.0407716949728689        1.1465112905396355       0.86690595969291007     
  0.13440600292738752       0.49029794369819840        1.2664127997597863E-002  0.16509119297718550       0.12405586475935032        3.2906040449431503E-002  0.13067611020974598       0.12216517433738419       0.62107419396023100       0.33213525945735628       0.24887680336159232       0.10326990707806778       0.11680581398254894     
  0.87295111513390411       0.82092210731367765       0.92628944173018946       0.94233624930005189       0.83068956490262291       0.86186896903056509       0.89162140527305411       0.74579839340315346       0.82942029001464612       0.83784541710978810       0.97164285646751447        1.1706107990691907       0.89614080481526959     
  0.14880584895818894       0.51208959069593463        1.5331521303562128E-002  0.18437795218443184       0.13938865885451779        3.8037685241999485E-002  0.14727488260982599       0.13617959692180739       0.63441570107249590       0.34170738667929562       0.25904136014119078       0.11673700550696470       0.12870741760405086     
  0.92605150727962571       0.79932627921958910       0.98907942426416240       0.85619799201449276       0.88715603506404372       0.99324803380213100       0.96473540584069017       0.91057953765922128        1.0502710538453079       0.99064961087318504       0.92362666870136934        1.1039458561904754       0.98352461357668808     
  0.16204888910842447       0.53170287139966566        1.8298401707926161E-002  0.20351580182032294       0.15547644884267958        4.3113555783744220E-002  0.16374390407001033       0.15267110828854552       0.64652611499178081       0.35158084661042299       0.26997831747247780       0.13078346907233221       0.14017609327218122     
  0.82193747101341963       0.88060853004197148        1.0553894418739087       0.84412232547081012        1.0088133625682565       0.86977428507748256        1.0759182503076270       0.88315692873359297       0.82869936384668552       0.78546219995360789       0.75289402703456865        1.1691550000650592       0.83128441909501416     
  0.17505975570299862       0.55103252282351600        2.1454020508965482E-002  0.22196362492338539       0.17112352094164671        4.8524769347438247E-002  0.17977052506038999       0.16997256050031231       0.65807576917682131       0.36133345905431807       0.28053758384413507       0.14531102993279324       0.15293168961796777     
  0.81302920832488712       0.96505418573050061       0.99957063065797058       0.76046749816459425        1.0220802370570319       0.91449898579263444       0.90980112126253498       0.95223669803999023       0.76709945803910806       0.83107724529047033       0.98996856872783390       0.92344323176557463       0.80919178257658086     
  0.18846476399944154       0.57015031692392470        2.4710228834025159E-002  0.23946469913487839       0.18610532375759969        5.3973899686798901E-002  0.19580696502093956       0.18623185518340121       0.66847283693961623       0.37184442714333049       0.29079405620172183       0.15975768439655125       0.16817153546143865     
  0.80987721911726296       0.86522023981984642       0.87913163127243188       0.89138652974919708       0.93386966780949743       0.90180848779348544       0.86848620167210300       0.96661001006487046       0.81670709951481402       0.84204478663355886       0.84723189071257665        1.0030360631227757       0.84074095865847831     
  0.20308374187523259       0.58696842982847730        2.8122775980051591E-002  0.25677482278526736       0.20122353861692296        5.9708040237148888E-002  0.21336729417735581       0.20138129094098356       0.67831423515242084       0.38160586465559582       0.30142040793259306       0.17412544589111539       0.18543095595808562     
  0.80295952692954553        1.0619570366060280       0.91651907734276095       0.79036970368114201       0.83295123369811741        1.0886731025451344       0.93131277875302654        1.0940246326156218       0.87906402291301822       0.75686736435054491       0.83988907583593864       0.92200207431065884        1.0321210073051337     
  0.21746374832497009       0.60209403683647422        3.1642742047953268E-002  0.27110892173315787       0.21776337322726538        6.5915917830110540E-002  0.23134473722830132       0.21741722160780710       0.68776597487967317       0.39094711750007205       0.31208880870833550       0.18825906693367395       0.20254260895141796     
  0.86272595282378428       0.79152860010558712       0.84030028871520990       0.80963460119813391        1.0016360786457494        1.1897036103714276        1.3461110985268512       0.82250691194862247       0.83587086121486587       0.85008179986225429       0.90744778409061466        1.0867534127673979       0.89935213829843130     
  0.23349995427820949       0.61654961908739314        3.5371706903573663E-002  0.28505456321765810       0.23476184703183767        7.2467467865623289E-002  0.24877698972462703       0.23387273705559986       0.69670880687641756       0.39984964672270357       0.32335143644611064       0.20296917888901445       0.22009505981042191     
  0.78558809105986194       0.86151348529230765       0.91588541349570551       0.85779444762500556       0.89591499864347535       0.89565528688123663       0.88237130317681733       0.92747772753522217        1.0489470377133943       0.88089978221785337       0.92118825489847733       0.97434957878478068       0.88208558483149069     
  0.24868661227632363       0.63048931551605247        3.9651265645952921E-002  0.30303197993077435       0.25062259500095535        7.9282839642642572E-002  0.26640791222870641       0.25020745264173755       0.70566554249515701       0.40858388750875668       0.33518073008329413       0.21746146910018160       0.23656536420592342     
   1.0810960024777154       0.86532712080677132       0.80817028930054224       0.90158771812269045       0.92125853663310631       0.90162780211213012       0.95540531562207709       0.82190473361140359       0.85977300942974799       0.99402969225079130        1.0249507508312208       0.78894123620312939       0.94751154932976989     
  0.26459195460773005       0.64288695654815409        4.4347104920201628E-002  0.32138929369728164       0.26526539101130775        8.5812866564976970E-002  0.28449676067864554       0.26777864744243290       0.71472713698920554       0.41740905384427690       0.34769792737717076       0.23224526230571654       0.25298882895235575     
  0.89339714978935691       0.80383593135641895       0.88361104488623032       0.88899139553555084       0.77505483317308654       0.87364787808603073       0.85440967437776405        1.0116921064972815       0.90728716000729892       0.92219272766490623        1.0589947132490956       0.81978503187118090       0.89003633175999086     
  0.28018202250586244       0.65452061372801840        4.9202063676469170E-002  0.33983964307048059       0.28096184462008494        9.2645030021174898E-002  0.30203828709938446       0.28433608885378564       0.72352077397302883       0.42622468401715874       0.36057623691112034       0.24703837078730514       0.27160124503606636     
  0.97573863357992763       0.86620747607467719       0.79811998372969384       0.93210729125084635       0.88856171112190707       0.88172944898247962        1.0232393833275244       0.91820519468928496       0.92136568237303751       0.98110999097192997        1.0596600548173907       0.87761141049788738       0.95110544544719844     
  0.29694667974357453       0.66516774147217939        5.4325194283791685E-002  0.35655681476300660       0.29735242422169667        9.9538611515217090E-002  0.31757049134087156       0.29785960148868429       0.73164655756754393       0.43461262018766428       0.37383049420467279       0.26277994402727739       0.29038920978757893     
  0.91332550622948139       0.84924648366452304       0.83669289919887713       0.79419036124011566       0.83713305165881557       0.88341124251579195       0.73384347503916914       0.85634455889374095       0.75399802195583621        1.0007932407049795       0.92406037669403829       0.94256316636858550       0.87076577956295265     
  0.31509161529856711       0.67636428037211649        6.0088599463924655E-002  0.37245643576692378       0.31348953789837097       0.10653759792281302       0.33324553099012194       0.31082286078309312       0.73908630799648345       0.44264043765773287       0.38644585721555191       0.27924052893891260       0.30804701117437877     
  0.96084439143301303       0.77684803883934461       0.76548116843906810       0.82763194194223599       0.92247332509856217       0.88192327021551198       0.75919930001005720       0.82030393017923153       0.95335578819535938       0.89868390606589510       0.96149901032203555       0.95755064476587226       0.95815771298327745     
  0.33110979866466039       0.68770437891763581        6.6445728530734174E-002  0.38722050820386644       0.33079574259945077       0.11346184196651943       0.34639170854778512       0.32368322764726964       0.74595935136108960       0.45043264937311278       0.39975454998093191       0.29620584220557733       0.32557933072062922     
  0.77345139414489528       0.90439809078251499       0.80769484803537051       0.82082906525373034       0.90676100912001656       0.80645255500843427       0.87277165656017097       0.91728039165252451       0.79823952243170704       0.89075511828188658       0.85433862882012079       0.84602343790516499       0.94139047719089908     
  0.34653495515783012       0.69863821460825648        7.3455384069867180E-002  0.40192011345307804       0.34715496598414891       0.12030124915500276       0.36135408906487299       0.33941837614759029       0.75259694398501054       0.45785914737396033       0.41317785882032843       0.31321862949097817       0.34328559147421150     
   1.0410662894338123       0.90871461822423827       0.93294263484970530       0.94188198288078495       0.89073433781361000       0.82530291838590164       0.78388934097063057       0.94271593402247666       0.80872372666489756       0.97060328337408841       0.88220601072726423        1.0101658452449038       0.94988905968084025     
  0.35926163893681440       0.70929852858886844        8.1192300944773602E-002  0.41789038704894371       0.36079253203167222       0.12755191629088328       0.37672745208505054       0.35562751786426366       0.75935416765136032       0.46508117877622956       0.42697846945180173       0.33062822788827584       0.36041605861695020     
  0.82724129095627974       0.86187221331922159       0.85846601887661789       0.93448094330675868       0.85935636725138476       0.93665184295324166        1.1055599408561732       0.88271022408260402       0.81115605580143579       0.90482771615262403       0.94504585106131511       0.88192993399197195       0.99828383524829711     
  0.37481295291361350       0.71964590727460487        8.9361139523077768E-002  0.43365382941811809       0.37429604105389169       0.13581943427231349       0.39137099623205190       0.37084228020841215       0.76596845369864974       0.47256745704467318       0.44136764111905064       0.34866910257211980       0.37829006393680892     
  0.79606051888397400       0.88095265660980626        1.1003874008580643       0.89476495806415068       0.84457424716603346       0.84770696887924568       0.97185342823360121       0.90754823472916801       0.79183129169065536       0.87826914562821301        1.0559951629861821       0.93697799786599567       0.93463547924307544     
  0.38983615442712161       0.72938359739766734        9.7952978843820648E-002  0.44879832864994812       0.38693910401999942       0.14263907229324538       0.40592469685371280       0.38615450679847818       0.77261520442412313       0.48017351021418991       0.45585981564776873       0.36576786869713657       0.39575546196814376     
  0.97320867991541382       0.79286299526815385       0.73895464712197723       0.87733792504643604       0.86449670191309547       0.82679224325410994       0.86448526562752182       0.81440448200950155       0.83091949486931127       0.85574989121982592        1.0367553792181450        1.0470723005441320       0.77545965336259859     
  0.40687249318110952       0.73884288388417740       0.10703241524866230       0.46365701990259556       0.40084862433432472       0.15090928268634166       0.42042887628891473       0.40205560918908700       0.77912367368881363       0.48723987736176744       0.47094544472369593       0.38171012044313146       0.41197996429039496     
   1.0272312109435739       0.79520337539098196       0.86530350119501764        1.0350079998175901       0.82801985602196571       0.84214662587881317       0.88425565339302981       0.87805474636611358       0.83860902744864307       0.90759128658558996       0.92061482107798387        1.0079984872799745       0.83727532101311331     
  0.42453058370006391       0.74832212354671857       0.11691597744099480       0.47714080775311063       0.41503761520293975       0.16044868973395970       0.43526255127962987       0.41808764174826540       0.78570877829850461       0.49368395603588877       0.48661852347782580       0.39639052648034856       0.42798673061061671     
  0.91677716654641928       0.76938043442035797       0.88456015659075715       0.81339903431338945       0.88134308061482258       0.94346616971760655       0.87057669341403643       0.98500219806611777       0.93852578049824853       0.77455936466606590       0.91870361125478117       0.87486374895783470       0.97375455543932676     
  0.44078171924676679       0.75807564281014728       0.12742117564583219       0.49048461582984426       0.43219509009785440       0.17095049153080194       0.45076787691352826       0.43341850286394878       0.79209208093927597       0.49945099358218781       0.50306942590444370       0.40958957367608562       0.44328099706074586     
  0.93183555903859216       0.80173685066380473       0.99902952169081238       0.84601838021339737       0.95230629216450413       0.92043685368392691       0.74244129950360960       0.87116545553639502       0.80947578000903275       0.91566912452923077        1.1307405063638765       0.89698681583518736        1.0633679650676149     
  0.45711616798776411       0.76785814145111175       0.13856731806196804       0.50364847241833366       0.44867213697642805       0.18196735397844740       0.46477235706455311       0.44905208880881470       0.79808354287252203       0.50505755228479010       0.52037128640064378       0.42438541594448592       0.45881298588302788     
  0.99951887744858736       0.88756039918866259       0.94751109897492325       0.86460511299935605       0.81140397996067770       0.94214541923375728       0.80049603338296238       0.91906375385371508       0.85389487273442932       0.83810310518227593        1.0140474370491597       0.95361671832514028       0.77290585483682961     
  0.47391182524352882       0.77758745820672026       0.15029044675915151       0.51685660031082581       0.46405635426135422       0.19301664086464349       0.47629146688776325       0.46495832316644170       0.80442809701454465       0.51144775343771876       0.53764697342832779       0.43964556899474661       0.47393004323338983     
  0.89292083253555210       0.96981187813405290       0.84243318449087790       0.89687155000650731       0.86065579321923769       0.84733230052426556       0.84346963935887287       0.75950053223409297       0.95337198149159375       0.87540688988890392       0.86871619899835173       0.77933258228442381       0.76691844794418085     
  0.49132124831622298       0.78682454393508416       0.16200577267206431       0.53069677899539947       0.47889641091628044       0.20436125548067277       0.48901322459531793       0.47950765220138736       0.81069372488902902       0.51860277328748650       0.55448252488996674       0.45470834531800136       0.48856080376969330     
  0.92193413751192155       0.82223117446437166       0.93237592151152160       0.85593734626100026       0.95351490851582510       0.89241506477171706       0.86207495799621603       0.85911908449713381       0.91472083045024477       0.78779247674278308       0.79947464795071854       0.87603508821690113       0.92253622869102747     
  0.50753008400953070       0.79527475947085247       0.17440252604100856       0.54357491719291007       0.49426514192466259       0.21695457819310260       0.50195647744488381       0.49320425522017064       0.81690155105602791       0.52583906152094884       0.57099610545825896       0.46974998177683475       0.50264040347126981     
  0.94812083357866117        1.0727714641099295       0.89263573154817910       0.82831157148071943       0.90531743724800307       0.94058231535228876        1.0081121861541373       0.86558891978255159        1.0468783021392276       0.94452550366356613       0.87244376818591984       0.84716614163219173       0.93577263862407956     
  0.52271334441530126       0.80317129265840825       0.18704472514145751       0.55644330322061819       0.50990801486391546       0.22990126434358321       0.51910933252816582       0.50731064096199241       0.82298321489518511       0.53312592857626073       0.58691864520474379       0.48460730348782244       0.51775533862766232     
  0.86894807768806426       0.90074410663557958       0.99621965049868566        1.0360380215810694       0.88621826612485533       0.99329742188975045       0.85940907706427794        1.0545337485822350       0.78010192196025407       0.99918350851891646       0.76302310205417512       0.80788950261899672       0.77172539011910468     
  0.53884006464503120       0.81078346112238475       0.20204703289818787       0.56974573308320897       0.52627626121964433       0.24310833599468762       0.53519712057754520       0.52225268727931085       0.82896350427029597       0.54046624040111935       0.60231167843882338       0.49902178610886461       0.53172873939757126     
  0.88048017718392857       0.81295860042920187       0.98278226574850214       0.95403071541921347       0.96409605094929574       0.80701632472505958       0.89637760724195981       0.90433913136545518       0.84903827954766620        1.0917788638679906        1.1966641878170361       0.85779318871419163       0.85892951688426855     
  0.55554250263819216       0.81823894140346642       0.21804556324826257       0.58301762850573391       0.54219065624300744       0.25602964482340557       0.55193460144288664       0.53709502084195782       0.83465532586115410       0.54723211723742970       0.61742101473122157       0.51331049892043346       0.54604682822515549     
  0.87326116281489474       0.94454202007374022       0.84008885478787665        1.0850700404470233       0.98793308867675012       0.74278886306416281       0.88377928752666479       0.93862062791670531       0.85623939273781668       0.78683455438807803       0.89526869375081408       0.78748721276801836       0.84385970284227529     
  0.57257261551716465       0.82536180301162765       0.23455206115127306       0.59635564062024293       0.55820314631891288       0.26836494009110390       0.56897650438408931       0.55152109267354266       0.84000748125782465       0.55442808319192172       0.63313755060429933       0.52787327213937507       0.56063976838554774     
  0.87594497177328556       0.78946471895264170       0.82678839023002448       0.94483401363477815       0.96360899591187466       0.84523121565950354       0.93443824451277047       0.78328220982726626       0.88356304554158749       0.92244817855246686       0.94149109879835102       0.76567422117885975       0.85454215748304552     
  0.58845212291285887       0.83234793743292557       0.25200598723814710       0.61071638662496430       0.57493525150823066       0.28137643510114135       0.58595936390491021       0.56473206983844382       0.84474180354070605       0.56187483326827747       0.64954556652130124       0.54205062530493020       0.57530928768521727     
  0.86886089166353697       0.81130468610544093       0.86799230831721685        1.0958139259130852       0.98269866652054672       0.88424739889913562       0.88970175689669040       0.87206999573109667       0.84470544014469096        1.0100412545612814       0.82886537683621742       0.77774004873086433       0.80851922596986625     
  0.60070134714392620       0.83955342421503798       0.27042561682895644       0.62508043331267227       0.58946759297959050       0.29490198782762145       0.60308846126561566       0.57897123825126939       0.84948514372212336       0.56920693739799177       0.66661730303896727       0.55578590521896842       0.58971264585869398     
  0.85108524146079323       0.88521796334893932       0.87903278913107941       0.85902954795703579       0.91969559167549608       0.89044093814998215       0.75445517447951471       0.89120678832958045       0.88677640059390739       0.89190152947416090       0.76196360365299309       0.78118023368597922       0.81724772778253030     
  0.61373382803677390       0.84663645160962486       0.29010300554834473       0.63964280456991618       0.60298099356427448       0.30943730869132141       0.61896947545062042       0.59287930895166285       0.85436008822881471       0.57660759767959791       0.68330981074675823       0.57037924240073234       0.60338172888842656     
  0.88840751182536126       0.88301928707520172       0.75154704656945137       0.95690870647792681       0.82186770702491030       0.80112089857437130       0.89330498042520645        1.0056183777397549       0.81327593318655422        1.0905762363434952       0.90793380525556555       0.74356253002474471        1.1072178901738232     
  0.62809157376435842       0.85388212801135410       0.30885020080404624       0.65387429512323447       0.61612978082742509       0.32411826741871030       0.63469786899299552       0.60710471175062464       0.85942103296875694       0.58402381028766781       0.69934720380026127       0.58516234580207660       0.61787530680183855     
  0.80792975957559598       0.93319589858061203       0.84907823319402043        1.0546478857795112       0.84077346998939895       0.91101566772290554       0.82217280460199094        1.0069865263091442       0.83486914796682199       0.85438462159829698       0.79469214577059766       0.81931957657383991       0.75814072234154606     
  0.64455598272436432       0.85977183200353324       0.32900420803405112       0.66827653407599152       0.62990982394284822       0.34040302673219802       0.64903238716455869       0.62133586668988361       0.86471762919408779       0.59092070370049621       0.71518003327057400       0.59927746747641009       0.63208614448694400     
  0.90679606323906914       0.82208480798271222       0.95705192517123228       0.90664368801180473       0.81468104719710110       0.91308338175010484       0.90442114815344998       0.76305152698743806       0.78970705377064676       0.96545965212130491       0.83174111939044815       0.82114434314711493       0.80154414688516573     
  0.65994927884745713       0.86464466846610211       0.34817812281742905       0.68265115549492261       0.64460058828095179       0.35670225869547939       0.66245245087859694       0.63590140099966463       0.86993174894051473       0.59720376589904256       0.73052769278740104       0.61345398961387121       0.64822271234196582     
  0.87388911844479111       0.79583287221557486       0.83696947938757515       0.84051702116720006        1.0345427386231953       0.75749680148398857       0.91128704523409798       0.79358847075168537       0.88114477249943257       0.86385021208105128       0.73721410037068791       0.79999700968778220       0.82576375980624628     
  0.67445126172060765       0.87007985668202259       0.36739972125523757       0.69713901536561174       0.65927279652663551       0.37292954934128414       0.67674764025063183       0.65102162733532520       0.87530421658694146       0.60323935444153409       0.74547018551952904       0.62798561530207486       0.66503334929436808     
   1.0473783373723795       0.78002671209309993       0.83872647191182970       0.93479752893389700       0.86921569901928464       0.73808131521427400       0.87245598063349838       0.79560309528042206        1.0550752031504349       0.91820610453523743       0.84411225858236760       0.88711220494792475       0.82804735023544496     
  0.68860766493213033       0.87597762485253339       0.38696375884441647       0.71103444080247102       0.67424158846049187       0.38894450667639868       0.69100863082359221       0.66644642051012526       0.88065192273918147       0.60899541054652273       0.76076557246612941       0.64272897824793584       0.68353586828204416     
  0.99118822056371592       0.74117110675572850       0.75563360090247367        1.0726671480321248       0.95351868368653059       0.95887864084402663       0.74457501412230298       0.87192788167418545        1.0895708746668351       0.87984988002172804       0.86093373690063202       0.82118767093039136       0.88515485674347449     
  0.70286610890068435       0.88267627473453381       0.40945802368321194       0.72448778834183014       0.68979618379213270       0.40556416036786092       0.70651149960579362       0.68172187977819088       0.88600861477954851       0.61578408175867061       0.77521827981396885       0.65797103527805678       0.70323654497785082     
   1.0408296736653624       0.86225868195285105       0.91326699794223842       0.93510470547788649       0.96935101375856891       0.90655218119944081       0.92266928912671597       0.92941787553704391        1.0054924596971744       0.78826335097612377       0.77529175022223962       0.97194030997982639       0.95068409150710120     
  0.71733339453325540       0.88936259852882504       0.43195080261842100       0.73788967223666690       0.70510829000654185       0.42392790730593849       0.72243942722059873       0.69720332512357241       0.89136900216220127       0.62235132906656088       0.78943433392302764       0.67242281695413475       0.72041647476644322     
  0.80778032788445564        1.0848956196284114       0.75355529245202502       0.99113274536682383       0.91899258751214064       0.90977421385358115       0.90591408837598797       0.85412432121712678        1.2641178846306469       0.82583407124950226       0.72333549624901594       0.81546231051721463       0.89799518703114822     
  0.73153934464403481       0.89566115401851598       0.46063605731471025       0.75190682187658742       0.72117402815771314       0.44148625472973824       0.73741249751343318       0.71303674233174363       0.89673785735452671       0.62969566566525459       0.80330990058699669       0.68669781815668018       0.73686519034965736     
  0.88565174847290085       0.93939614721665410       0.95611703282546889       0.88821879189020014       0.78990762844891882       0.89028563578952247       0.82991368401456145       0.84218337207447747       0.83408330663744534       0.91755080533481415       0.86809156069194926       0.91626784605566258       0.80812895307285126     
  0.74650950964228191       0.90197192075533006       0.48956771690475054       0.76455065052604898       0.73824246139940131       0.46151424397100427       0.75268643011836933       0.72933027146061358       0.90200260043358904       0.63761125815747355       0.81702952412735719       0.69923525511810636       0.75435912973214747     
  0.91720628868228415       0.94492861013880503       0.93141609392879110       0.87861426186507863       0.76564715870830025       0.94213655716756861       0.91901714379649146       0.87525827958815239       0.88406806243657987       0.85268695443905318       0.93882055713688617       0.84110962207523954       0.94617827605479143     
  0.76328110842174579       0.90856199256907000       0.51924696600962628       0.77751029522175708       0.75539180976911524       0.48208546916623313       0.76741786054736905       0.74607153466367293       0.90723205016233310       0.64614858262253783       0.82834112345530597       0.71221443806826101       0.77213869786636435     
  0.98385547484232005       0.93210278667421065       0.88528840701411837       0.82719032906451795       0.80146207156362226       0.75624774914486426       0.90816526970378464       0.84852418131830476       0.91984972663671616       0.95160063925408078       0.80331660420986606       0.81997375787773141       0.83778753106829995     
  0.78042733555795951       0.91508700083994132       0.54942573872375200       0.79002979706929899       0.77134958049898261       0.50744655194700317       0.78175830850947770       0.76224982467854319       0.91243567322830121       0.65476502641358980       0.83732777558897753       0.72767187020035651       0.79189476114419854     
  0.99981406972929932       0.91231790053223516       0.91650157559892786       0.98837370915419576       0.96655679538084616       0.92437533871945576        1.0231963530399826       0.98255748085556494       0.91310883476687299       0.96660465013657038       0.77872564453963744       0.76359876361024048       0.90673152301323534     
  0.79671544350352852       0.92147344185462787       0.58107647469604018       0.80318762677948330       0.78724457175914642       0.53329590669003912       0.79601258998560098       0.77805427865665344       0.91771865063383062       0.66353447259831944       0.84514850064544678       0.74645821525747602       0.81154112206730311     
  0.90959177636654454       0.99702704497223926       0.85968626379178159       0.93024787229951611       0.94235082580895924        1.0040598804387921       0.88280066536782309       0.96955708399685525        1.0518068965902549        1.0290684632705749       0.83529948532913567       0.79465828890436496       0.88264228341302364     
  0.81256847923095943       0.92773684178055160       0.61278241008717971       0.81497848678696494       0.80390011177483944       0.56254362121826740       0.81139553597465652       0.79465616323331345       0.92327246010465636       0.67254293657553854       0.85659484388685003       0.76637611777568160       0.82855887517241744     
  0.74821839241410693        1.0032374555201300       0.86269475889271663       0.84686560962073898       0.95173741086624664       0.94610783754322225       0.89264252982261882       0.80026498076984309       0.99915892778006277        1.1070672846251581       0.78569328013854967       0.93810298409305204       0.85736692164519457     
  0.82806374112163672       0.93386590540349790       0.64432150114732933       0.82659045467752135       0.82067529046275511       0.58980360314707081       0.82782014958583150       0.81189142395057012       0.92880118178822113       0.68223714252370538       0.86761134131047157       0.78621866552187247       0.84282028992316416     
  0.85436843738763679        1.1654191603718651       0.75935768659889702       0.81436743866951200       0.95210882498522009       0.86589621287790119       0.94041199104708362       0.96712497931979136       0.97032119780203330       0.85727020279504584       0.80535376815543624       0.85691476318468707        1.0213610724301445     
  0.84393459590443487       0.93986805183117106       0.67815502691137863       0.83960127566289111       0.83711501041434933       0.61763873740723219       0.84411625161954251       0.82882380999104144       0.93385868991450305       0.69239618724239138       0.87974708006172786       0.80640809410861047       0.85683834007436210     
  0.84557334132507556       0.82846522227063246       0.79279397492336223       0.82858341764850030       0.82908084761530842       0.88569568991377789       0.88312064406751067       0.85500513840380410       0.83648836444094998        1.0331425501345695       0.87890387067848397       0.83341834781943480       0.83271649564163475     
  0.85909454437119126       0.94554203444073448       0.71248087413770067       0.85265068743084871       0.85329787729887097       0.64682060098910032       0.86120513593006298       0.84490523681841023       0.93863247842032693       0.70325134129252365       0.89204153415309451       0.82752128436055195       0.87109092736913718     
  0.90703785773203172       0.98411168463937193       0.75908579608731697        1.0234419351177633       0.81566124922970795       0.93193810634027252        1.0698884924823386       0.92392020180405521        1.0807701640265457        1.0157943702386201       0.85918462202042134       0.91256104760819245       0.84550283851698205     
  0.87421084484918010       0.95123112084202532       0.74695162820300742       0.86623220800420764       0.86870804812863600       0.68196177120276436       0.87742823536641179       0.86078024258676300       0.94344626438189094       0.71475502778156341       0.90417394553915909       0.84847155172017485       0.88564755735535761     
  0.87484860530428765        1.1125945323284532       0.73503667543836670       0.84989010566919010       0.75299596728177198       0.88407968563516937       0.96958601861362192       0.89262809209733007       0.82610689358834555       0.91433181672561048       0.85223483736612082       0.85773127767542034       0.80506103499667314     
  0.88660269270125758       0.95790202469418950       0.78096209866828425       0.87923714522424368       0.88353448840303306       0.71783101964176232       0.89291646909682665       0.87657912967393248       0.94824976607667577       0.72665459531717269       0.91530766030357547       0.86915706538165149       0.90212756709706277     
  0.83074866935621083        1.1280176913513058       0.81630366114889952       0.86470797517959108       0.85309936519415175       0.85300037502079840       0.86430234145845819       0.85794045799807261        1.2234735484441903       0.93251930622953672       0.86976642264428905       0.80881261032772200       0.89000160562501540     
  0.89858444107696367       0.96423827272231233       0.81334626839111901       0.89206985458375132       0.89986604480667054       0.75252269514450121       0.90850734406073563       0.89430548803560372       0.95311295056134948       0.73950008227588548       0.92541362896099710       0.88980427019565034       0.91794841733436594     
  0.78453930367456703        1.0848644248421098       0.77018653491290978       0.89117474823601772       0.86992109956076191       0.84762313083060603       0.85619763395304771       0.87706495044669064       0.85614512003279930       0.88947131632834298       0.89523375476198808       0.71593602877695395       0.95862486230173649     
  0.91435933285941839       0.96992371169370806       0.84488414961534708       0.90601190086746120       0.91737111517292858       0.78830173131905468       0.92370424371225979       0.91264970403515655       0.95796269667164080       0.75418192664319528       0.93601048385994678       0.90942907895041891       0.93193616674623969     
  0.81755763434948137        1.1963439577215198       0.78843477351063851       0.88375025130555085        1.1737874340423486       0.89718076021616178       0.82100753469792420       0.92354628298993335       0.89889226257252886       0.93266404424949245       0.81982928290370161       0.77202219215284185       0.85314159358731900     
  0.92990024634626900       0.97503473013603403       0.87640838515555131       0.91983622065760251       0.93619391400420460       0.82328601251964428       0.93950323463645680       0.93051911066889714       0.96289243837221317       0.77456821814625476       0.94741821016054084       0.92923153184475382       0.94589540274699824     
  0.81427064091675483       0.89498321640406409       0.88289215277852628       0.85073747423513524       0.96516378131426006       0.78075905345797314       0.95051748683502513       0.84389857331255769       0.94681867867263092       0.86306836005661947        1.0046000527977414       0.79049143625032692        1.0042337164468631     
  0.94803041260385201       0.97987839837409418       0.90910461540014909       0.93729318127375894       0.95248685328930027       0.86214163087022111       0.95503943114458201       0.94779956809803712       0.96857185658606315       0.80088017433542291       0.95930961665062375       0.94997172764479498       0.95979909896962590     
   1.0035477856906583       0.85070807619309197       0.90195516708687118       0.80646565869023235       0.83149891952095312       0.83100216269373706       0.99733316441072739       0.90471856865203482       0.83915648870506443       0.96629320960405352       0.96396409601209387       0.76355577276408204       0.95204918945085837     
  0.96553465911564396       0.98552677187178828       0.93909316428153045       0.95595246764592345       0.96918462652623760       0.90306313185045428       0.97101339999011194       0.96510917941356089       0.97402310294504235       0.84136212521724085       0.97165843919644757       0.96898732392584730       0.97401015463700458     
  0.93329598123425517        1.1225763060704952       0.89791998083724789       0.91287662413065429       0.91951039419365954       0.82768635592433426       0.90881301111426616       0.94330734992679843       0.85783831350007311       0.81803455949178872       0.98088407084075058       0.89092317087621298        1.0096565720899253     
  0.98290286242054536       0.99248118015911546       0.97073470224489733       0.97719703947036418       0.98457457143497606       0.94997506866444836       0.98528989294883573       0.98220728532128831       0.98580457186810277       0.90728917919018737       0.98522519900287853       0.98491754318979952       0.98687651064990978     
  0.90571503058835168        1.0546621219975711       0.77660631075432707        1.0740160871945788       0.84344748545231518        1.0448462228569124       0.90812307684113613        1.1238774403700611       0.95440908131188817       0.86590631041511845        1.0988974306868518       0.82137781230481155       0.92312714279111796     
   1.0000000000000000        1.0000000000000000        1.0000000000000000        1.0000000000000000        1.0000000000000000        1.0000000000000000        1.0000000000000000        1.0000000000000000        1.0000000000000000        1.0000000000000000        1.0000000000000000        1.0000000000000000        1.0000000000000000     
  0.94705056158710621       0.85885850465037850       0.78591373451590640        1.0005038601755194       0.87889057518415981        1.0063599563569217       0.81335161140148593        1.0887748551423948       0.81919285516766271       0.83147497908164114       0.96422198191823816       0.73503667543836670       0.85310923157438812     
   7.5116418788088914        11.619080532860547        9.8624181548147831        7.9177739421459883        8.1777655868722263        19.050030862093280        5.4815287908677863        10.486302607213347        8.1407813306725565        5.7354198677589148        3.9153497528537695        4.2328070710971533        1.6618516639514582     
   10.434428719054660        15.491678884892782        11.642301332532305        10.286873417984555        3.2192691344178099        9.0808983228470055        7.7070129958614650        7.3049324155277722        5.1250429525757921        6.5701793522044003       -1.2984073882902147        7.1174415753240217        6.3749150252114450     
   5.7737307669580291        3.3661084409008195        6.6655097976041535        10.006255698484210        8.4928564743191135        7.6618907373304097        3.1997696099463160        6.6029112185795791        7.6998984228808576        6.1343052544625882        9.5290776447353789        7.6169349211560169        10.926013327340609     
   2.7536542639880830        10.478734433292045        10.105130801767917        6.0823258417149404        9.7982720861447419        3.6032152417670305        13.312799350895322        4.3346570867225731        10.025701132999686        5.7525727019557493        2.1804268444323509        11.178216557784191        14.294960742367863     
   9.7220439389532451        10.541226365944810        7.4256495180575568        8.5505276676960982        7.6872306098789123       -3.7066614316385711        3.6879995717382967        4.0697433690219222        11.785028168273815        9.5622018898800061        8.9384812651087451        10.671986546324936        7.0138100734378463     
   13.640419861663245        9.2145318661515621        3.1282017688454862        12.308650737144685        1.4581814747102770       -4.0664972232094510        11.750418272248286        9.7721499640414446        10.539206336523753        6.6138134732452087        7.0858898514571038        8.3829652034293627        6.7103489794816156     
   3.9698085001157826        6.6175443141260821       0.98845922307047374        7.4234821912213675        13.225631217191827       -12.259735355911360        5.6806797214846663        9.5301931045420538        4.8397335426705768        10.195759768322207        13.809569521681894        5.8436376699666894        5.4914656441685885     
   7.4469188368128929        3.7075458827790153       -3.4112473908347938       -8.8680802116530764        9.1084396383486510       -11.634606133408351        8.9912808517591394        5.7491242127032880        4.4142363954397146        5.9042671037229724        6.4393550279036482        6.5973945772427882       -1.5127000558831463     
   1.2736957681635635E-002
           1           1           1           1           1           1           1           1           1           1           1           1           1
   8.7240184715701840E-003   2.8369540417147853E-003   1.0442305971974581E-005   6.5539456145738209        3.9873607217811831E-004   5.1472042196905480E-007
   1.1779719827499408E-004   9.4824364952899158E-005   4.6547568936243034E-005  0.52164078597433605        4.6522693138100701E-005   5.3957247978446768E-008
   9.4606985975617605E-003   7.6545379780414802     
