   0.0000000000000000        0.0000000000000000        0.0000000000000000        0.0000000000000000        0.0000000000000000        0.0000000000000000        0.0000000000000000        0.0000000000000000        0.0000000000000000        0.0000000000000000        0.0000000000000000        0.0000000000000000        0.0000000000000000     
  0.24105896743092659       0.55963049842559442        1.8218387819688765E-003   4.0789797273656128E-002   1.6370816315704868E-002   4.6030944928267606E-002   1.4609598020759751E-002   1.0349192185186061E-002  0.22897275345711565       0.14930144672538243        5.7545938157598842E-002   1.6396577890218773E-002   1.6200613070491150E-002
   1.0813325469651012        1.0251870733007185        2.5736252768833516       0.97195681218759522        1.1371193165989244        1.2578412565591233        1.1098873266143485        1.0835946901819968       0.92149039854384018       0.97195681218759522       0.92747973997469690        1.5307775514021507        1.2292738495315583     
  0.31318082031987998       0.69918332847121090        3.6573141076585666E-003   7.8681720981817443E-002   3.2778761612035259E-002   9.0006324555543818E-002   2.9958748902689354E-002   2.1557345127386426E-002  0.45162180568905946       0.24752746349825150       0.10473653285633810        3.1908738840404786E-002   3.2349351299562568E-002
   1.5792557592577503        1.2772639365227851        1.9186781052201887        1.1266218068644640        1.1713692563517886        1.0014042768594571        1.2217415807146390        1.0467921432582650        1.5273712224879017        1.2092978733337389       0.97195681218759522        1.8519263350847237        1.2742692487666685     
  0.32677897077821239       0.72216550059102469        5.4786708472349928E-003  0.11086878644879203        5.1186332053664504E-002  0.12683140366528725        4.4801071081891936E-002   3.3612855834234616E-002  0.48159061895296729       0.28125671657623824       0.14844592921238564        4.2342608929686561E-002   4.4559674836461782E-002
   1.2803392214904656        1.2262461239888121        1.9575699026293889        1.1433856214614262        1.2694340157211130        1.0329575508327882        1.2354719073949398        1.3205442355181958        1.1245196950624128        1.1550717846305127        1.0936912268675449        1.5507030380669304        1.0912759615115153     
  0.34153502613746078       0.73679056964552780        7.2912242692265020E-003  0.14186212548432303        6.9933160285537768E-002  0.16262400670891672        5.9753447736176073E-002   4.6594411579073236E-002  0.51561680882257954       0.30646807191068404       0.17775550025045739        5.3012868183064839E-002   5.6385528476773479E-002
   1.1617363609154334        1.0908513419756367        1.4214018324384059        1.4140503855449469        1.2120322274900714       0.92149039854384018        1.2577491017153046        1.2474202413593818        1.5441473611640175       0.99241716365486476        1.1903021768801798        1.3431190536882456        1.3120186159819756     
  0.35730878299365093       0.75077827186226709        9.1323915490551175E-003  0.17339054786864944        8.8735640968862134E-002  0.19617945236849998        7.6246794386996858E-002   5.9260223624933252E-002  0.54213313772704985       0.32583889174856917       0.19531159759129535        6.3098016087807934E-002   7.2444398173617156E-002
   1.3797550877684890        1.2561525948748953        1.4902235337502188        1.1679123896841839        1.0890016827603217        1.0816737839073665        1.3192443753226133        1.1087767991579971        1.1353741629895826        1.2038531698005448        1.0588600576475309        1.3054426401777577        1.2426769938059203     
  0.36802545829851224       0.75985024489298081        1.1407811337819771E-002  0.20443289052553998       0.10646909814254324       0.23147460389961269        9.2394718005334345E-002   7.2984548440593003E-002  0.56470153179232552       0.34390828855555955       0.21340170986649540        7.3640197386667355E-002   8.7896104009304213E-002
   1.1184748537520741        1.0463153854241163        1.3325492632599487        1.2814603240736064        1.3062992459262861        1.1391318469628933        1.2951603013135844        1.2245931541141721        1.2195052283386398       0.93828725593170104        1.1576789250130723        1.2633629780018212        1.3393691394174256     
  0.37711179503888215       0.76860507413950718        1.3797274740933445E-002  0.23355575515146379       0.12363012054025184       0.26681274117633397       0.10945318386643155        8.5399500497906913E-002  0.58345323855840359       0.36208863820663700       0.23115324679737170        8.5209845541637866E-002  0.10429297032841495     
   1.0253274557749155        1.0303460110590028        1.3813193155540477        1.2084959595090401        1.1660948457946538        1.2290341538805043        1.1552923612411883        1.1589278556588714        1.1718060719499448        1.2324371002744228        1.3037072781373902        1.4712756230661050        1.0850617031007836     
  0.38731699906776118       0.77623314694910084        1.6489944004697062E-002  0.26237365421780845       0.14100061555637255       0.30131683709324425       0.12649946772282891        9.7980814817284906E-002  0.60024656413874622       0.37741003248373456       0.24809553169299570        9.6255855106901544E-002  0.11941774905104680     
   1.3729079868315848        1.1109565866512068        1.2954065586528076        1.5157991107658930        1.2075533886088925        1.0478594231546907        1.2714245670843864        1.0867282745906812        1.2698684232105655        1.1850218338180911        1.4381614135551237        1.6956649068519305        1.1371858663236263     
  0.39791037113757005       0.78402034451294511        1.9559527370050175E-002  0.28356358598741077       0.15772486135282393       0.33463129035505113       0.14112332978691702       0.11003821585362893       0.61576393454193901       0.39238041004712293       0.26262888900171005       0.11020993617711339       0.13550190738920512     
   1.0017014301299823       0.93734926289055787        1.7196362945308927        1.2027219439142289        1.0601172971284545        1.2308780818400851        1.2608449035659250        1.2034008778098304        1.1677832768709522        1.1779854519175104        1.2880178750135478        1.3941734224644828        1.0002103498054886     
  0.40728988864658949       0.79107589906221043        2.2781458473285571E-002  0.30518852201793817       0.17256060084931304       0.36291695616968322       0.15687076547036652       0.12535861760466030       0.62956073366268472       0.40581195246902546       0.27731483407655350       0.12416205320599932       0.15235471175293014     
   1.2621684844695999        1.1854281512841274        1.4265905607828617        1.2359608158055042        1.1621593506915862       0.93503513777675940        1.1480699323710739        1.2522680655742349        1.2779627826549136        1.1515870146736489        1.2661684450210984        1.2510114785892261        1.2323130199253507     
  0.41665457057987121       0.79789584812601433        2.6168681106946187E-002  0.32496548980167655       0.18816426853197957       0.39124105894904904       0.17228826815640091       0.14141468954759245       0.64227378227689602       0.42018177019094055       0.29018511991679347       0.13698369191082485       0.17008357758857756     
   1.1570367212681800        1.1830127248380344        1.4951909549349145        1.0896085252518897        1.1450762498004716        1.0379688190067755        1.2980905966422891        1.1898415197873351        1.2273202981417730        1.3520888600313152        1.3988685194185659        1.5006574067562835        1.2417317123091798     
  0.42482489301656351       0.80427301450832545        2.9657590425660713E-002  0.34529678966307203       0.20482913166064123       0.41898387892729372       0.18655387444998492       0.15828960851562859       0.65439652119179081       0.43210327664255399       0.30260463678861838       0.14930934122796496       0.18837801620987801     
  0.98445172206557297        1.2010921670060282        1.1575078433496080        1.3026006468867590        1.2967898906939541        1.1847937637989219        1.0777924352618671        1.1139078340611919        1.3716944194162299        1.0685615542381417        1.3510450222463946        1.1946690280482304        1.3368958124707668     
  0.43285341836879065       0.81026029584241455        3.3512854781576652E-002  0.36579303330201007       0.22157147458009349       0.44489422979304100       0.20151321923518967       0.17606991529264215       0.66601153064862528       0.44338347208128009       0.31543731329282626       0.16183145468461499       0.20569795610921457     
   1.0918383605195712        1.1571407292849283       0.98258536574890909        1.1787884006751184        1.3022640818187707        1.1650092737030577        1.1193756219359432        1.2377378446963794        1.1792359231096750        1.0457254995096728        1.2580888286216187        1.5671035906832789        1.3176134240938757     
  0.44065009568415131       0.81594155293415815        3.7345453729549519E-002  0.38549264029645486       0.23866582407788206       0.46984088726573559       0.21610610034445446       0.19149364725887918       0.67678939463625942       0.45427958589375561       0.32825613981139684       0.17354160633992027       0.22226255748677820     
   1.1402924947673043        1.1824497954476443        1.0413563975633258        1.2488191682155290        1.2906470941964097       0.97693287907369530        1.1609786690614843        1.1567203045863732        1.2450718534748921        1.0213508441029828        1.2986242370291807        1.1390800343240501        1.1197074978599464     
  0.44970901537530150       0.82181476886747207        4.1981224154282001E-002  0.40588192134628825       0.25658857922254558       0.49331025212989038       0.23098492045258218       0.20624928907381637       0.68659716579873464       0.46496001854620955       0.34125156116056993       0.18593654379988012       0.23884575942434483     
   1.0137588935827262       0.98234410035747688        1.1337664091221535        1.5109847163765977        1.2027103103959198        1.0673708158521964        1.1178943235938348        1.1947728473329564        1.1573667662621219        1.0723401875835867        1.2833340075670550        1.1315970038235519        1.2787059327937405     
  0.45903751308085988       0.82796406595178162        4.6727861749616025E-002  0.42590247600898901       0.27392690072287568       0.51598469054080398       0.24527489040455736       0.22134861190268265       0.69642563656774514       0.47684972301990969       0.35437575666227977       0.19791511397125061       0.25556613677590057     
   1.2724861789200947        1.2358390667916839       0.92986316669130142        1.2054381910088896        1.2304545952052455        1.1942573281697075        1.0497274014972506        1.2647507622262615        1.2069922119836360        1.0576624578171152        1.2422945220666979        1.2499285465565981        1.1106323842710064     
  0.46898721587714820       0.83398303200255930        5.1857893167572895E-002  0.44276656002375153       0.29246807266929908       0.53475124939699892       0.26104972855271336       0.23601301748015052       0.70616125622180337       0.48812849413759946       0.36677962009564774       0.21126305957979388       0.27208852518795457     
   1.0848623463114753        1.2002428330874049        1.2216150119255642        1.3454253647699936        1.2996376903143887        1.0027666904907770        1.1911712872894342        1.1181381128384311        1.1869483576538273        1.1280014624081296        1.2106848135602979        1.2981098647617677        1.2627610867097285     
  0.47869971607585748       0.83993809299763222        5.7139304243778589E-002  0.45936174609738994       0.31073281052078838       0.55354085550056586       0.27697937899224195       0.25325200818874016       0.71519996717562440       0.49862869250604674       0.37903172065790308       0.22894228289408539       0.28831676143139112     
   1.0689654636336270        1.1382613564250674        1.0828682733018884        1.0953882209686254        1.7646034576835301        1.1324765434496245       0.96918375887054464        1.2314354002878267        1.2663615450513364        1.0601256373724517        1.2336069455795682        1.3463115735550995        1.1594001020590852     
  0.48842610323681362       0.84531426122983200        6.3712351762587757E-002  0.47430193061541009       0.32933267066975735       0.57055210473367002       0.29589480552700492       0.27093966203880582       0.72383956852323528       0.50944682732631863       0.39258743880929081       0.24630232656398532       0.30486894210652160     
   1.0641767505668438        1.1937214183500551        1.2500957906128942        1.3262817048470417        1.1104854426512596        1.0077936785126926        1.4015690449047558        1.2030164946262578        1.1153674609673625        1.4644533950899552        1.1280356439048935        1.2439563792174408        1.1620583370054407     
  0.49845859615062565       0.85013555124367468        6.9929004724361435E-002  0.48818570408799616       0.34723035891282983       0.58917597074772576       0.31494674015418334       0.28851920655196550       0.73148790424063115       0.51948505140672019       0.40646733082131675       0.26295271948137067       0.32201944219105827     
   1.1250780467957029        1.1351808497760405        1.2808127046993132        1.2548262206603988        1.1841544315376678        1.0176911416962067        1.3016059195099243        1.2987024268722440        1.1097695752396857        1.0575981139276234        1.3951057720065216        1.1786678331170455        1.2620259379148384     
  0.50906023033267900       0.85480620222124670        7.6799518414271670E-002  0.50116644572329772       0.36522726126225147       0.60613377240584532       0.33205496409599927       0.30615791018684391       0.73895226972692696       0.52957391115989083       0.42057732044380441       0.27883996119637616       0.33981698934139404     
   1.2563698252075786        1.1881038578122445        1.3919544112944271        1.0741031471790594        1.4110243673440253        1.0507764203626309        1.3890908948975551        1.2470777175293786        1.0829023130023754        1.1413202604741166        1.2077188782711343        1.1339610775048488       0.97341592647342079     
  0.51984960228410915       0.85935853463768119        8.3673783156365089E-002  0.51395285422807147       0.38219473023740091       0.62216714927295591       0.34926061762218202       0.32234026310308500       0.74501616253722847       0.53932778283066851       0.43491358428940041       0.29398845935540413       0.35785447013043103     
   1.0028213906770851        1.2228873789605184        1.1699821138327182        1.1308768428987546        1.1802966225113176       0.96484785452099520        1.3967078982182228        1.1407651973474962        1.1256201520557123        1.1909493891035849        1.1937129796681551        1.2018278637346664        1.0885415787068904     
  0.53103620772911797       0.86376701256591215        9.1074488826356256E-002  0.52715217901718192       0.39928968483154009       0.64367258706388752       0.36467565582556816       0.33874188574534336       0.75058921774536147       0.54871548288897887       0.44894232680547591       0.30901429580031431       0.37549913303743565     
   1.5885635062368517        1.2407714806301031        1.2703594111566392        1.2782612343251627        1.2460700283086787        1.3637842051194597        1.0759460290537171        1.3666544823499556        1.0153482090068022        1.1942102213786163        1.2154157907202712        1.1823690367628312        1.2659683051858193     
  0.54228798990491667       0.86750413803674442        9.9207777100030328E-002  0.54085061226887143       0.41548777695356159       0.66367876596704622       0.37862797445880947       0.35373028873550971       0.75699212028764917       0.55744942559922894       0.46284634337506503       0.32368344202844257       0.39213096099638151     
   1.0881823755232862        1.0942414397837408        1.0634846695443583        1.1834083953988688        1.1132114547561991        1.2809228285222685        1.0840132508014328        1.0941588135583100       0.93802439998713372        1.1002614502439962        1.2714843859244302        1.1748949639366724        1.3302594267605918     
  0.55352151619196777       0.87154504422241175       0.10807988525516977       0.55496149443193810       0.43172483416082386       0.68389525178271360       0.39411474278956998       0.36742662689349664       0.76342850907418480       0.56557848457967963       0.47599742543807805       0.34003985327326619       0.40994385189872357     
   1.0686311926035652        1.2068144354206769        1.1513857221913706        1.1954600368736763        1.1448509795564066        1.1931668550464065        1.0924274657930144        1.1868157989471453        1.1161631894739283        1.2002100800820781        1.0736198153219916        1.2316678474994365        1.3236875312528515     
  0.56338852821456020       0.87483025827223249       0.11748387977945528       0.56937095123837966       0.44624747770719864       0.70353754315298322       0.41004487669754819       0.38134204209414579       0.77031869253924434       0.57558901571927790       0.48932645536133573       0.35774885755769753       0.42716972690453348     
   1.1280191842370328       0.96841712432745308        1.1894745320869864        1.2634779262954605        1.2181194829488293        1.1809088129665537        1.2181909855174402        1.0936406271813568        1.0489633597440924        1.5040584534697317        1.0733581395522063        1.3327732782032715        1.2432305368912344     
  0.57125466543162540       0.87834849930910541       0.12905671463816409       0.58440081811124001       0.46013797117587896       0.72219852376444715       0.42716410449915693       0.39512260619754608       0.77720011296603020       0.58551266982006289       0.50285633991436607       0.37481665096852168       0.44363145246441049     
   1.0156956929669541        1.0318376648770107        1.3229510117980232        1.2036867055605904        1.1519026584190679        1.1969710598175838        1.3652826876668331        1.1924303733159221        1.0987644030539017        1.3132078099833697        1.1229837502490791        1.2072753633312099        1.3402439372504196     
  0.57954048491776400       0.88252129361568210       0.14355727619900496       0.60048899521490084       0.47361662384324854       0.74028430387050737       0.44499218853544698       0.40890223237325385       0.78324754090110249       0.59462852692573931       0.51624434138575270       0.39153862138035145       0.46130971302889845     
   1.0617019233369507        1.2025439173268599        1.1746819896515930        1.1625324798902728        1.0720255606036853        1.2607004594592892        1.0625422167641796        1.1398905134296482        1.1763728501530151        1.1285783424460294        1.0174995343726396        1.0815381950172829        1.2822109925467100     
  0.59040820422771567       0.88679525585193875       0.15763310847449144       0.61345220696239977       0.48611159167477330       0.75505147952745499       0.46138832531149077       0.42307601603092426       0.78933648153728331       0.60365123499913997       0.52925620552612151       0.40815562008900957       0.47804531319393401     
   1.1456841326475506        1.2340457374210017        1.2650445662080223        1.0864153249929267        1.1984048033503105        1.2278297475781443        1.4637437833819338        1.0756545212098894        1.3132172840815839        1.3067518828899336        1.1713333086254594        1.1267988597546672        1.0409744824513940     
  0.60110288794709310       0.89128535518651097       0.17117054984385557       0.62253456867618395       0.50074128482609004       0.76970199173997589       0.47761939417161825       0.43837680886874819       0.79496662549260111       0.61283868894289140       0.54239618807234757       0.42514894087740907       0.49550704118667560     
   1.1652061252021735        1.1232713656167708        1.1437678012862298       0.98220495842419497        1.2002975180866113        1.1671926681632034        1.1219224181498300        1.2944734690309589       0.97195681218759522        1.6219996527196336        1.1253496634016864        1.1826093936203317        1.1616344628640221     
  0.61460618638008246       0.89557940221219523       0.18490757681021669       0.63262174952513228       0.51600799808218656       0.78322730915914252       0.49387831069773491       0.45393501043907725       0.80055651715533738       0.62173592870063321       0.55496113892633270       0.44199638542698766       0.51243573675376131     
   1.4581499075499234        1.2089881637271964        1.0920150263681374        1.1688497833928828        1.3299463209479792        1.1664178622582804        1.2327527407372616        1.2075798185815374        1.0160789821746334        1.3104918890940860        1.0962560716926344        1.3192201577889417        1.2953770349868716     
  0.62797301466067124       0.89966505347239512       0.19948922116046974       0.64302456034784861       0.53317527476400217       0.79629981449687648       0.51004154733704499       0.47081471366142935       0.80589841934701001       0.62980890895016328       0.56804107234145207       0.45817246870429562       0.53022778354576872     
   1.6467499887638719        1.2274801109570932        1.2734368947119690        1.1308147740569958        1.1946044899967851        1.1477148646047699        1.4277009646526493        1.3015009449038228        1.1243771403768732        1.2692914983169634        1.0252990610646731        1.0598567479790433        1.2799393870738101     
  0.64095413278062308       0.90377940419606195       0.21541855382983016       0.65391477871930404       0.55100945335584894       0.80832719000958764       0.52528085369028910       0.48847486413437585       0.81151385767902573       0.63755926651334083       0.58290407582922066       0.47469407575227229       0.54720522490121559     
   1.2306831382217167        1.3686175180103710        1.0711664872914193        1.2337781801195737        1.2256592769065671        1.3762339185094496       0.98197361691571539        1.0821740985798787        1.1654906534777538        1.5433657473538531        1.2141446292026516        1.0865908755640585        1.2027355974362346     
  0.65411429885295291       0.90790173459997869       0.22979429545280178       0.66478262390600684       0.56655556613548874       0.81960544026257254       0.54009639058313852       0.50803410066632615       0.81718258426679768       0.64521816207179628       0.59791515950732743       0.49134911462623782       0.56601886633442333     
   1.2427821531893422        1.1586854958807085       0.97685750380106917        1.0102901486832234        1.3969991867628957        1.2968539088539803        1.2264304990379877        1.2662364740002923        1.0404797913924420        1.0991488700016228        1.1369859179113733        1.0477332043294236        1.4841127457887522     
  0.66505652378531810       0.91204827930764054       0.24433651724240005       0.67572309437732292       0.58117901586932585       0.83064412344198968       0.55597567514649648       0.52793004566424517       0.82256528834144038       0.65277556798088920       0.61401346180962280       0.50747943292910380       0.58594531542563932     
   1.3106245274580091        1.2254238972426883        1.0104506586418405       0.95018441447236202        1.2541790187928636        1.2245987449920224        1.0574953044720883        1.1611512713331897        1.0447181061674340        1.0813325469651012        1.0380200390928869        1.1779001769104760        1.2414166836785336     
  0.67541153867835702       0.91625881521170438       0.25899941437581153       0.68706238263704456       0.59633280559685875       0.84142503648589240       0.57178064661711681       0.54741659205992421       0.82777296649935839       0.65971393980762794       0.63089860270635123       0.52319142649976735       0.60485525010253383     
   1.3431889470329319        1.2477781690339460        1.0038250303069360        1.0652505110818871        1.0770936672157481        1.2861248656161761        1.2770968050835043        1.3221750080399970       0.94545927649148798        1.1711344687626026        1.2308296901876277        1.0514595467766983        1.1362697573560978     
  0.68426555763922625       0.92025668200400312       0.27452007000851220       0.69719382715651679       0.61215691497000080       0.85093617443354874       0.58810044416477747       0.56570444923206809       0.83317039759544853       0.66648655075712371       0.64818905886708633       0.53824401556881551       0.62258444132731494     
   1.1415246275749160        1.3323910662626215        1.1651625343363554        1.1312087598597744        1.2295098600678269        1.1132698553065652        1.0574840489058759        1.2191410053406988        1.1375096325373957        1.2988071543397899        1.1669044266198512        1.2328174011384330        1.2832338602184488     
  0.69322809250516060       0.92398361507672644       0.29152386527246932       0.70666918406510282       0.63061184351823130       0.85786436316415016       0.60350866201847586       0.58254135529293471       0.83851426142187435       0.67235365239270184       0.66448171847130255       0.55231181709943777       0.63911705309759193     
   1.0563291607729814        1.1310500485618644        1.0113167497280349        1.0584684637636070        1.1056041205601033        1.0428800943860355        1.0565357743608705        1.2995400911593853        1.0400456687682929       0.95673123736517307        1.0113404349943400        1.0405475027719939       0.97749256518676664     
  0.70335886567427297       0.92755266834843442       0.31078809327682760       0.71679947134757793       0.64915413525116739       0.86507794293796003       0.61923915349513214       0.59822005483768004       0.84354682032285810       0.67786170130436174       0.68011010423503693       0.56642909667341923       0.65494926576731460     
   1.0462195618671910        1.3175534211649160        1.1251707156911235        1.0658937925851948        1.3986773313665157        1.1454181910120342        1.1975250813262757        1.0154856966976509        1.1406941000663304        1.1593743307302631        1.1392550445974641        1.0955021133832687        1.2660121618293707     
  0.71371015355453671       0.93101652119783052       0.33131654678198535       0.72790425204411147       0.66571131773139702       0.87242679874381535       0.63460797199787522       0.61319494271226904       0.84843225313731396       0.68350391178926440       0.69701018195294628       0.58385938008188876       0.67041387028091903     
   1.3229131008476940        1.1586889330609056        1.1141836322798941        1.0931070056853516        1.3074230646091203        1.2077559339708381        1.1692925702066517        1.1566433448217603        1.0872069770558468        1.1641607492905346        1.1660243234533472        1.1696043448836415        1.1096179543528437     
  0.72508473979208621       0.93417337194718131       0.35407828239180139       0.74195976564266153       0.68093972330455743       0.87954051001806188       0.65092797414919168       0.62786588180374847       0.85330000355340230       0.68919721734028216       0.71430700890893484       0.60054764452662279       0.68484544416802018     
   1.1368565349540756        1.2456471860344611        1.1376939721169210        1.2645041215853003        1.1625555844276447        1.1262993482930574        1.1346792785836430        1.2450338013309918        1.1664473053124518        1.0349424719177056        1.2710621138757161        1.1866505968553467        1.1683129458671979     
  0.73711312051823086       0.93703125667232401       0.37654807132565937       0.75568861757701788       0.69632211021404911       0.88616574463999609       0.66704804674967733       0.64275198022845359       0.85824854439335108       0.69514645580456802       0.73004822954628845       0.61470063087777660       0.70116061678679231     
   1.2065627278850073        1.0984934834046183        1.1361517481728356        1.1143844424882041        1.0813325469651012        1.1250346799801962       0.96663309736254444        1.1137568400356959        1.1046319524067210        1.1561509055030754        1.2835077795263701        1.1985850157718976        1.0445153831625391     
  0.74820680366641679       0.93997754671832656       0.39989436086149732       0.76927866958195334       0.71234940055371709       0.89312719146984376       0.68294687238650131       0.66048070594732256       0.86341045586711673       0.70108693202938466       0.74554041321646891       0.62885923393342935       0.72010534064938536     
   1.4605997562067474        1.1835671342482803        1.2313177709147989        1.3543146727282949        1.0905159019286481        1.0084664770984000        1.1394380110338675        1.0587258254532026        1.0337362982705782        1.1489052359976741        1.2281787967840287        1.0486112265740857        1.1773151881971162     
  0.75914713450022997       0.94298702862108585       0.42360479879178864       0.78230035136822473       0.72789427578877786       0.90037877743289063       0.69906331331886462       0.67806364563811061       0.86885838076821975       0.70728103077036231       0.75996692925441944       0.64230898376696199       0.73859074105885114     
   1.3738117076627250        1.2237444804490305        1.0609589816487603        1.4101582817178833        1.0535817199484603        1.2045858800790616        1.3185621536238996        1.3530554945303930        1.4853331545117627        1.2890523055164647        1.1228916429399292        1.0353724793223600        1.1998544604371699     
  0.76955692834657852       0.94615797373143917       0.44839534262511482       0.79464339538007434       0.74157188460010848       0.90720202627474200       0.71569206432850041       0.69544865773174946       0.87401940436662107       0.71322390853816042       0.77401869378192367       0.65579805088473719       0.75688708634539914     
   1.0509751628350006        1.3737288764582378        1.0936603703355010        1.3754097296832264        1.2371248560099242        1.1748348253596739        1.2686549340390676        1.1099821790723285        1.2833507477909698        1.2539119316214908        1.0080722210055455       0.93611372039272911        1.3440855162456438     
  0.77973227296223002       0.94974133275906558       0.47469964373378631       0.80693616154573045       0.75555542516043728       0.91334235002913611       0.73301310758079197       0.71323856263412577       0.87923941084138169       0.72253888966797075       0.78855092215693401       0.66876361217538516       0.77373465648125539     
   1.1633710827832180        1.2837806959905873        1.1782026440382303        1.3591796486813947        1.3630399331119860        1.1144303292218563        1.1914159822898169        1.1903751695296052        1.3917361519397788        1.4531565864881952        1.0193084073135981        1.1780008050195097        1.2885879231025881     
  0.79105949373743623       0.95329154793664272       0.50045193358688655       0.82038812662713523       0.77059786335372404       0.91905192346494613       0.74831545450870729       0.73107685696207902       0.88434665024675840       0.73086059764555922       0.80285817524828573       0.68131645779604622       0.78968021187144211     
   1.2149257319135585        1.2591275882872346        1.0427702546502953        1.3981486818968774        1.0834009251740968        1.2768734361571590        1.0891341633239473        1.2646702637599674        1.0896227872592532        1.3674538914134280        1.1195815261434978        1.1363992041896505        1.2942573177624226     
  0.80282939734144743       0.95669630141689399       0.52639614305635385       0.83428066055836470       0.78601536847702080       0.92450354427738701       0.76420192643076079       0.74894998074139574       0.88922136891440229       0.73906684199216499       0.81531658986415112       0.69343311251580109       0.80459412513602024     
   1.1209920641721776        1.1839398294400303        1.1085650243253453        1.3376952442974304        1.2963581363998569        1.1410062412731024        1.1981709810113945        1.1134271545628287        1.0175273801456184        1.3529056123950207        1.2435227210976660       0.99806457964421602        1.4219434235588579     
  0.81467157256923917       0.96012936350574996       0.55497747455340007       0.84823633020495481       0.80211851873242035       0.92986489734817024       0.77693216931127396       0.76632888338443117       0.89413695392056414       0.74725729948109920       0.82682333133605890       0.70726009905019405       0.81872986919600654     
   1.3264154276403819        1.3117085351200553        1.1914468491309680        1.2931954313682730        1.1225226172883649        1.2161336400185827        1.0774193412894628        1.0720347863119224        1.1054959053551254       0.93389058592258734        1.3158553670340165        1.0869580484258714        1.2561736372070111     
  0.82689046032356761       0.96284298207469809       0.58170239220941589       0.86199566984758469       0.81786826142701885       0.93495933490953220       0.79025835038146897       0.78297479794485858       0.89955875143491171       0.75527351074254434       0.83881142829880206       0.72588166162414858       0.83068439153133866     
   1.2159533197403796        1.0153732959934008        1.0606496079834649        1.2825263864104182        1.3044403817554242        1.1567778342450705        1.3173872781266687        1.3566276674386173        1.2121107659686556        1.2881045357214544        1.3081456432769902        1.0904151586518263        1.1254321925331785     
  0.83929482733310046       0.96568007008782586       0.60852404384146441       0.87366858823366411       0.83351062446490121       0.94029517152885522       0.80288449214533264       0.79829184231764205       0.90453778925503903       0.76297225475295360       0.85106482286629503       0.74613032815621472       0.84217755083057455     
   1.1276321331662880        1.2000564945197454        1.0477725151265538        1.1876568712302842        1.2198496897427671        1.2658509821506001        1.3428583776011396        1.1477240139471352        1.2115400408292931        1.0249922576035708        1.0106734420981422        1.1037939181772090       0.93176401021986377     
  0.85095342994630663       0.96859555999106950       0.63473200027101306       0.88539164790258207       0.84703630684693443       0.94597662374300817       0.81627527989379622       0.81164254415522075       0.91095503905634356       0.77079324442023767       0.86392441279995735       0.77088993886266344       0.85263723635449551     
   1.2041439650931793        1.1414149646188283        1.0661741574657204        1.2408413342977860        1.0124003523083007        1.5231410254892739        1.2813944421075198        1.2313228182408846        1.3054734060781368        1.2092232885705074        1.2180355784949970        1.0630737671388903        1.0327495212395936     
  0.86241671825002886       0.97145735655216814       0.65925742948349719       0.89544324674065290       0.85630754357122485       0.95139492886900145       0.83115725028017440       0.82813731277075375       0.91744354266486627       0.77835201457959213       0.87581499824875686       0.79499479877467916       0.86400270806993595     
   1.1934740021933985        1.3062632973647965        1.0717556650918141        1.0607707946746165       0.95612681888377016        1.3134977592539625       0.96138000135853019        1.1433732295041066        1.2065429191191521        1.2071856258496700        1.0571933051150677        1.3387876394755360        1.0473534859054856     
  0.87412231472866986       0.97405485600817732       0.68267627131226616       0.90469934095361670       0.86851466521236798       0.95660752693169115       0.84601715989863358       0.84615196812053195       0.92406348922250536       0.78662486592484837       0.89013744217648483       0.81824025433946446       0.87607547643763573     
   1.2393224155385827        1.2395603230682291        1.0283010191251556        1.0661711109484049        1.1346786192360583        1.4010422291770148        1.2656076661162630        1.2747149101520443        1.2961071029946745        1.3713286516881082        1.1396705912733498        1.0957975002767519        1.0217464077333447     
  0.88539796198837262       0.97654023656028366       0.70460943479661620       0.91373117218174760       0.88161817031565537       0.96181852332838913       0.86058310294850582       0.86144635025088667       0.93109325769194273       0.79509374272110755       0.90449724674428100       0.84125511867020697       0.88771197494912824     
   1.1990404892973456        1.1222726612390659       0.92149039854384018        1.0730627715018324        1.1118351398903550        1.3156270810240296        1.1500100650215914        1.0386790324610238        1.4911680416062270        1.1185928046363134        1.3498366834924889        1.0938794940112100        1.0584982132890717     
  0.89784327334832648       0.97887520753848534       0.73412475194928839       0.92289224744844334       0.89388906841788596       0.96741576656155248       0.87693160749346644       0.87563855735659291       0.93856006770601919       0.80328225560644506       0.91754018622426825       0.86366920308914052       0.89876989472597069     
   1.1353923455848958        1.1884284413223019        1.0552149179543995        1.1516454247294823        1.1284288674515406        1.4742770154307479        1.3425790297445632        1.0652301160212749        1.5445531308024896        1.2218166471733520        1.2056555018286874        1.1753046375383240        1.0442473243304491     
  0.90960825508483856       0.98107780868725902       0.76533886526365669       0.93191727946857927       0.90628871196471261       0.97289058518236504       0.89490417819738599       0.89082824241584557       0.94537584430348964       0.81235515218216858       0.92858163063705756       0.88506463423622872       0.90946252027077046     
   1.1651553313950507        1.0789201034602427       0.97399014181960952        1.1657168810899088        1.1703118985590184        1.6323735083203315        1.1957503741857411        1.3745260529675383        1.3802366746464194        1.2483772048548836        1.2643457339771484        1.0595136953282254        1.0408109867146524     
  0.92238791068597537       0.98365613560802267       0.79582329656386230       0.94071734924789185       0.91856435644904100       0.97726878907950288       0.91234897901764789       0.90617191597586721       0.95287596656467055       0.82219375737440914       0.93939798151440257       0.90464882207488928       0.91998458641995529     
   1.0559135220370239        1.2506245525597999        1.2058722262078159        1.2307776241544579       0.99503147178893847        1.4294937914839145        1.1084999266039359        1.1531904229461449        1.5622227498140120        1.2622932531283824        1.3913832449635464        1.1491163948029324        1.2240483348607822     
  0.93577284979081898       0.98699085870284120       0.82712237391487753       0.95059351792195190       0.93212185007253545       0.98161388935713767       0.92900496599879978       0.92260257689484182       0.95913437484514397       0.83360631351983927       0.95022513192761449       0.92183342302557059       0.93184393425775658     
   1.4079181431903576        1.5961476626694575        1.1986940696966988        1.0732734361004033        1.0702683359088394        1.3828816975276634        1.2758994806405690        1.2285251876019945        1.3227579392229254        1.2669915653748733        1.2550925937328823        1.1108739080557417       0.98835627526458802     
  0.94869007207411760       0.99033701300186727       0.86238408319310433       0.96068907104869994       0.94764175776442938       0.98566726032925600       0.94470467190289553       0.93914143566895780       0.96534921076179681       0.84657953686371934       0.96101084395818970       0.93718025332159183       0.94363709025355169     
   1.2064418152971585        1.2965198912980986        1.2177877613123378        1.1723807004824307        1.2349876259158010        1.3428330916679572        1.1714253410010431        1.1784717433194229        1.1429876554386205        1.3372421454279013        1.2666733428430896        1.0506463522224947        1.1597355148521007     
  0.96089712713789688       0.99265730464582547       0.89742752482153110       0.97161652940858201       0.96147042343863709       0.98960500708930488       0.95936151315496321       0.95432145416011771       0.97242160308576475       0.86327010110795310       0.97167857932023871       0.95254363520598928       0.95640272137275884     
   1.2332813953356199        1.2854039521643261        1.1449013069910905        1.2482290446568354        1.0248614504620257        1.2945060482985817        1.2101249707443267        1.3993082288247107        1.6036407088612759        1.0656427943379385        1.3838589263848060        1.0383693242168086        1.1774587630455229     
  0.97350004559269454       0.99514418845317432       0.93182111326095174       0.98232421410393511       0.97428554213827689       0.99328935582387057       0.97344638447386556       0.96936193132497483       0.97940688110114249       0.88692679923836426       0.98228373949757286       0.96844306556441317       0.96973746864516597     
   1.2495763603452783        1.4159272484051044        1.0575706032459224        1.1937874147008836        1.1295468907576209        1.6189530414609539        1.0626118483522935        1.2512397916509725        1.3469627280311725        1.5687086581346474        1.3081174366362764        1.0131344366803074        1.2204322963203353     
  0.98666480710939619       0.99742100335953354       0.96595448051040533       0.99122961918145369       0.98718860647107243       0.99671156908937431       0.98667338492687773       0.98445622791875942       0.98924422260441236       0.92849722921635414       0.99106545478280383       0.98441081278238163       0.98506043873706739     
   1.1347090511391924        1.1365935099177027        1.1285475473617355        1.0372068109531947        1.2748317939384581        1.1670693387295565        1.3782418430003949        1.1204971164240489        1.1945987025997677        1.3019495023710201        1.2276306891859456       0.97590978246638682        1.2885420230161941     
   1.0000000000000000        1.0000000000000000        1.0000000000000000        1.0000000000000000        1.0000000000000000        1.0000000000000000        1.0000000000000000        1.0000000000000000        1.0000000000000000        1.0000000000000000        1.0000000000000000        1.0000000000000000        1.0000000000000000     
   1.1993504961970693        1.2853105003383314        1.0263083446402790        1.0992325999263302        1.1365265812929601        1.4315177104553314        1.1061742237092007        1.2154283253682334        1.1706525131102616       0.92149039854384018        1.2591147085702721        1.0057785813806814        1.4068043628467271     
   9.1157336346297768        19.745392925177196        9.8866876820871106       -1.2016840578982602        3.9887984179177152       -19.558436426334826        7.7540634872025302        10.930946778868552        19.783046423802734        8.5594904322766681        41.875913509373476        9.0360063053530251        6.2325785981370210     
   1.8283557020882624        12.795073802459376        5.9687478942986179        8.2808440973578072        6.1317675858441234        4.7882656563338113        5.5946693286281750        11.204951377266323        10.948965587985981        6.9155265684597298        4.4064028918831415        4.1530826986773333        3.7712206071461383     
   5.7411122800398884        7.5317814731817698        1.1353309871184878        4.0236797769749293        1.5286181973811650       -2.7125079373073411        3.6442534696591591        3.1293129772176780        9.4099853029127960        2.5263567067266703        4.1258475884018955        23.650465315779755        2.8560659236965935     
   10.172752415405064        8.7645711088494345        9.4871899277537786        2.1449280189900870        2.1894175966492719        1.2820551116474661        12.912758058970915        2.2742180634278739        9.6923478627615687        8.8071153791028696        5.7186693132760178        8.6478436156594789        4.2169606703344549     
   9.2006986034563027        7.3945159152377604        6.6199709897500245        12.142717311024271        4.7913693212569317       -1.8208732688172486        3.1831621450725036        7.3436030358026967        7.5173273817050550        9.5789734132932463        10.746381393795964        6.8600633655573349        5.0709525328549923     
   7.8034276813398442        10.374389072170473        10.126974780693612        11.159730582544045        12.293029347503891        1.9528178502600826        8.6125109764459111        5.7835616867509545        4.9769018167187937        4.0093786857433189        2.8775370520962560        4.4996788329860689        7.0485317106986196     
   4.6204166615836932        8.9273400990544935        1.7283270469311172        7.1161141172696274       0.10500878044175367        4.7279844951363090        10.191921525643375        5.6613492082493453        12.014033963047318        6.5834579047460204        2.6352150778120165        4.4946074279717427        14.654087322692456     
   7.0061841915754985E-002   5.5913339980173307       -3.7075979333142675        2.9890280872916306        15.912928470383495        21.782256004575117        5.3058994509500206        2.6945213659923404       -1.5144510159521645        11.919032532786288        7.5976172660195438        8.4079474924076667       0.59214557163362447     
  0.31930593410104902     
           1           1           1           1           1           1           1           1           1           1           1           1           1
  0.35719021666830364       0.12171803316359182        2.7876444526180686E-003   6.6239050653993976        9.2674698421640125E-003   9.1075098008311930E-006
   6.2102323386676456E-003   4.6754521257162413E-003   1.4003515478197511E-003  0.49165995027307297        1.3998403623443493E-003   1.1080098704460154E-006
   5.6766471286043563E-003   5.9970668568225012     
