   0.0000000000000000        0.0000000000000000        0.0000000000000000        0.0000000000000000        0.0000000000000000        0.0000000000000000        0.0000000000000000        0.0000000000000000        0.0000000000000000        0.0000000000000000        0.0000000000000000        0.0000000000000000        0.0000000000000000     
   1.9158924513092840E-002  0.22985229057640674        1.7619753710443815E-003   1.0998209088064977E-002   1.5101587443292932E-002   1.6815986311217227E-002   1.4435757140046817E-002   1.4994754570857862E-002  0.32332273239594550        5.1350817832907375E-002   7.0556851290964270E-002   2.4553422401412540E-002   1.4874784968710879E-002
   1.3118269014745365        1.1594328779549945        2.3430478242379373        1.2571604478730529        1.2921928786492178        1.3330166105178090        1.1988445384172284        1.2391644457356699       0.97648427145526273       0.98622900735812002        1.0923948335633553        1.3091107828051203        1.0698778680420269     
   3.7317013304454735E-002  0.36492784175021770        3.5763290641752056E-003   2.1756856647065843E-002   2.9903204181969859E-002   3.3476442180308888E-002   2.8896239693095946E-002   2.9935882089987036E-002  0.48994333498419457        8.6308854618613984E-002  0.12759994826437704        4.7039888713627340E-002   3.0061141563954705E-002
   1.3673025066034565        1.4455947312347683        1.7148593852658012        1.2387824703456012        1.1088867081330585        1.2480887973977597        1.1915393277536677        1.0331000725230897        1.4158480588417774        1.2258681260303037        1.0766884152886083        1.5206361001841975        1.2206715028621655     
   5.4298512523845502E-002  0.42979090269718501        5.5224656019132968E-003   3.2717376209128401E-002   4.5829609355577047E-002   5.1498417780647759E-002   4.3014402749391993E-002   4.4616645101487162E-002  0.54761059002132795       0.10265439560319026       0.16408905337189361        6.8762562986130135E-002   4.6526076996865139E-002
   1.1881119653700150        1.1448014023806874        1.6344683679023180        1.2691954912768051        1.0920833391245248        1.2421651046588891        1.2044839416131301        1.3217160539558586        1.3696992473971934        1.0524181993546922        1.1646023838540662        1.6193684555127104        1.2163048977088495     
   7.0844616073741568E-002  0.47511893696518576        7.7457934933409332E-003   4.3402224517802138E-002   6.1497187033615210E-002   6.8628275424055113E-002   5.7152209398941820E-002   5.9335755430618864E-002  0.58555776896796108       0.11614692479145772       0.19313905295940639        8.9370965115683904E-002   6.2750375436401482E-002
   1.2151668942118186        1.1895922210955474        1.2121549788442352        1.2049458350193945        1.1208960094591707        1.2650602427505222        1.1452228744116202        1.2087234368632991        1.2953683897704522        1.3378738634013958        1.3543491631957076        1.6351398554920236        1.1563151135519105     
   8.6791408904558234E-002  0.51483695665700346        1.0005812641113464E-002   5.6015673649758062E-002   7.5419369330881073E-002   8.5668737369501813E-002   7.2275349456711407E-002   7.4455746757594893E-002  0.61197747428410965       0.12657378513513998       0.21282793023429422       0.10812598112824845        7.8451614260654570E-002
   1.1905915923113350        1.1370942951722489        1.3321873235161537        1.1411672422698871        1.2279375239028867        1.1012889189805699        1.1999561359479076        1.2668803775693394        1.3304801332586531        1.1368385293306547        1.2807487633578349        1.4782205189803681        1.2367879158050914     
  0.10240836847965341       0.54306361052926488        1.2447314306684092E-002   6.8071599245567882E-002   8.9358959359599033E-002  0.10256956680422552        8.7563784387946819E-002   8.9639950306332081E-002  0.63377873464906609       0.13623551187524291       0.23092156389812990       0.12692807719232491        9.4152629677823119E-002
   1.2860931545119461        1.0430389391047143        1.5607140029924078        1.4633123699538735        1.2305231709132969        1.0462982770821201        1.0867794147058747        1.2444304703550353        1.1552546094153793        1.2790389812910996        1.3018139428435194        1.7473078152086228        1.2440168571117636     
  0.11762783592673093       0.57007257873999906        1.4903841622702521E-002   8.0926214668460880E-002  0.10356116398416491       0.11985133901800958       0.10297124974715954       0.10549940181263802       0.65059637639487466       0.14544463660850426       0.24591451327629243       0.14362859344917858       0.11004677196704256     
   1.3379740563705200        1.1761708915888647        1.4646003796837754        1.3183781204299896        1.1992244831318513        1.2919342391938158        1.2225829719591153        1.1921284837040507        1.2654707590984515        1.1687820059769118        1.1647844368545117        1.5048905780286068        1.1982468237621717     
  0.13243425952915430       0.59561580534570802        1.7669018547633381E-002   9.3579939699369397E-002  0.11712949126845620       0.13777060852325770       0.11867203567205366       0.12087684803926570       0.66624021838114178       0.15324663655925780       0.25958079849394727       0.16007736059603780       0.12611489865458170     
   1.2429535690649625        1.2049901913533572        1.2579933907505758        1.3351436333443396        1.0863694879071262        1.1944931841590523        1.1949543741153243        1.1606747886260325        1.2451927871833872        1.1864254460567889        1.4990859965952574        1.1909535693631930        1.1923460682218581     
  0.14615888656894410       0.62153843825241284        2.0678273740234773E-002  0.10516570942573368       0.12983371342671449       0.15477317386354142       0.13466911690191827       0.13588708713317402       0.68105852912668641       0.16000984716654831       0.27034904859120834       0.17564558059224103       0.14282177714298644     
   1.0479140936177389        1.2541150401942398        1.3353134942461029        1.1530339916537551        1.1563426123419802        1.1690736634880157        1.2555722668968929        1.1821708819335430        1.1243629862695501        1.3482592175182908        1.2387176797870569        1.3379508478134892        1.3604072164154755     
  0.16015465746638433       0.64658453275159933        2.3824753970802366E-002  0.11655567726414572       0.14377757408068392       0.17071598807974453       0.15115162454568196       0.15123852290068712       0.69329411025166610       0.16671121541902698       0.28050886762939975       0.19111524529036594       0.15942398878157477     
   1.1837302942618784        1.0266656195625972        1.4559071080945249        1.0729252765618202        1.2065437942331416        1.0888776100083093        1.1815319026201871        1.2590748445576951        1.1803605841524385        1.2109561988154676        1.2346598075458937        1.2113419219498778        1.2033584239489079     
  0.17484439792834192       0.66693915105731449        2.7123938673843852E-002  0.12797948606533793       0.15826381632747327       0.18685392960346184       0.16858971572148276       0.16663040901094950       0.70432368356092245       0.17329663228310102       0.29055444051527540       0.20646648125037739       0.17583741630984340     
   1.2193049284448434        1.1821006684949897        1.4641046035619254        1.4293014861570221        1.1009579590097387        1.2760469599965782        1.2779487376698180        1.2765879117656478        1.1668310774043680        1.1536137489734917        1.3094739037815566        1.2757964209538248        1.2463256805468770     
  0.19008534277514158       0.68591361067643353        3.0444933794417515E-002  0.14003127270160357       0.17291807898408795       0.20316699305301431       0.18597716651185447       0.18174964442748937       0.71593352986695813       0.17981272498730616       0.30053766648301727       0.22183008638438734       0.19290208712419230     
   1.2658411145711632        1.3174231750225722        1.2675755754052920        1.1317033907335283        1.2487126753603668        1.1825561101085125        1.3574260640903917        1.3485974130999503        1.1985261728790892        1.2537693681220836        1.2258466606941312        1.2046732972231942        1.3680905902890177     
  0.20615347230770079       0.70213686746818749        3.4499120142715209E-002  0.15231417028893221       0.18790904837815164       0.22047206650244239       0.20248484040489736       0.19707783121351802       0.72740338785262804       0.18640730422978929       0.31229650734061548       0.23773653835731434       0.20968711473566645     
   1.0479981041117790        1.1462605101224048        1.1757580679721400        1.2186295421289588        1.3594761801369057        1.2448541649932741        1.2716706716657105        1.2178253372755719        1.1808912615592189        1.1916080592983889        1.3125915974836471        1.3909398032126907        1.1290787461371399     
  0.22093610173148795       0.71777539267601709        3.8558018606739006E-002  0.16365969522383622       0.20315058452059456       0.23776316631511435       0.21863832350698184       0.21255137293451762       0.73743416351372781       0.19238295342809805       0.32440803039807503       0.25370759937825094       0.22602423688564263     
   1.0938496539331062        1.2079965849157781        1.4243921382796703        1.3099755562420927        1.2273031658699076        1.1524466653017220        1.2098074038580369        1.2541702534958330        1.0187121322006205        1.3501773862956241        1.4491419942871053        1.3592810222022724        1.1315335484647711     
  0.23489973238186196       0.73285553542491588        4.3388788076889749E-002  0.17480779111823758       0.21836311416907561       0.25546529391890860       0.23342232058760523       0.22852709436893304       0.74734066315961833       0.19780293627933102       0.33757173702793852       0.26823542036842851       0.24228511223717761     
   1.1899161714001041        1.2511898531760406        1.1227299491104781        1.2692439840819489        1.3687558989287802        1.1891319505111795        1.2760377493683976        1.0617778693364015        1.2064164858715327        1.0938480650658886        1.3567240930741202        1.0863694879071262        1.2944929864083463     
  0.24843693119715696       0.74743411023990769        4.8365107481599605E-002  0.18556847615069760       0.23350620868023908       0.27295982670606050       0.24847661941414761       0.24434976045954251       0.75629835038385418       0.20365345842454444       0.35084332252519002       0.28125906507014936       0.25893620247707949     
   1.1566646233294122        1.1385184440740848        1.2826308576189374        1.6117635516613236        1.3544172668204926        1.1520586590827910        1.1492996218787679        1.1727095404538690        1.1015418562889343        1.1995326716918560        1.2308640792124037        1.2682280669084371        1.2546210512991169     
  0.26376525024297465       0.75990342493588625        5.3500531052520672E-002  0.19669960993989136       0.24819042392819968       0.29163698421736439       0.26369457132295687       0.25879525511645718       0.76497971320676217       0.20938864102486804       0.36170851181388314       0.29484399286106144       0.27649084591318285     
   1.1872233103672829        1.3335155836194277        1.2977900123545678        1.1420569932341174        1.1203553793859333        1.1728036056092244        1.2416489493537726        1.2283008251259355        1.1419828778316561        1.1622023765235938        1.2926640323716281        1.0500045538259057        1.1612966561823885     
  0.27906041299008916       0.77196507802952163        5.8631984913632813E-002  0.20922296638601770       0.26356001940647134       0.31050328874112704       0.27877947489580113       0.27323247284521179       0.77280787926941408       0.21496477156067359       0.37215608973511388       0.30858081353583261       0.29483430713683240     
   1.0863694879071262        1.2584476371014843        1.2817393927331744        1.2877510318601122        1.2237933848582916        1.1453682225668089        1.1387473996300912        1.1567853007379496        1.2547924017498238        1.2076266461123601        1.0719208764761761        1.2110854374365314        1.3114067898563366     
  0.29384001279072952       0.78263757393524469        6.3891733413981300E-002  0.22159143286051680       0.27927051307160095       0.32856356457694808       0.29345435450771329       0.28726217887127242       0.78041751276863858       0.22078506197393022       0.38388389469084838       0.32426711932852509       0.31317699811926442     
   1.3570615439232341        1.2618462185253767        1.2087393584890487        1.2163200073222573        1.2701784080433454        1.2508689681668255        1.3648113639423218        1.2191027643625263        1.1200009386197720        1.1738256248701415        1.2370032749557742        1.2100529267270024        1.3757052139579036     
  0.30885544949083943       0.79305264952280807        6.9226784423304474E-002  0.23392760289068279       0.29428655354061356       0.34685999521062838       0.30787786734005795       0.30135876047698262       0.78724734128258000       0.22665855332981952       0.39567740648978339       0.34032024702996999       0.33178506179569750     
   1.4485032616030558        1.2471497914391683        1.2814733532349336        1.4869265062205621        1.1083403481418908        1.0144794624509168        1.1269890100002640        1.2620206419290869        1.0191473928914385        1.2113567439001887        1.4370779399043894        1.1605885955062480        1.2934445498513620     
  0.32249188598377504       0.80217940042397817        7.4835692604331039E-002  0.24631870064569314       0.30890197120305690       0.36528362657068192       0.32132411163679914       0.31559432298899348       0.79421330100353149       0.23284646211424195       0.40856357674487809       0.35405535288139223       0.35109112036828516     
   1.2955758542000488        1.2113207568001552        1.1395311279346405        1.2815425394721613        1.3005169533416687        1.2715851344891422        1.1335445606622492        1.0777690622198668        1.1798545380193253        1.3824631386464072        1.2713262512826911        1.2223104425024163        1.4922878473840400     
  0.33592673269336409       0.81112660337634246        8.0578649606245431E-002  0.25803103536321426       0.32228589284064546       0.38338145058158540       0.33404844044663223       0.33098894461102668       0.80093329636098221       0.23902260352718932       0.42214449738751442       0.36789485008399275       0.36956666060225463     
   1.3110743918440602        1.1034683280438653        1.1570838045789125        1.3329377035392889        1.1813997262424893        1.2945038322421287        1.1169065893054453        1.0941629119346339        1.0914579607734081        1.5138686687702454        1.2952406961623206        1.1419053865030038        1.2787430458815237     
  0.35015330794367572       0.81983759063839634        8.6687300971125578E-002  0.27008148859058712       0.33606851491111267       0.40217976930480831       0.34694756921664804       0.34651994501548222       0.80754870172514304       0.24552404369662711       0.43608507485939885       0.38231610774779895       0.38414706066742882     
   1.1710985922433959        1.0665836932906390        1.3084066088764030        1.1823701056418334        1.1843473486884546        1.2587968300702961        1.1868572678722902        1.2160451660384581        1.2047852168634965        1.3183413097764090        1.3356669504498018        1.2966987327498691        1.3776636027851705     
  0.36441306129655154       0.82856832931232227        9.3094686619214315E-002  0.28045681799408506       0.35050176502034835       0.42133365427961289       0.36003414282958945       0.36174301732503855       0.81413176118394726       0.25200728376816661       0.45023396369316804       0.39730206197398504       0.39935264805343951     
   1.2069322228605754        1.2057129086178047        1.3208993583214923        1.1883437596912205        1.1401281598783830        1.5282076511358342        1.1890245684833334        1.1602278589573971        1.1634329373969003        1.1563830363076129        1.2692974686693330        1.1077775476466212        1.1332503606086446     
  0.37968592339629198       0.83597200530084337       0.10022383139230816       0.29027862253501763       0.36508031340564795       0.43980897814443809       0.37532748881511740       0.37703278457866052       0.82047389983727836       0.25931979793647225       0.46396380901596973       0.41238069206238487       0.41275373473132565     
   1.2008740761550931        1.1260688273273405        1.1827055016126145        1.2593272073771267        1.0747165029989196        1.1734902927158513        1.1815516712857228        1.3279266091467408        1.1271792789328978        1.2315186511888911        1.1586392073001066        1.2283857907991731        1.4417513057711255     
  0.39484102950320443       0.84321155522268854       0.10775845317798528       0.30074782561535446       0.38099694265761025       0.45807710997650852       0.39058951996720243       0.39289580425566445       0.82643817004434028       0.26619085867586445       0.47749782012855752       0.42754272690104866       0.42627916546289846     
   1.3702905870762609        1.1864118015741165        1.1375273505104355        1.1360748695052247        1.1921124959756531        1.2484670165511469        1.0990700458801825        1.3473350175175918        1.1570536746192390        1.3259532962824323        1.1738186561455866        1.2175021720445425        1.2790863881332424     
  0.40974867819696692       0.84976529513549637       0.11604873102273190       0.31094476448328823       0.39817374456426713       0.47585267057696679       0.40592923955163940       0.40951167516902603       0.83228562906674508       0.27396081798122823       0.49020167557419475       0.44314340262135765       0.43936690859343425     
   1.0586906353660743        1.2316304629481976        1.1106959909344640        1.0659172327866342        1.3395427973457550        1.2924634577713310        1.1704556653691922        1.3392686803076295        1.2093440510770286        1.4270495765975904        1.3813661411721576        1.2836366376753474        1.0447690490514345     
  0.42469041878983105       0.85662985252204371       0.12455664464271318       0.32333616281491645       0.41464027738666764       0.49376887172470124       0.42118435157479062       0.42497388234058547       0.83805524363415496       0.28161188566565443       0.50230950772787075       0.45865047870492470       0.45252042221396505     
   1.2228230611282798        1.0162272657556877        1.1892222560668981        1.1297346912219406        1.4267584224130547        1.2179905046279245        1.2226507953772605        1.2531432553625974        1.1325544377095966        1.5218420343154491        1.1307182679805425        1.1399028458185667        1.1409011631578290     
  0.43916517999291144       0.86325158958994253       0.13446609612783428       0.33649194730572346       0.43004830114339887       0.51247065611490317       0.43555191550622308       0.43973154076402743       0.84374769734699062       0.28950970669102627       0.51531228232293447       0.47314555813604725       0.46874692138433555     
   1.1943456701826454        1.1809476108093542        1.2743063817620799        1.3372261257300138        1.0889272746661358        1.3849542665785288        1.1366465363095655        1.3166620510165929        1.2008728927547359        1.4218875572482561        1.1140746406158213        1.1646485561088209        1.2033224860276917     
  0.45312867629526088       0.86968002974962733       0.14503805113117288       0.34988048172867020       0.44615911219242366       0.53086406297418165       0.44923948974217998       0.45450148638247501       0.84912829176502924       0.29758489406222904       0.52933842506715101       0.48728169908753444       0.48465203286676656     
   1.0968732895378146        1.1181339281366944        1.0989865160338237        1.0951301205023474        1.2238719298253093        1.2050770266130559        1.1470641215123749        1.3507249438949269        1.5365215524741811        1.4190808611237997        1.0384758132740548        1.2085648178809529        1.4081882613761618     
  0.46724856775534995       0.87599761769885853       0.15612680783786628       0.36360624097987343       0.46301033938250047       0.54908222282669983       0.46490901419483976       0.46901146733872734       0.85437399181805762       0.30550972720054831       0.54381691360690954       0.50149761000107607       0.49840735501595640     
   1.3224333827712238        1.1269292258810062        1.2311454171971445        1.2844060586807868        1.3053505468148028        1.4384744309632085        1.3707134577478317        1.1123301953071689        1.2147957918451959        1.3533069566746700        1.2179163068832586        1.0935645332500261        1.3659906326949731     
  0.48150257694431831       0.88221167106071019       0.16700314628347676       0.37736653321029356       0.47961671378739357       0.56727034537683407       0.48018077420272920       0.48286632110976424       0.85926305241726197       0.31317702599104857       0.55871481913616716       0.51568445493238513       0.51243108276265292     
   1.0963193147647634        1.0907623813126055        1.1108886432579934        1.1633498746286384        1.2050394993752427        1.2748116390144866        1.4083293544032562        1.1338582612876857        1.1589739617076775        1.3757612980150220        1.1451066424097691        1.2492778259991169        1.2490669469155746     
  0.49609822266635378       0.88836254246302970       0.17876713952134254       0.39134627884148399       0.49614748909616629       0.58485356376598741       0.49758819972837787       0.49642794212528651       0.86423744776250344       0.32110058677099035       0.57372269877033066       0.52935746435165565       0.52635610605599537     
   1.2474617237496095        1.3192490223756110        1.1545302404560651        1.3324685321215046        1.2196978822839324        1.2867771712844447        1.2454878994744616        1.1317721345187519        1.1997901558032806        1.2223877123251945        1.3966652101969823        1.1743024431719742        1.2253698296241748     
  0.51097947009096434       0.89443568640812665       0.19098790129067031       0.40583633571125494       0.51241645075587616       0.60204621589040874       0.51586479554909637       0.51260869750915339       0.86896818898657247       0.32942728641666469       0.58881371696396001       0.54248298266069239       0.53982842230292749     
   1.3790303978632645        1.3562899660327419        1.2095818574706885        1.2248721095188779        1.2895051256236358        1.1947736392990433        1.4397559061281564        1.3333021467470441        1.1148128990685877        1.5038343193880843        1.1416384227939758        1.1212665354145448        1.3016368808291110     
  0.52756977515143721       0.89997193065849523       0.20486970880226540       0.42071710461607620       0.52851270159578678       0.61926171433271426       0.53312143994563155       0.52889418197585014       0.87353987700977243       0.33768192230327032       0.60385880593206231       0.55705428516789679       0.55230772269053663     
   1.5246797953674331        1.1868623933275890        1.2623106128312065        1.2630904968708088        1.2747117748298056        1.1386606440842462        1.4258031438381056        1.3409762309596509        1.0680106534409870        1.2624450970475425        1.1231205439985319        1.4767817785880499        1.3664336790730676     
  0.54366582666910868       0.90530585943367670       0.21903889141002378       0.43453304511420687       0.54456613260103170       0.63656837675108535       0.54973944926937435       0.54665493222786066       0.87802177037325024       0.34435400297335311       0.61945729473999211       0.57190629768458168       0.56502971792088652     
   1.1736743418435260        1.1143277166388601        1.1369802921932586        1.2196245452126342        1.1970741489159040        1.2809828148485483        1.1420244291362829        1.1784719929794869        1.1948969072058577        1.1676807328365966        1.2121077719228956        1.2846898786080794        1.1591945036453841     
  0.56037194907923549       0.90995493995695331       0.23393095930286281       0.44820554778688360       0.56038220258807181       0.65285164699506981       0.56729301165565860       0.56495675267847645       0.88237085287807593       0.35126042903354521       0.63488384894305794       0.58379472592019632       0.57717431680192854     
   1.2666970972064877        1.3001515222960278        1.1998014753560213        1.4078667239021294        1.1815084499454085        1.2095217496834700        1.3713030095781267        1.5503223332316829        1.2590768973044546        1.5045261744125786        1.3414608424694745        1.1220234525437636        1.2030134835154560     
  0.57710064840328923       0.91434225918159362       0.24940850488056207       0.46025015523199719       0.57664142105393623       0.66815215180308885       0.58553611619961010       0.58285847234526855       0.88639871022367300       0.35958958574460348       0.65001303268249244       0.59599439570986779       0.58950379791780338     
   1.2605853847338984        1.2371056915947451        1.2182374942502667        1.0438888717681738        1.2423921659656088        1.0095645713507000        1.1941073210240383        1.3964042389496585        1.1043711707842221        1.3441783820086668        1.2047616114162341        1.1436434806775204        1.1329477584030407     
  0.59258401888630563       0.91839418789321658       0.26519685515997654       0.47133061575257196       0.59298633109625742       0.68252199004379310       0.60416600521060959       0.60079068420899850       0.89039020340261954       0.36753256803325057       0.66496119341880677       0.60882191455264589       0.60193792932445800     
   1.2119920304859066        1.0947792432379304        1.0996610022771687        1.2878950557524085        1.1935812169243061        1.1553955824208340        1.2612316668177190        1.3884232960241156        1.0744212763162690        1.2249425989486500        1.1304232905128901        1.1813634955756771        1.1858968474954563     
  0.60877516581119462       0.92227037605292306       0.28113481006464497       0.48665603929337570       0.60983286763238931       0.69584902624938905       0.62323284331521778       0.61783232417899103       0.89442165483081149       0.37535649833533197       0.67946368303901761       0.62148649767777031       0.61472218947283319     
   1.1912916514127549        1.1617688114251203        1.1418214122374970        1.1428754147625981        1.2670401296927503        1.1811450099629648        1.4573446463285624        1.3156194018164211        1.2835014949983974        1.2430379424327305        1.1794201051217426        1.1808978756023589        1.2812748806236081     
  0.62570508138475678       0.92646723160624223       0.29664695495328330       0.50197592247701028       0.62617337515529892       0.70828272817113702       0.64149948679213109       0.63473773338277817       0.89845768069418741       0.38312583592133909       0.69369220526772801       0.63423583090984781       0.62892015651549882     
   1.2992063251007444        1.1175488805084968        1.0531763646165166        1.3263127708733635        1.2861947415546631        1.1164006602588137        1.1967508303149654        1.1488464624459140        1.3207717818715485        1.1484512408169969        1.1326898200881732        1.1026949432580795        1.3596386785461698     
  0.64204580839552006       0.93063557411620568       0.31269601836365235       0.51760570248620941       0.64239216726982784       0.71992608317379425       0.65811935416010836       0.65257473076168160       0.90257617879223440       0.39088528560372510       0.70798228470049895       0.64705148022955505       0.64332355601707669     
   1.3035452259989873        1.2498179606714719        1.2124506087351916        1.2053525911069431        1.2556053701065559        1.0400399513059915        1.3399398871814585        1.2412802493498574        1.1969556149745966        1.1924043517148770        1.0562819468987492        1.2569818661754848        1.1762519357080263     
  0.65893704749021920       0.93449914994246175       0.33036388948628748       0.53349579021214932       0.65904585318790920       0.73248946042662366       0.67489771324665560       0.67104138028291116       0.90662143528848405       0.39910802459319095       0.72206604291933529       0.65972222040945894       0.65829237274847363     
   1.1282941334203291        1.1958625252710147        1.1348558262892572        1.2086202499674996        1.3724664929440069        1.1792190952170383        1.3855550291714493        1.3032152799702759        1.1549114156111895        1.2046356474426916        1.1163397404286626        1.1989587115090774        1.3204985926321833     
  0.67546379681957702       0.93835383577259801       0.34846091886235658       0.55087595711404935       0.67546508741483147       0.74519936658835695       0.69058361614506103       0.68720718900573319       0.91056165146554480       0.40822810637139539       0.73570900641993997       0.67238935565392777       0.67348101197191457     
   1.1993811246206949        1.2921067078200872        1.0506915469332658        1.2940148445273059        1.4858524402783500        1.1266755894451028        1.2827691517795290        1.3814174660371157        1.2501691832348747        1.0386182824869319        1.3080662384845057        1.1871676796929596        1.1107955976263015     
  0.69119836464862239       0.94261629017465665       0.36854410235772023       0.56828922851075692       0.69263596338631528       0.75781118842395123       0.70606234853590399       0.70210247295732042       0.91436967458680363       0.41757861550291470       0.75016174124732415       0.68519108238353510       0.68834888705666719     
   1.3033658379207018        1.3440845833117592        1.1372957132584953        1.4127795021681036        1.4180392719286250        1.2159764266985702        1.3242408304296474        1.2767629674191081        1.3332623220885711        1.1715491401422200        1.1367313736294407        1.0231051562138889        1.0811935525786904     
  0.70675405024382043       0.94691124311013597       0.38894074837696124       0.58519002286750277       0.70908986285317777       0.77000315582185053       0.72072763276184948       0.71492233448421061       0.91847967971413025       0.42754765607495315       0.76497988397293304       0.69807289698428032       0.70228205857848647     
   1.2089540391044509        1.3718771616688501       0.99589419579833349        1.1043029153680417        1.2059903683917759        1.1315150103008271        1.1162921888192083        1.0673700049800643        1.1744777176785879        1.2745330119359026        1.1116684812627957        1.1596169861500760        1.0893281127261940     
  0.72242839820671723       0.95078896554135794       0.41123479879528801       0.60227701600250294       0.72390381785566960       0.78450982214244780       0.73528661616251612       0.72613897939357575       0.92258245714287834       0.43729008797026586       0.77914398663967754       0.71248471733928909       0.71596722714865946     
   1.3400748922740866        1.3858657951231790        1.0750861757668080        1.1895983120164526        1.2584053461759863        1.2476871683276176        1.1877831345058936        1.1532453269244778        1.2184961741322180        1.1708879217641666        1.1830083185787601        1.1651397721864054        1.0831108955060933     
  0.73796697950876666       0.95452408839940961       0.43468705580368711       0.61969887001252122       0.73859127899102373       0.79871105764405725       0.75008557964607925       0.74136577443326679       0.92652484558533510       0.44879058391313037       0.79294701315726679       0.72793767258045594       0.73022934064099876     
   1.1801464898764453        1.1757130488837986        1.1271374728558052        1.1829141336096791        1.3160248184568959        1.1495364838737343        1.6213531117043323        1.1787762841052665        1.2023272439214721        1.2126533300444871        1.0988773834584529        1.2210817458007184        1.2131317090547928     
  0.75474914325941511       0.95811165107187890       0.46006741776462351       0.63797427640514859       0.75366607362710392       0.81395102652389073       0.76518066671711571       0.75641808869555438       0.93036082584192303       0.46028083667617076       0.80633198320690247       0.74694163030889171       0.74617096145967332     
   1.3094243773600109        1.3275592928313915        1.2354559222661952        1.1822851008664015        1.1832005569914401        1.1214645595616526        1.1221267085865831        1.2683613910631426        1.3781000407863182        1.1105391657614005        1.1593420588159582        1.3167981855322921        1.1074921671950473     
  0.77196747077013761       0.96145608777501324       0.48739545473699020       0.65637705060341078       0.76890275914381156       0.82844995057742121       0.78027022831813775       0.77088566630483601       0.93420354590042887       0.47207558346736389       0.82017124153206333       0.76512632809956271       0.76240145675456850     
   1.1781068055870521        1.2487927691217986        1.1330897280132581        1.1977989186969518        1.1459311654255919        1.3067236752821560        1.2277132103650743        1.1988972699082965        1.2218652076091010        1.1777917496974506        1.2958915724517812        1.2811974979522116        1.2678667119531768     
  0.78798521139292044       0.96479918264153464       0.51721716702353149       0.67494009255212939       0.78480379664337019       0.84368003509307665       0.79567487507182699       0.78505697456656054       0.93817082471896929       0.48400750995215158       0.83474572567711169       0.78250450715964437       0.78038093118411644     
   1.1478597060109730        1.1221200697879319        1.2561596658798699        1.3127142927200504        1.0159727786972355        1.1676797053704981        1.0999346654714319        1.1710513029768688        1.1761485148444706        1.2996372177581588        1.1494328688043851        1.1371534409388064        1.4342331591523336     
  0.80381219806931226       0.96810953723700277       0.54993856257679030       0.69433357642979388       0.80121496694634475       0.85925618724271868       0.81202369549572040       0.80016643636120666       0.94212429376553808       0.49572680749744374       0.84902332299759897       0.79989322628921089       0.79815258191674310     
   1.5025213268593738        1.3426788491782342        1.1063030939889795        1.4719044031951476        1.2834924975409736        1.4332055302799687        1.1055399537758579        1.2093783819737269        1.2113366583654559        1.1589960590380235        1.3483114297616181        1.0708041538104369        1.1605825409314363     
  0.81948494570184816       0.97130758880046497       0.58576051366259785       0.71457875606673893       0.81780973620705011       0.87081305723650404       0.82570940652001923       0.81592761746589670       0.94596478890670843       0.50811970047673993       0.86328141550585213       0.81756273713797500       0.81550503114442074     
   1.1510280136564794        1.0704350193900896        1.1962845530228754        1.2908845642070845        1.2056469623301698        1.1674453844140484        1.0777062628389149        1.0898167973315207        1.2423115793977788        1.0881413526847603        1.0897661239809622        1.2331017244129430        1.4173176602959281     
  0.83516908731099448       0.97440630197356970       0.62199517431606210       0.73655659611671565       0.83531544789065948       0.88088598558342734       0.83628044247542621       0.83188288480481787       0.94980546817789036       0.52168644902978767       0.87709506744528831       0.83511399617112858       0.83295116370054667     
   1.2921767274435958        1.3181196097909296        1.1050051113205086        1.1879544645858386        1.4264861127002642        1.3935420667289768        1.0012130688891892        1.2198647560607787        1.3083639338415713        1.1002399300465759        1.1066109713545860        1.0774864387267251        1.2794693677085303     
  0.85176783754581531       0.97744084720261915       0.65904107616594176       0.75872408396071878       0.85180826369627261       0.89207941072659247       0.84955656182519734       0.84869396264608310       0.95367926622881050       0.53689300645266014       0.89093964753565846       0.85324100127263725       0.84864492208276021     
   1.2300694566237820        1.3016257670232159        1.1900086752463361        1.1435069168296688        1.2840283120400822        1.2667301097577057        1.2516704107130270        1.3088618621235406        1.3924804068949956        1.0960231703007233        1.1362106285887572        1.4093260100198042        1.1879320526354260     
  0.86837391340380532       0.98029688392726055       0.69451707956881170       0.78153444681750572       0.86781117557351506       0.90353849116668872       0.86273546869699680       0.86650004294854199       0.95761508929514760       0.55595319568247104       0.90474594817435572       0.87171147623479650       0.86407948002974977     
   1.2511483595867823        1.3418570167764490        1.3874130598010526        1.2996349539531498        1.2723140102895947        1.1751423047077940        1.1032934032053838        1.1792291605967606        1.2963181553372767        1.3701994741574388        1.2677562593317597        1.2240448213672666        1.1259288388585451     
  0.88385778679964100       0.98304320572447146       0.73008159196596523       0.80521139011130061       0.88440432454196183       0.91568666722981507       0.87867341194212378       0.88198974479674186       0.96158485861693277       0.57574622364465278       0.91706542176532857       0.88925039414208029       0.88124811000005887     
   1.1828281676532051        1.4626498615932306        1.1840595376960215        1.2222971850465492        1.1464733727896639        1.5582363812813320        1.3641883281478284        1.1751375121922933        1.2579356927706824        1.3588187190188614        1.2490375019699225        1.1868273221080423        1.3163305503956841     
  0.89897143432372739       0.98579870709738093       0.76729670514665005       0.83022242140001712       0.90164285467178928       0.92802117655672534       0.89450316289847209       0.89789814471200002       0.96557784476015929       0.59645477749592701       0.92919429149511201       0.90676605210253225       0.89872089576402769     
   1.2025394069239415        1.3112020265345756        1.2064453643626329        1.1941524199540461        1.2899225730160306        1.2134789297956079        1.2089219661346673        1.3310374398319187        1.2863690633565397        1.2608443600644377        1.1786482685198858        1.1965462683967911        1.2144764655893041     
  0.91342174349598726       0.98857900322382231       0.80529706621331165       0.85661924263695788       0.91702500428452483       0.94083452863575767       0.91117676422798177       0.91430787942501568       0.96959249565158590       0.61841882719717689       0.94112322820077532       0.92336407640756069       0.91531630250114593     
   1.3507163704593124        1.5765961361724801        1.1811779561371050        1.1098110744871803        1.3964702418708477        1.5675458748047342        1.4529609940422050        1.4416008701404448        1.5627650476733075        1.1788723828232659        1.3387580011730995        1.3536968354013226        1.2029675985993906     
  0.92834254808810102       0.99105490062629331       0.84481590428967424       0.88435803755136899       0.93248200255413660       0.95360541706273694       0.92761966601751500       0.93189981663458021       0.97388793034684484       0.64066665149701985       0.95304838614361875       0.93997426562284669       0.93115165937055022     
   1.2216772630649120        1.3477741923009521        1.1455219813715951        1.1743868373526396        1.0093370046068924        1.4991445189088868        1.3099936649925494        1.2898401496926379        1.5637036517864831        1.2507930212360410        1.5034850956330255        1.3076722656346680        1.1754447428521373     
  0.94493783216058391       0.99335979254091822       0.88313609609432775       0.91313915169798265       0.94861061660826518       0.96634092570284658       0.94465956355508740       0.94935025634637293       0.97896561041481556       0.67826535844259939       0.96469422892069212       0.95530072836834357       0.94792805023249593     
   1.2147127855777173        1.6902970792926186        1.2410057586315952        1.2326109975036679        1.4178590243545592        1.5626401202390381        1.3394020263295130        1.3195899657413235        1.8150940448776116        1.1700165409516907        1.5301296992986546        1.2513929150441099        1.1192950891452800     
  0.96176433570437669       0.99557793875608147       0.91913400202251994       0.94311695383750249       0.96490305395552267       0.97894334130543037       0.96172689768081521       0.96669741643954177       0.98405345495851815       0.73077587369066688       0.97676239402416443       0.97040027343044444       0.96463223759987204     
   1.1576871758720451        1.3867091714661184        1.2034916321426385        1.2262019047033768        1.2734685975580911        1.3062976597193652        1.3847678600973736        1.2896013516026748        1.8867479023672264        1.4011696776541263        1.5026710461355441        1.1237601553493339        1.2665427460703977     
  0.98101528426917350       0.99774107512920418       0.95946343535472467       0.97127009268716935       0.98256393510388118       0.98957017601555830       0.98095507775709601       0.98347994023205698       0.99201773997554143       0.83142269216564491       0.98843051161440965       0.98497318896438346       0.98225808599552000     
   1.6029300218128775        1.5263823785552768        1.1982505739953433        1.0896072305479887        1.3358041287689806        1.3505995055767384        1.2322512297939419        1.1940393599906547        1.5187975674755279        1.1393986426338272        1.4111287054827035        1.0736766458106934        1.4107980914988802     
   1.0000000000000000        1.0000000000000000        1.0000000000000000        1.0000000000000000        1.0000000000000000        1.0000000000000000        1.0000000000000000        1.0000000000000000        1.0000000000000000        1.0000000000000000        1.0000000000000000        1.0000000000000000        1.0000000000000000     
   1.1207905694038087        1.3633670418509196        1.1995410735936165        1.1182131821968238        1.3741021924546508        1.2974499046585382        1.4195347978044837        1.1511179626012535        1.1983679386272208       0.97648427145526273        1.3858853203578352        1.1310805759518570        1.2294534136683861     
   5.5711361244036688       0.97713792076006711        21.924862611900501        11.637843844859377        12.429124198194277       -2.2625179655331120        13.184404889839900        2.4306571412316109        3.6474604005730487        17.308460297321513        8.7230096745475958        14.473618971980441        4.2694060951727497     
   7.8280756828655855        2.8239714702251768        10.080349070826985        8.3204669253515995        9.2807084348299558        8.7164451664345908        9.9456024325268615        10.625380083204394        2.2339388176567394        8.0889318878616621        7.8217614433467650        6.6941466417992652        11.738000460852829     
   4.2425966827451154        20.487549771389926       -5.3625256954767773        4.7194603755075102        4.4176998570178592        12.826555869669020        7.4981533571673369        11.039657640791942        3.0096629464981595        4.5809688191357170        5.4357601020124351        7.6899964080619148        4.7072542816343681     
   4.0254869853864879        8.6739891519555314        4.5202789162804731        6.2829920968436399        6.0551889200464730        6.1069760990292501        5.6521701303328404        8.2018737454922963        11.634353947458788        7.1838843853406020        12.672877888150333       -4.5646065378253429        9.0406429345860069     
   10.892057812963868        6.0853067144590698       -1.5613838594736678        10.991569397443371        3.9027341942165519        2.9549503455698090        1.5606042041610317        7.5657656441755003        8.2635213315144576       0.44679005840402369        11.480240888860564        15.181200778364289        8.5202276169642417     
   8.2004370786743248        6.7182720693131435       -4.4186610508007158        6.8640357122831528        5.6623405084662579        7.6369551127699307        4.1532947278045516        8.5011825275492967        5.4780185312342322        9.0283053068889956        2.0129708575864740        7.6455771033835278        7.7400374187155840     
   15.881908069408134        11.504962305727050       -16.729387371056074       -3.1158167038723601        5.0645851277821761        7.8938206693375008        3.2919530445255591        13.429228837434726        8.5640977543303762        4.7730041321813310        5.4589702009312555        2.7834662056619770        13.115361513568645     
  -2.8150473773210076        2.6673278439440322       -16.485194781662134        9.0075321885702611        2.6487175600633197        4.5713527906728730        5.8280638435827221        1.2767268063511177        4.8842720893780784        3.0564460372538260        4.2627756940480426        7.9551038610512261       -5.2928395520827429     
   2.1095524761261126     
           1           1           1           1           1           1           1           1           1           1           1           1           1
  0.73760432805393439       0.36279753947947402        5.5925644559881678E-003   6.7665526309014759        2.3583507766823945E-002   6.0656777452621429E-005
   9.9203262814609242E-003   9.3386432976084004E-003   2.0470012246487654E-003  0.39801986268311657        2.0449584829777883E-003   4.0325801870677867E-006
   1.4430874033420256E-002   7.5666316035593253     
