   0.0000000000000000        0.0000000000000000        0.0000000000000000        0.0000000000000000        0.0000000000000000        0.0000000000000000        0.0000000000000000        0.0000000000000000        0.0000000000000000        0.0000000000000000        0.0000000000000000        0.0000000000000000        0.0000000000000000     
   1.6009940703712439E-002  0.16994977273827919        1.2293548354140895E-003   2.2236874345728051E-002   1.7756058472883553E-002   2.9088731790986779E-003   1.5893177890229548E-002   1.4044917682336018E-002  0.33718630029625496        7.9867197569125498E-002   5.9152456378386550E-002   1.3904572563735907E-002   1.6677642130562151E-002
  0.96873471056549998       0.93379989799927843        1.4794834905512702       0.97372517100465261        1.0671613690821447        1.0435057951836044       0.88429237715261455       0.96414786298528421       0.79799905973601359       0.77394663943472608       0.77155648907154706        1.1031796350277954       0.95004802530502874     
   3.1851077023207705E-002  0.27388479766100382        2.4874002247705770E-003   4.4074647042692719E-002   3.5580487105586103E-002   5.7831914746959406E-003   3.2089640772276391E-002   2.7967509583434334E-002  0.46567909585138462       0.11987325935332464       0.11459829900327942        2.7683096941240593E-002   3.1654201684768346E-002
  0.98668409151157599        1.1068921872085751        1.5833980808268928       0.86544505289319984       0.94170804640125383        1.3332791219187756        1.0483232935374349       0.97671478095017139        1.3040281118646011        1.1422810387888009       0.88887830374764365        1.1721385517229959       0.99267076829533762     
   4.8076396869194064E-002  0.32842953021800786        3.7419905439832080E-003   6.5064377145084923E-002   5.2102180232111328E-002   8.8204023930095465E-003   4.8164973776981562E-002   4.3427273081300663E-002  0.51969022266419607       0.13913825823928716       0.15128520198947465        3.9003260922485856E-002   4.6412666377262039E-002
  0.97386389819661379       0.90725407399001545        1.5563888879192993        1.0423217761235573        1.0643508664186294        1.1520813882698540        1.1507681471926277        1.0084548769517476        1.0517051666350401       0.94805262673606894       0.96559799143361735        1.2474801628388761       0.98403270307611346     
   6.5136443257926530E-002  0.37059102250910175        5.0022032587154165E-003   8.6486819030520440E-002   6.8027490955866826E-002   1.2116954289255619E-002   6.5011683555458694E-002   5.8729967735217749E-002  0.55141176813323178       0.15285231113248215       0.18168438931375225        4.9338853255730869E-002   6.1585409513545547E-002
   1.1642459507248504        1.0575798519263993        1.2155979760681537        1.1662001572525351       0.88942613914202218        1.0148881055057775        1.0665817712087817       0.89523580163541772        1.0619829522933069       0.98371086816025632       0.95430888871588382        1.1116609732836467       0.90217864328949859     
   8.1062468974411078E-002  0.40499063490270504        6.4172783500654638E-003  0.10634828645841346        8.3562192789245870E-002   1.5512998517572050E-002   8.1496829939199933E-002   7.6037913500300064E-002  0.57407817922050908       0.16415515463475938       0.20356189866153901        5.9064118844925843E-002   7.7423624803689445E-002
  0.97522964047617544       0.84449978936850767        1.2493961727872582       0.87857377505214984       0.81389645073032024        1.1310695077477797        1.0179920016376605        1.0432716018580175        1.0349673629402036       0.90565739612854590        1.0031145679088791        1.2551815065161758       0.94158507902374267     
   9.5874389929012302E-002  0.43674979514447898        8.0019862910648120E-003  0.12644248159153090        9.8273666230612830E-002   1.9165085086873382E-002   9.8661695804342864E-002   9.2677400120243489E-002  0.59396448945197777       0.17460717456611399       0.22150602582838200        6.8460721496644089E-002   9.3141920280587362E-002
  0.87517286434618058        1.0999363318167024        1.1392572156740195        1.1499183626440046       0.86757995569807722        1.0848869238516006       0.95190330410217017       0.87025819780081692        1.0078867633900428       0.84533917466527198        1.1970174034504912        1.2624426888606468        1.0261316849158519     
  0.10857738704914398       0.46215882191005553        1.0059607986276180E-002  0.14607554046119886       0.11276223186646168        2.3244960548884124E-002  0.11485551254911863       0.10916920230929546       0.61054988782084563       0.18467764164857875       0.23398905975415268        7.7594395550713319E-002  0.10925304983976111     
  0.83037696297316810        1.0099131629693139        1.1551126837197430       0.96068949189465458       0.88352605001244122        1.0489005002160936        1.1785258385430952        1.1762862600127810       0.99335669529415049       0.99995769767961984       0.88172374432624823        1.0154907116022316        1.0285944002309237     
  0.12201375276879546       0.48436876256491546        1.2175009484888257E-002  0.16580049097812863       0.12772074227166047        2.7342782333257102E-002  0.13114579841684562       0.12703831596650084       0.62643750042008450       0.19407313670711523       0.24643432012741187        8.7615235953394294E-002  0.12545535492892054     
  0.96588332777868657       0.88165675433968405        1.1693552710784298        1.1444244779866994       0.90226853890236725       0.96242605722599750        1.0417026154892579       0.95943827872622856       0.95335239434355223        1.0932957222747444       0.85837353394396831        1.1150927865695341       0.95079498620583502     
  0.13677939092493424       0.50414399802743481        1.4388630903699014E-002  0.18398694805867269       0.14424452736818416        3.1560355196677062E-002  0.14798507443403078       0.14129798374345864       0.64089238624919331       0.20271999718680170       0.25826508814054727        9.9284824748739439E-002  0.14259391547059647     
  0.93786763851278876        1.0127015889088236        1.0608109217756476       0.84811075630628363       0.92724909805385536       0.89054435262205989        1.0246262971607856        1.0622370278118862       0.93251958314077887       0.95437976801128011        1.0234873048056827       0.92393170038724870       0.93030797203991622     
  0.15131525003842303       0.52396653694041073        1.6808936170265850E-002  0.20286090128810774       0.16045049046513474        3.5960103088804471E-002  0.16315334209537938       0.15599800396356123       0.65440713086323665       0.21155876004298990       0.26986682819378760       0.11146469914455097       0.16039169800040520     
  0.86726717006692267       0.88151661444564333       0.99447917794155571       0.95904610116927536        1.0068800330349204        1.0446768531828687       0.98300418983646798        1.0084084037019594        1.0277887926002043        1.0283438291239635       0.96635379339336513        1.1846217359144171        1.0139158657631415     
  0.16552541158907694       0.54489434773564605        1.9372213415129291E-002  0.22070348782144300       0.17749076050147830        4.0868179781986390E-002  0.17710732948520463       0.17215124495123355       0.66705255395174545       0.22032487776241105       0.28163545083363700       0.12349900931633824       0.17763726721330958     
   1.0411462217260159        1.0142858647171542        1.0688144475190868        1.1153970588209821       0.85930430380564538        1.0496448744907609        1.1262741387680637       0.90877340892947511        1.0851193110161277        1.0734229786254277        1.1328959902548996        1.1786341608044657       0.93281161884562092     
  0.17937939888501708       0.56365620108273629        2.2126647061555559E-002  0.23978750408799948       0.19489009739308599        4.6354624278319351E-002  0.19091837984097376       0.18841839780563552       0.67910200345530314       0.22933714690971410       0.29330732802006748       0.13569755336659869       0.19438301940868463     
   1.1800845114036755       0.90949799193901182       0.99992441128788878       0.95134844813019814        1.0518474728981533        1.2849230679660264       0.92082188977629775        1.0110125042630349       0.92979808249568541        1.1040794758297583        1.0833751552091784        1.1265011597041552       0.97633805434750864     
  0.19320778946493003       0.58160795789095865        2.5083876184698841E-002  0.25612312716182850       0.21307589605358226        5.1955049289152802E-002  0.20540292269587446       0.20473442838879891       0.69043451395662059       0.23811455031794537       0.30528171758778955       0.14685403219688703       0.20889504335870165     
  0.87207922289648321        1.0061533294439498       0.85776780760896221       0.83545096327547208        1.1038160149525595        1.0409648869403922       0.92512125294597924        1.0593502970808535        1.1185789991390940        1.1967014685991793       0.93937948530307724        1.0692463083542394       0.95962493427411322     
  0.20741118551980847       0.59644676686215825        2.8307039473015418E-002  0.27300022655702566       0.23156803711159529        5.8021420489501319E-002  0.22014012494571120       0.22095977146595627       0.70097990346588090       0.24566557439878425       0.31720296841118489       0.15815077789239798       0.22380790891937954     
   1.0279575405125534       0.89133775284798256        1.0156563197884527       0.98048435145774748        1.1119454572216341        1.0897618194527086        1.0089973529095817        1.0899028020830324        1.0031873387080659       0.88917864166482630        1.1339977164350552        1.1417629011566592        1.0569892977618522     
  0.22267053571459855       0.61127384216301939        3.1791192773207626E-002  0.28786349884279955       0.24864603139994371        6.4054953288927352E-002  0.23583947633454805       0.23593102611755565       0.71077877674137313       0.25261435983085878       0.32872683366638539       0.17097932531467655       0.23969513155827549     
  0.97510962201678797        1.0484730079939977        1.0621803051177878       0.94111513949419345        1.0215452045973272        1.1689619150946433       0.91852869832659123       0.96708169024664803       0.88187182750123905        1.0351524374996046        1.0176724760054072        1.0506641253690714       0.94714554781961791     
  0.23920160517278577       0.62757238612571398        3.5703763572270140E-002  0.30354855730666191       0.26483202640087811        6.9955685059139489E-002  0.25206023255561694       0.25104834692159006       0.71973584739924856       0.25996612420721710       0.34003183569689782       0.18379433790226085       0.25631778411908557     
   1.0175326426028117       0.89717411287609172        1.0545357610161852       0.89149747020706138        1.0394966394412510        1.0732718089539095        1.0100683254956786        1.0350183595669586       0.98674746560361981        1.3344874099716832       0.99633511049611867        1.0601273121679300       0.98457925589865336     
  0.25616483952857627       0.64301711629731551        4.0530913131103651E-002  0.31957792816490460       0.28143627761454404        7.5897287303809902E-002  0.26866415289641488       0.26564955143135116       0.72812558462374921       0.26718058468399314       0.35111310472324725       0.19665997491611001       0.27473006012477580     
  0.96815564749289174       0.99414902142537287        1.2064904532232950        1.0128769479152950        1.1030715797592570        1.0123475623471008       0.94536705530866327       0.94842955946316587       0.83857236925540857       0.94062780684758307        1.0574941438057492       0.99199427731287648       0.87500229579229150     
  0.27325208235971704       0.65484476791785040        4.5502510028161754E-002  0.33472857687371149       0.29813651040117628        8.1828597545065121E-002  0.28564605597680898       0.28097503705968774       0.73639907135426119       0.27428062269184200       0.36224338394344741       0.20972666327985534       0.29188362091077763     
   1.0260086070030827       0.87435510251476511        1.1783505298552290        1.1194345282469280        1.1407787558375730        1.0026668884919983        1.0544733526677244       0.93137646451684208       0.89983310236698355        1.0506906473111337       0.97678068714956812        1.1213714357516293       0.90913853333541361     
  0.28961304662561610       0.66698035383249432        5.0904392886474290E-002  0.34878584742601504       0.31482212329377557        8.7648771935731576E-002  0.30244476496685258       0.29673342013000981       0.74458439278670108       0.28156007092143792       0.37364252503068535       0.22404175277479590       0.30782325407403349     
   1.0306141345317883       0.81944706036012194       0.96219214780103346       0.92230750936469597       0.91982781390492807        1.0323443363566986        1.0488802144432807        1.0499616564259846        1.1340190854475627       0.94718734355244094        1.0560508738941121        1.1531015458101670        1.0148830830388524     
  0.30364167578476181       0.67941229625514532        5.6377200535536257E-002  0.36319264368789389       0.33185673028553675        9.3872144975835278E-002  0.31900772208348799       0.31197002011321312       0.75271515883678508       0.28884404965442506       0.38527814764755469       0.23939924741732588       0.32309535841272163     
  0.89664198916754012       0.91006839608922685       0.87125784288041297        1.0205208528730814        1.0644227219884781       0.83663022017407562        1.1522538947417176        1.0619473794662133       0.84812821300420638        1.0024755268718935       0.99535011331626921        1.1636848465111498       0.98736294280503289     
  0.31780296580373446       0.69125900158902265        6.2371195649312108E-002  0.37864767374101443       0.34855074615448894       0.10092053133077225       0.33564512951819908       0.32533170081412233       0.76002195472826861       0.29665845477507796       0.39717055690864278       0.25489208185396989       0.33736097771294277     
   1.0162170873349747        1.0552594672011695       0.88955198374815636       0.97058849114849766        1.1024990013241580        1.1272868589365965        1.1173305918362382       0.96404237815337179       0.89214526170896769       0.97081610836541687        1.0655172007152007       0.97299059787742170       0.89065437812686965     
  0.33315878735200644       0.70293140028340828        6.8807493594852054E-002  0.39426142982835921       0.36461798710449539       0.10770632346099442       0.35251333582571492       0.33908901067231101       0.76669692316697602       0.30424992971088199       0.40912030425475210       0.26967969128006075       0.35151283224479546     
   1.0526148541890608       0.99946354854466990        1.0663668924401752        1.1084997353572592       0.86296957705888488       0.84628050383631559        1.0274042101831067       0.96384576869006333        1.0354237266249269        1.0169441566665898       0.90349187054747104        1.0452743252737766        1.1113159265645720     
  0.35064818613908894       0.71411519702862525        7.5520733896329656E-002  0.41025111943261733       0.38074107041012506       0.11403222239376809       0.36952827745981126       0.35379424093687328       0.77321016466374448       0.31047551140919172       0.42105950306125117       0.28456323475016099       0.36632598559953577     
   1.0598095381333350        1.0354847998303771        1.0076408337549407       0.90704653729327334        1.1212032632161784       0.94481211332765891        1.0969325830093799        1.0095551410921408       0.95179779514187990       0.98034003181466034       0.88974942778625565       0.90742658307998647        1.0271312039613150     
  0.36920410054633418       0.72445286699570821        8.2726531785340632E-002  0.42597550213928986       0.39662561698979304       0.12142717837429279       0.38674753792686073       0.36841190986648725       0.77954894142582443       0.31696273848753115       0.43334175836523725       0.29979030024729925       0.38144961449461701     
   1.1445331517884099       0.92348150479212154        1.0598403923274125       0.96795834800217639       0.88661621750194231        1.0822292041893014       0.86420577742321225       0.94293949746964656       0.86061660547972352        1.0836284756111298        1.0751427625557102        1.0749229712666892       0.93367080198488350     
  0.38724350529920509       0.73427265083121107        8.9762509386949199E-002  0.44137804687043197       0.41101345471127332       0.13051259402107623       0.40365462309683231       0.38262632041074185       0.78594286231159016       0.32350757096362359       0.44638855218060408       0.31546358430844434       0.39711847397983996     
   1.1331765906113649        1.0099645111959430        1.1104584700794913        1.0199026375580078        1.0106172776615239        1.1590245583787875       0.93633120941829162        1.1057330988383007       0.95071215664116870       0.99937983476658809       0.88283199179163219       0.90523944538146939       0.96389148604719643     
  0.40550183200820433       0.74296911597860260        9.6795000082434982E-002  0.45612639878369027       0.42455266199862174       0.13949713201312208       0.42070866336349022       0.39826037971936218       0.79203996268902588       0.33035716685736466       0.46093531411317029       0.33163833090253070       0.41196175237358790     
   1.0251744372116527       0.79944937368748470       0.87429634902894782       0.86887660731770078       0.92277904218836393        1.1386995770992905       0.89232290176394946        1.1757193320570740       0.97729735287899866        1.0863464243418504       0.95252968560039197        1.0102100680867065       0.97691547255008271     
  0.42404413054123163       0.75158116136735575       0.10510914431685844       0.47106895662958359       0.43935154008754562       0.14854937914341851       0.43655072318012217       0.41242665451390415       0.79779211399411543       0.33747594593044178       0.47583108421069992       0.34783593243655481       0.42642929084703296     
   1.0617356477440276        1.0790680866608966        1.0750774360485262        1.0543198854546987       0.97446653507330938        1.0341207140391029       0.95702534619183632       0.87759331489935077       0.86430482903828554        1.1016517307517917       0.96998948607956004       0.94871234069302579       0.93055754246378919     
  0.44249992426411078       0.76033218438071681       0.11371413745286413       0.48666103489787760       0.45474592940797270       0.15732088815806064       0.45122266653280818       0.42558861801962383       0.80340716231841192       0.34439003657858569       0.49055391723446290       0.36437438494210966       0.44063314496789407     
  0.99802062435406247       0.92424440942426167       0.92615585359062980        1.0719893280031931       0.93211174946756825        1.0483836506548410        1.1090281654110934       0.97043248238443325        1.0156415355758082       0.98768042864924510        1.1897023936755335       0.96323454648075990        1.1718249006272434     
  0.46063779011486489       0.77008337152641770       0.12293138845584271       0.50226514563529845       0.46910423530597106       0.16579179482684403       0.46645255136829167       0.43903060599033877       0.80897789609119730       0.35124207582984734       0.50622109750540567       0.38020984414835357       0.45493511201712650     
   1.0592983400014100       0.91162216888661085       0.82026952204591630       0.93454437830016268       0.97577631134068132        1.0397229034899744        1.0337335371594651       0.92291053362739950       0.93552300014501610       0.97222465175041839       0.93244336076665302        1.0298244356669244       0.97076275055625483     
  0.47847179860609002       0.77888828501402418       0.13231199686470024       0.51810407004177805       0.48342613328042994       0.17505676561751743       0.48156005862912643       0.45332196679153403       0.81434503841468253       0.35818536029271492       0.52176933518756308       0.39513283973107716       0.46909283080165765     
   1.0995374770600188        1.2053812199526246       0.92951140719846892       0.96063868037640920        1.0006627724393800       0.98831426704540748       0.81340467580835019        1.0351805914077401       0.97240060375982951       0.95845595409751294        1.0190390289762463       0.85491362843485008        1.0909326580467784     
  0.49614783354307657       0.78784427192259499       0.14279044013772785       0.53358914373652433       0.49830029031579604       0.18515033199800515       0.49656830831556120       0.46844661841278529       0.81958246589058659       0.36529421929668660       0.53720147828274112       0.41031298595626997       0.48292635607094264     
   1.1269350895807466       0.92441700576339347       0.80586003856618815        1.2370525100393075        1.0101673681128880       0.89773923451223869       0.96003955097054194       0.84558511149414117       0.90803955909775269        1.0825435833674262       0.97686145124494550       0.93525644821302678        1.0626244490540380     
  0.51351618751100681       0.79605834962668076       0.15389750716210082       0.54891106389462418       0.51328784527483984       0.19600884718516981       0.51093408508895899       0.48501318580683667       0.82497013879516445       0.37155888487257477       0.55271699037582622       0.42522380503816593       0.49655802375401298     
   1.0357434151731639       0.92338833675705334       0.97769033836110808        1.0787756363434291        1.0826808075525576       0.87850313039587735       0.91534390279165789       0.99123956261396884       0.90995886690747463       0.83838729712755189       0.89175721695130039       0.96520820786541361        1.1350001257804780     
  0.53095941787637080       0.80385472988545237       0.16578357141690447       0.56452018966510764       0.52908707938526522       0.20782513390128329       0.52621382650243154       0.50134133515507939       0.83078944250843800       0.37764264999130176       0.56903957340584677       0.44139485981069171       0.50921645633346313     
  0.97755720003355995       0.91512825794176911       0.99986300825766583       0.97150241361417888        1.0001764868478404        1.0577002783359746       0.85274853377840931       0.84383495141699016       0.99782383536157482       0.96035352448981459        1.1172711936600057       0.94148267346526504       0.87154857520244378     
  0.54805770967608680       0.81123343540222659       0.17887369490911886       0.58000939258310535       0.54491151419319017       0.21931758298092646       0.54143572280861907       0.51762344429950069       0.83667290405841732       0.38383763887628392       0.58492253550257367       0.45820564751531412       0.52208561982991619     
   1.1211060799192465       0.83476943824923944       0.80803261794653913       0.99254904265384225       0.97397418282384074       0.99411654407962224       0.97665338621116771       0.95662814210555025       0.94921168836458492       0.92405633016817890       0.88771890135622344        1.0255672524127197       0.83590618079505419     
  0.56325746974615232       0.81913390233622529       0.19301767617496221       0.59500496397668268       0.56034575186620972       0.23078655885347088       0.55681412854481938       0.53252217648563360       0.84264018218818593       0.39138425406649568       0.59961633911484391       0.47503893723002544       0.53489790745367172     
  0.91434718878543675       0.89856944144877027        1.0368942902028999        1.0337918006210429       0.95420616323009000        1.0464495401797307       0.88434400339525221       0.89725498486471833        1.0146297359899430        1.0944670943464176       0.94554598990494743       0.91394584796069822        1.0241114774609454     
  0.57711417747256988       0.82596036153337737       0.20880386429969089       0.60981882815959421       0.57665564835674932       0.24316999759657915       0.57127551311507652       0.54551423293932733       0.84864350297584690       0.39966052129050800       0.61614798914905045       0.49185282699040966       0.54860081568881403     
   1.0267684568531950       0.91366579229347411       0.93043884263964949        1.0149982527236905        1.1306576860109263       0.96881268201627302       0.86759256593868117       0.88400966682931847        1.1293673539712041        1.0700702943169587       0.96202096542877591       0.97144480258669896        1.0196251914451953     
  0.59089786270123246       0.83290476417876047       0.22577445524972653       0.62459502063547612       0.59203415784048397       0.25647417850944981       0.58825733670741998       0.56094345396001533       0.85434321021959281       0.40829419177623461       0.63541982839827538       0.50795095382047928       0.56225357978205293     
  0.95056392705228498       0.93625056021438791       0.86163108675660083        1.1099734307312721       0.95779373025169323       0.92508141943561739        1.0208767753257928       0.92232039162329582       0.95772949866958634        1.0419468938088527       0.90806972782134565       0.97369235044116531       0.97186495590988675     
  0.60481440476688242       0.83964187805794321       0.24389066720024466       0.63864546313979864       0.60702886099266662       0.27041491406017443       0.60425566457941260       0.57873870724148091       0.85973554970151755       0.41716623236696587       0.65382184452763836       0.52336766693552705       0.57636836342887177     
  0.88556133169105811       0.97461128113901818       0.98095011846150959       0.98237553927091048       0.94650904848210449        1.0339561108058923       0.95109295598958654        1.1300584651596410        1.0798452061764305        1.1805347984081902        1.0719482875890776       0.93711002639703767        1.0240877123698480     
  0.61857269613664878       0.84653499066662041       0.26253041141006872       0.65018549584503060       0.62201763379901454       0.28532348831076493       0.62088157933077026       0.59653243359613883       0.86494781770720786       0.42628112763709736       0.67123988643422416       0.53908675833660646       0.59131242808911555     
  0.91248974083600931       0.90739171133193908       0.92918519939763744       0.94643544013382896       0.96835081239529797       0.93009264198404851        1.1322541867128739       0.99558264748009762        1.0471195878425956        1.1856405015442242        1.0981336221366633       0.83907453170186352       0.87650021936850553     
  0.63254011526763976       0.85356387520151422       0.28201071421672730       0.66231203763365565       0.63506858195722182       0.30196233942800216       0.63711049143097342       0.61443211785659613       0.86962558008689761       0.43570531496342269       0.68818984195450306       0.55407514469228514       0.60635590983267973     
   1.0931988861191935       0.94391306906413741       0.86799571828154942       0.94676552249252410       0.93772563208678006       0.90875097658988491       0.98263953619000388        1.1335886266658524       0.93354126504586021       0.89374956082797619       0.97006775537059042       0.86873889867792642        1.1245450477713836     
  0.64589038245494701       0.86023617251124251       0.30237174301179637       0.67462305056927907       0.64947825110128521       0.31962825061134525       0.65348871584182389       0.63140090581749819       0.87414266758715431       0.44524649843423197       0.70606234251474331       0.57023663691616877       0.62089086165098062     
  0.89408428502654924       0.89429811053090558       0.88149145413412278       0.77155648907154706        1.0028238257801165        1.1538050881618289        1.0952106824370467       0.97035618892353614       0.91161526831620188        1.0563422568269512       0.99841379938806007        1.1064189747110333       0.99950244357306450     
  0.65964420583926009       0.86647198446826457       0.32393761950812761       0.68780676771998239       0.66514592594363720       0.33774107067578829       0.66928928952319378       0.64802134926419752       0.87896416438101566       0.45461936931922475       0.72477354870934962       0.58696684793444742       0.63583619987458506     
   1.0414970850678062       0.90583473589950847        1.0642627407488492       0.93785604557122426        1.0657584927582171       0.94957040105448787        1.1138189645709764        1.0601614351075590       0.94514803044166629        1.0662041604385148        1.1414675063713631       0.92722745342484758       0.85381966910755935     
  0.67426936098728218       0.87261192745743066       0.34669569489092567       0.70105380555067154       0.67981258422077462       0.35587292106717711       0.68482515180873560       0.66492739545897817       0.88378759836185261       0.46381338883780782       0.74067099511680579       0.60261259036604242       0.65045626261507050     
  0.89178636918640453       0.94468214891478186        1.0221135290261045       0.92792496997512219       0.95740797032626057       0.88075512646152709       0.96759445019125212       0.90813977919675237       0.92214517716250677       0.93793969470149863       0.98435945196297159        1.0317805184304014        1.0319818720875644     
  0.69017077112284431       0.87874313862467668       0.37060195333199752       0.71398791266526818       0.69375816635327914       0.37328148579308840       0.69917617910960672       0.68213043944950680       0.88824153250994675       0.47326745234721734       0.75685469146098117       0.61686065729215145       0.66599687645929939     
  0.91860015166203846       0.94139695873516049       0.93704970438695478       0.95030105327263614       0.92942525872891224       0.91042585902730777       0.86926090426887326        1.0914756785091742       0.87067301942904540       0.78843994559416930       0.87938412185257597       0.82407979907791595       0.96138806525464204     
  0.70701129686731534       0.88501190929688711       0.39518564512666315       0.72737972097111614       0.70845963802565415       0.39151941840740223       0.71585781987504593       0.69890132262112248       0.89269489433311555       0.48297215634645996       0.77200179962456328       0.63173290425687856       0.68230715924356677     
   1.0667380258866472       0.92525868864447192       0.91677071246624409        1.0524674432464232        1.0792468419297421       0.86530125783200607        1.1082164315982357       0.95314724524945238       0.95085591858497220       0.99071489044795180        1.0947164246488137        1.0151016784871500       0.87628876311144699     
  0.72409002424348257       0.89160833244741577       0.42118419017898612       0.74118052173307647       0.72311077125142775       0.41148302760505007       0.73269220332110874       0.71492550216282913       0.89712733192940397       0.49332207874813622       0.78822291236505360       0.64680546889207358       0.69913677288090259     
   1.0165778000800496       0.95396299991934597       0.97632404851084820       0.99370347545879423        1.0901372840435239        1.0702372744817190        1.0552574637548930       0.93461432230508079       0.86767699835395362       0.95690374817682522       0.90390417919270183       0.94940979653316626        1.0828092281605253     
  0.74060245202487252       0.89882145462521035       0.44915563144395260       0.75510251982385768       0.73726965736946215       0.43155527663099058       0.74827347602295913       0.73087352643203118       0.90142275312448161       0.50466429748107011       0.80466382298905692       0.66257377197118628       0.71616908667184176     
  0.93654377289595625        1.0694266950211369        1.1319751157938842       0.91176533972149942       0.91954897817848824       0.92846467508398411        1.0913799179199180       0.96900744772453595       0.94322508237152369        1.0305206057003766        1.1851229424806911        1.0418770270980118       0.99808535453375713     
  0.75618002310232368       0.90616844074918224       0.47801851275768947       0.76843293159357573       0.75247224299831517       0.45217995022790314       0.76314737686782164       0.74678019607281187       0.90543594170291408       0.51584331882221213       0.82001757834984146       0.67815098626536396       0.73287822119298607     
  0.81529942117070775        1.0996899731891152       0.98243029336659216        1.0341878140139185       0.95389460716608598       0.86543697806138276        1.0020952778845345        1.0797212138106185       0.97740796497909566       0.97583486914955264       0.91693142956968587       0.91279428208710778        1.1010242648595223     
  0.77130163462285728       0.91270909958742552       0.50781797188526967       0.78137535129782598       0.76786945721223598       0.47455703636359398       0.77829458893806835       0.76256718390795308       0.90932398342319576       0.52651449458221045       0.83306693402524012       0.69386324019382462       0.74913003690366786     
  0.99568079856718228        1.0315225604850382       0.85118837639937084       0.87050794544254806       0.99357830949553416       0.99161576622437553        1.0593811479668522        1.0062191601052632       0.89581974945944531       0.95032736314883759       0.80627497122188485       0.94322965983976359        1.0275722206470246     
  0.78557262491607027       0.91902216297293349       0.53839682315319326       0.79433663641793428       0.78240580104675583       0.49901121157643913       0.79411646835518501       0.77814909621680839       0.91327587648704223       0.53703439758741855       0.84535779919092879       0.71048702136004649       0.76465469638944383     
  0.95579292088583889        1.1105795780128596       0.88920493637278641        1.1015066496865011       0.94340666973797682       0.90604324264238778        1.0481964431346040       0.92690432971599701       0.92583208228666858       0.92822167243675668        1.0035109414889647       0.88314248076982604       0.95461243320314459     
  0.79930677244394333       0.92531372726761230       0.56831077992897627       0.80737767375656844       0.79503851630057709       0.52533284388134094       0.80930335434549494       0.79421032909541411       0.91782942039220672       0.54720261276240767       0.85784617500281257       0.72996480569522715       0.78003316733739514     
  0.90571534849685953        1.0552179422110832       0.94309465409046800        1.0044775298311026        1.0720621727994657       0.98991155563676492        1.1526870314006243        1.1370234650525137       0.99647556000373416       0.94652914023156998       0.98233427431499776       0.93528215880864529       0.92587678209063207     
  0.81501576989578328       0.93135972781382836       0.59806382686725701       0.82073760559150843       0.80690268941163468       0.55264648255141113       0.82353940269820614       0.81084666538184869       0.92255852833331342       0.55816530564744637       0.87043278738676866       0.75158473367257983       0.79608086623510610     
   1.1070559117651673       0.98741195061891829       0.89990566674437200        1.1212761867568353       0.80155379701962848        1.0139256970784720       0.94405559683733387       0.92213790890619007        1.0185292590913484        1.1235071296919201        1.0231784931155783       0.90459783753911072       0.96845445281045484     
  0.83123238295311785       0.93698170006921844       0.62837238404317686       0.83390631176771002       0.82191441089072770       0.58049283779782723       0.83730911571360156       0.82747264490757211       0.92744866411459614       0.56888710062029613       0.88263462159977735       0.77172333555437311       0.81325719937211494     
   1.0408470895185549        1.0648899676396293       0.82983116804099122       0.95826889470619114        1.1292378863384143       0.93299249110781080       0.84976313290850791       0.96876474779818766        1.0966230131360506       0.98172230001486227       0.85213602542175360       0.83776415645101865       0.94560088998469838     
  0.84675567798994600       0.94237118692622313       0.66180565824743232       0.84732103232852429       0.83819582011351634       0.60952488235992619       0.85115716676519559       0.84367109497214188       0.93240527658098449       0.58189910599365713       0.89446001117262164       0.79061045769669591       0.83051505099190537     
   1.2328191435436353        1.0487079092962552        1.0221713256647897        1.0293227185912754        1.2564588705427551       0.95733208214264232       0.99804960045975732       0.88847039801355343        1.0147006890733430       0.94571687660048509        1.0066062939754687       0.87240932066645416       0.94900621767032178     
  0.86320725236967233       0.94765946441555915       0.69604083614642964       0.86032660454346355       0.85324520590441455       0.64060220635074949       0.86480774104882563       0.85839215384710621       0.93756189783833810       0.59536916250136407       0.90537940563520958       0.81102793220400504       0.84766550025686171     
  0.93075170491286041       0.94609104219475926       0.90673911244953320       0.96776672412873488       0.92875624790616207       0.92626165299231744       0.97930001588974458       0.98749494022041806       0.97146705355849450        1.0481990641678676        1.0443597885828770       0.82711861206484993        1.0898800476078283     
  0.88001096538874646       0.95263446028971677       0.73133032142091714       0.87378955392463242       0.86779046878400090       0.67405151262384921       0.87855679546853749       0.87418627722193010       0.94276739674358823       0.60938760490851585       0.91583766580633796       0.83295300978788622       0.86461466448619595     
   1.0245515377145411        1.0534446576430025       0.81485246840527537        1.0091894738670357       0.83907268648173972       0.90702455941653803       0.89569494453568110       0.96460557899505917        1.0705874370752968       0.88027351071345106       0.96421055646298426       0.95177759979973042        1.0938215171591326     
  0.89538464876897117       0.95749530341772904       0.76548329460303111       0.88768991877595904       0.88398940442309637       0.70847920589738056       0.89251854480127246       0.88931024463356445       0.94792294453435566       0.62424330777955828       0.92671815510929401       0.85539818972797854       0.88149255902043722     
   1.1939636976116432        1.0932252697653135       0.82729044739655389        1.0913812702301906       0.96993317654121836       0.91109342402710791       0.86045363067277758       0.99447699189053274        1.1669038408260677       0.98753737722519153       0.99796627060567855       0.92010117877054309        1.0304977582098838     
  0.90997932528906322       0.96250823551268261       0.79953420000373643       0.90197137642382696       0.90069011516282704       0.74678486789301790       0.90631471181097378       0.90414862463349144       0.95293155209832436       0.64085447001658991       0.93712865401853640       0.87849801116786908       0.89745144052936776     
   1.0081929664529115       0.96733132446566772       0.84636359841922437        1.0351726872192897        1.2161884282692383       0.97303493855679901       0.98449609720240228        1.1234885258183755        1.1243088923099285       0.92497850270491766        1.1280811085465088       0.98388795120936512       0.96597672189682793     
  0.92441060433123134       0.96758066304886692       0.83600580744944575       0.91750247596211998       0.91511405404606139       0.78657069601063523       0.92091309300959812       0.92078072186923754       0.95741538335488885       0.65941443837419833       0.94789410682900122       0.89963750722878177       0.91291059678100805     
  0.80431435309642507        1.0850549985029498       0.96790559518777064       0.93554201890137678        1.0156623718258542       0.89193272684430258       0.86346188372021104       0.93560005708517469       0.90291195927011436       0.88500003537927474       0.89857988377111819       0.91312558819651479        1.0189543981486657     
  0.93911448101934414       0.97277350023176501       0.87321152115296063       0.93358687519498429       0.92855295195473253       0.83027281627873417       0.93496487561581643       0.93737772339551562       0.96277907632638127       0.68089160555367589       0.95886318815690763       0.92038425783408928       0.92975874126160840     
  0.95601911042216214       0.96066835461607891       0.93817437331158893        1.1741920174558411        1.0974585690335159       0.82276263647959924       0.99442658310455312       0.99206211184416948        1.2570176777406048       0.88696502908665942        1.0842193302097720       0.91470818844160939        1.0100744171677845     
  0.95426459806000374       0.97793523355124645       0.91008852031317633       0.95105045408304589       0.94673451267886299       0.87512893259874192       0.95128583380612941       0.95365234334408466       0.96861196722799503       0.70752676059623454       0.96951025449338712       0.94053729183186352       0.94741195122686039     
   1.0121154666081107        1.4376576310146321       0.96001434794508111        1.0785130963523117       0.83331228794448819       0.93680482723641323       0.89866266844711695        1.1470181144683083        1.1947138323323516        1.0030993961773063        1.0126512370106429       0.88415840120812272        1.0763442401831858     
  0.96949750803626999       0.98373975258033697       0.94318370109517713       0.96827318307920873       0.96357270619668245       0.91821146016241384       0.96736342135252951       0.97065444337317719       0.97520741057524185       0.75005542629486388       0.98052928001195061       0.96053293342627899       0.96465356792065438     
  0.81724151899371067        1.5091687502011668       0.95932062921531192       0.89710296092108133       0.92243235755625841       0.87820167349172573       0.91337254956173319       0.99901007569874223        1.1542891695304578        1.0346760680713325        1.1073944451137601       0.93160484205600458        1.0262893330269180     
  0.98471426156534425       0.99203994383445715       0.97215139635477232       0.98432139721729461       0.98193274905672934       0.96029168201112303       0.98368551173688601       0.98547207633184286       0.98669264076574159       0.83533180432519538       0.99021103813133982       0.98070273096681559       0.98226835463518891     
  0.93982063115522096        1.3127753273010390       0.90088494259247609        1.0247982835781233        1.0503976755272784       0.91681486470994911        1.1035944525079033       0.90903541644716135        1.4601029157528171       0.95952166286786233        1.0750316229730950       0.85318099502703171        1.2026360806516434     
   1.0000000000000000        1.0000000000000000        1.0000000000000000        1.0000000000000000        1.0000000000000000        1.0000000000000000        1.0000000000000000        1.0000000000000000        1.0000000000000000        1.0000000000000000        1.0000000000000000        1.0000000000000000        1.0000000000000000     
  0.92824060815332987        1.3001068449424815       0.84322841136876481       0.86031051150708071        1.1222572955610686       0.83791035487987120       0.99108775280641392        1.1790499182861292       0.90885133693879416       0.78117357104594543        1.0034405884654893       0.91071142299851748        1.0391611332771173     
   8.5760825527782298        7.2854146614141415        10.369129968177182        3.4726508999708146        11.790608484493147        17.487686653609508        9.2587602825495843        3.8217841363236125       -4.0688526823439348        1.0101012917254149        4.3371828619166042        7.3638396562354478        7.7460966300059884     
   5.5181881542754381        14.806487967790916        4.5201309464201715        7.8953748036267877        6.1009141547688213        8.8555438495143655        2.6574825471805839        16.948754393657978        5.0460696282507262        6.1768364100361799        5.3577118630466414        1.0634381788657385        7.9898887459855450     
   5.8927354107369521        4.5502310755256277        6.9600628321222509        9.8028810647378926        7.5343190596263110        6.7207021100209889        4.8439363917670848        4.7593710084998770        8.7496602797063119        9.7310267013088065        8.2087990489123577        9.0471553110958016        7.9203619162322774     
   10.901693072136661        6.5758465366547636        11.069418858901978        12.429855911497723        6.9054609667818907        5.9894135455363386        11.631132672041341        1.3853338660785610        12.227121060148281        8.2292940437263891        4.0002398941651105        10.156623236654093        3.1784947352464181     
   9.1387634212328894        13.178688265705601        5.8179201908141511        4.5744556947908874        9.8708076287118747       0.43583565239175831        10.307915730818440        13.463992042730496        10.759565704799487        8.4485471634345064        8.4879438634221920        11.322551335407123        14.633378261403825     
   7.8581381623469539        6.2681556962971827        4.4624478026251468        7.9952040231589399        3.4769442771471657      -0.46387781803029743        12.947786070987755        1.4221585810110748        8.2784210336937036        7.9697711456600979        10.258447282583768        8.6075614464313492        9.1471545383368102     
   1.9060172426592759        9.0389652387461314        4.2384646492333866        6.9125930509559268        5.4698168889245249       -5.6598619756339668        1.9271663484559289        9.5657533405141653        3.7757739061132205        8.0388485678533161        3.5288844156944510        10.502684951327637        1.1657335814454250     
   10.684858153375284        1.5400203094848888       0.15928835681148301        5.6334911230877847        11.707516452643642       -3.3796187587411981        5.8986467678744852        8.0484370671827286        10.184017448148936        7.1895308425425419        10.609149275784031        2.6415179474875399        8.2013438562653675     
   2.9391560402546500E-002
           1           1           1           1           1           1           1           1           1           1           1           1           1
   3.4992510950894527E-002   1.1129260279092555E-002   1.0282856948270665E-004   6.8930174244311893        9.8200832998195835E-004   7.2624769508453700E-007
   4.7927044377547721E-004   4.1194388144334204E-004   1.2502219456641549E-004  0.66463750451900871        1.2496767101705073E-004   7.3105622516954635E-008
   5.0000000000000001E-003   7.3116494706956070     
