   0.0000000000000000        0.0000000000000000        0.0000000000000000        0.0000000000000000        0.0000000000000000        0.0000000000000000        0.0000000000000000        0.0000000000000000        0.0000000000000000        0.0000000000000000        0.0000000000000000        0.0000000000000000        0.0000000000000000     
  0.22548030686416454        1.8176795183039465E-002   1.4805793591118497E-002   1.3376474867380115E-002   1.7132261688803548E-002   1.6088958886485486E-002   3.3556195647492681E-002   1.5472633645672801E-002  0.35520881275842170        6.4685716599499052E-002   5.2173114469559842E-002   2.7252451759031949E-002   1.8629837330227977E-002
  0.93152727123408474       0.88889172562755425        1.4154536698203311        1.0757605749606940        1.1640616682942471        1.1611958567783875        1.0428909120361443        1.2217961057101185       0.93311085042183628       0.89546355306975689        1.1075132519092725        1.0612536376979560        1.0798971469363541     
  0.37393064588914915        3.6445828792063518E-002   2.9334088306820008E-002   2.7189520027615894E-002   3.3951527264050166E-002   3.1324570423594190E-002   6.8608248168372479E-002   2.9822640402775456E-002  0.49863471944854770       0.10869239113509732        9.9510667293498709E-002   5.1958620002432100E-002   3.7385871419268413E-002
   1.1946209210944754        1.0550160787821490        1.3336891159642748        1.1547784649494093        1.3124225664695985        1.1793677126997173        1.2602467186067685        1.0661861698784543        1.1308831998935296       0.94262288224646307       0.92221310411996105        1.2919934376856106        1.0803063255486458     
  0.43567835428410939        5.3900930232308374E-002   4.3484671947644687E-002   4.0294625379294034E-002   4.9313694342354955E-002   4.5037924839720092E-002  0.10615011163788443        4.5726320922474806E-002  0.54528819213348656       0.13151293433595126       0.14105903445508194        7.6403529974000128E-002   5.4549543508284663E-002
   1.0200724480533361       0.97126169699493503       0.91693890828583735        1.0026570376848241       0.97319961566715141        1.0597185038352921        1.1478546707156081        1.2089844556974025        1.0947185897598559        1.1438194972000655        1.1971892848262740        1.1530297996015764        1.2674951295561154     
  0.48127216782170840        7.1057679211550803E-002   5.7694024563893075E-002   5.3209911453364775E-002   6.3461491160709246E-002   5.8658428092975126E-002  0.14651251349957362        6.0606344633411038E-002  0.57432984385237085       0.14933991417549636       0.17420454356872250        9.8505504403502461E-002   7.1269735263648160E-002
   1.1013712357407801        1.2465340557598417        1.1046585252871877        1.0512252905540949        1.0036747130384673        1.0753112638077771        1.0749113298588322        1.0701929254124067        1.1300266333369218        1.1621699694014180        1.0441485206694214        1.3405227786773299        1.0062786058017292     
  0.51953024095088585        8.8018898572350457E-002   7.2984064188737596E-002   6.7318701812325882E-002   7.6193647671648421E-002   7.2586537224764922E-002  0.18229121117596039        7.6007294531566238E-002  0.60181733241966628       0.16120385287872699       0.20108676908200235       0.11557217842220485        9.0396890828999418E-002
   1.3227157137607459       0.98766348752736510        1.0757141946650188        1.0583221371741802        1.0286999132397767       0.98357469463863434        1.0612697140098819        1.1489739297362374        1.2065416878889534       0.94256450453884644        1.2345283650800747        1.4910998142708809        1.3128901005394342     
  0.54786609730122504       0.10491561547231855        8.8733541828644472E-002   8.1795650690686311E-002   8.9081529460004527E-002   8.7849320470729353E-002  0.21442804239132846        9.2357674438148921E-002  0.61991162739835604       0.17200321805948748       0.22026423543188306       0.13350979851140013       0.10872027746985401     
  0.94390482818336885        1.2187738633084699        1.1055360581854838       0.97620248866521109        1.0558319756011409        1.0605500742413472        1.1133648999714298        1.1676428915883095        1.1176987780814736        1.0843092428953847        1.2506500321449547        1.3526925679367707        1.1703635456171750     
  0.57381079474642216       0.12314416824638302       0.10532652250250366        9.6547692455708031E-002  0.10201928247212771       0.10268310421243111       0.24538643841009830       0.10788892020608058       0.63762614607550860       0.18141520205182887       0.23604073910701198       0.15091162248347872       0.12876061749327278     
   1.0889577223644786        1.3798691623872033        1.1467358781436581        1.1872006759142959        1.1780502312446692        1.1520158973756576        1.1487400504773981        1.0532710148499498       0.95123765778784453        1.0286795848207948        1.0413574934205099        1.0922463270900677        1.2450755299114815     
  0.59560610581068985       0.14215459778646772       0.12129583923132423       0.11154161144947802       0.11450740890806149       0.11754499685548250       0.27557784456869783       0.12337196728034555       0.65294557276845711       0.18994548637560141       0.25018431364307803       0.16927062219030881       0.14922065289564326     
   1.1983181028725314        1.2551867308465678        1.1834752338965930        1.0231108055088214        1.0387443109749444       0.99357676510641268        1.0016328721396108        1.0484987705241262        1.2010920427220435        1.1008962947854093        1.2088150179759753        1.0922583484839845        1.0934580315536027     
  0.61587852102227558       0.15904840966067887       0.13745700307245762       0.12696772577334381       0.12691971601339874       0.12956720523144738       0.30587066185168632       0.13984922974004571       0.66714229815788018       0.19788610630635445       0.26278253959880093       0.18257362156874285       0.17026438648963721     
   1.0353486031709549        1.1358405267323235       0.94896857107327170        1.0656463937489284        1.0790131259299860        1.0734453251361586        1.2075503059421904        1.0767731072991173        1.0705800891173487        1.1645030733958208       0.99061647398001995        1.2159769400099198        1.1512299318596224     
  0.63302848840651860       0.17633108250257573       0.15398362887506545       0.14224080434862657       0.13951379034517034       0.14171528502832936       0.33540332933383493       0.15673148005167184       0.67983575241118932       0.20579224920849853       0.27519394274382453       0.19622035734800652       0.18973028388718916     
   1.0893755817111648        1.0981263053004793       0.98721634068824038       0.98695712087357113        1.0757769231048593       0.96339605831786002        1.1452447779105290        1.0892065826394246        1.0706443445119724        1.2325173053468135        1.3285134626801223       0.95254141483626353        1.3118372762706088     
  0.64986264908385283       0.19213930751950467       0.17182344726512763       0.15773574246226940       0.15260464635366328       0.15510457097093960       0.36467080684272979       0.17230318984709261       0.69119696314487356       0.21367178528719699       0.28728851388311805       0.20965791992315214       0.20819105606902027     
   1.0547275577985957        1.1144304030194789        1.0518416235281467        1.1513888899427371        1.1942054970786551        1.1397735043444333        1.1270748094408731        1.2227375326815759        1.1553860138260146       0.98779638889231891        1.0886679980493161        1.1235083459570789        1.1574059859053998     
  0.66422598898078444       0.20805580815846189       0.18982838530015472       0.17393483732718623       0.16586562328749430       0.16882614771475063       0.39454888722924020       0.18650544546961498       0.70130079909703769       0.22139353954456542       0.29922662631494862       0.22360639695426748       0.22585201665068821     
   1.0650056827378116        1.2339288505737538        1.0862605233671037        1.0299781094481795        1.1115828169751441        1.1456680354178581       0.99138633114251040        1.1380311343983607        1.0058231121534322        1.0695556075144752        1.0096891957905170       0.97485856451213004        1.0550553758233348     
  0.67780591793441758       0.22297612629942831       0.20627006443018031       0.19103152508028487       0.17856365239508634       0.18338142164201307       0.42460463970898515       0.20126859208698294       0.71158723269166912       0.22904062874442960       0.31068040850613127       0.23930342306696034       0.24277637786262535     
   1.1609050576190127        1.1638300120727023        1.0323454145439255        1.0716140017487412        1.0221791272345833        1.0986687265877684        1.0824647529898204        1.0560001836104080        1.0465540664144870        1.1044602338979952        1.0804334942528204        1.4411475839597299        1.1030312601218395     
  0.68946902651844177       0.23855355057765268       0.22213493898179373       0.20778161671587117       0.19103728329209710       0.19871184289343827       0.45490293100256146       0.21601172708719149       0.72135638236463506       0.23644921421790743       0.32235913048556358       0.25519515656826880       0.25954902408753339     
   1.0590040611717062        1.3129495157803424        1.0711533951115144        1.0660572592505890        1.0282838133337096       0.92940648092801159       0.99940333507673229        1.0854271888743543        1.0205875141124472       0.95134607583376485        1.1373814233004724        1.2083089439904759        1.2493801507517615     
  0.70103893333070522       0.25670671686769886       0.23903686118254039       0.22369908056230792       0.20373929884648539       0.21498877647135936       0.48447156671967390       0.23034911624143584       0.73058993679933526       0.24397914641197407       0.33469441949256423       0.27074636914434835       0.27668383820206771     
   1.0315232041910758        1.1446529602215545       0.97803575200839821        1.0245595170233650       0.96897542799199099        1.1915712121181787        1.0415998768344323        1.3493047346862892       0.94431454442227913        1.2196433986380280        1.0044541955589934        1.1250112632246936        1.1662789466451362     
  0.71265377168943933       0.27418746988662185       0.25724634662625068       0.23871570991941596       0.21551616237694091       0.23089068006666955       0.51323375125557735       0.24477893761474395       0.73953280256111376       0.25087408259181998       0.34737499219308671       0.28637377270942815       0.29378259391842609     
   1.0486601681907235        1.0106829724228403        1.0513619959738989        1.0618903346389457        1.1490564039314104        1.3199712138695689       0.99802251636405537       0.98023034342847859       0.90465307708936482        1.3226614341972480        1.1692594362005182        1.0654247223123419        1.0478696085050614     
  0.72455330508337623       0.29098481834841233       0.27552000149380712       0.25277575228822563       0.22741686323278257       0.24923683433645746       0.54044089121751104       0.26028219305098577       0.74822405499887501       0.25773129486407925       0.36040652609075557       0.30268954328847497       0.31074162818688206     
  0.93576586598281752        1.0495242950333294        1.1222009172076857        1.0263075506501687        1.0387699803665453        1.3041058306122411        1.1076569467342434        1.1959644668100120        1.0516122021499856        1.1406196443000112        1.3350484457741023        1.1273872027998797        1.1750617920671895     
  0.73602742826807754       0.30777212993045883       0.29321800073042348       0.26756476356708858       0.23890783682615213       0.26744014360033713       0.56657027182193531       0.27691057318818724       0.75648809633132885       0.26460369842124332       0.37365710837551380       0.31926804449491264       0.32789732026714435     
  0.99086635150886926        1.0718566697073637       0.96920721948418354        1.0002633098880940        1.0568084878441368        1.5574058021593478       0.98849591596319986        1.0603283121948543        1.1325778382053999        1.0410088900394388        1.2507776624705531        1.1936133580874388        1.2302409648537616     
  0.74711860762294569       0.32544312017119992       0.31051308310452302       0.28414507429401092       0.25031018199473781       0.28616923621841095       0.59004068241267416       0.29284578117162707       0.76420044558510725       0.27167387625151285       0.38697384101376170       0.33619582040237239       0.34388201444917987     
   1.1228339995397043        1.1756257317882164        1.1509535481256494        1.2044603138987140        1.1473307112210449        1.3038610614342354        1.2294392617294219        1.1132835153090064        1.0130727971183251        1.1306274992381304        1.1761239500176239        1.1348663140880972        1.1848986720842540     
  0.75730508898895366       0.34276126987980082       0.32762054618611575       0.30032628192674621       0.26106867077043250       0.30489418149082559       0.61419494312231571       0.30763421741368224       0.77139708579354382       0.27914221044629950       0.39998831572915522       0.35279751649940477       0.35839822338770216     
  0.98100470569538467        1.0796793171071752        1.1610171952541026        1.2006727283541827       0.88907502788205073        1.0680481801825756        1.1740418634642640        1.0450298951177879       0.98565919041039485        1.1788671139565263        1.0681291934519344        1.0112339361708926       0.93871457294461624     
  0.76698108360510642       0.35894849237953569       0.34457397435124087       0.31467135350551839       0.27204392522957777       0.32294707138908435       0.63261762296727120       0.32243359747582223       0.77846716025588181       0.28690567326803823       0.41307235848390056       0.36856713522226731       0.37229635136041633     
   1.1189410085029037        1.1173592212712686        1.2092988979811099       0.98514402391708933        1.1402755577074044        1.0785856895536932        1.1443343836022983        1.0764563418651707        1.1631458993075350        1.1505349076193969        1.1430492378957147        1.0775858745699904        1.0187368160174737     
  0.77598316056677497       0.37462589911741673       0.36168021025874031       0.32885580841652151       0.28303384092097950       0.34132054122612066       0.65047310111785250       0.33706917480321447       0.78554763752613732       0.29468453416398332       0.42617306557431045       0.38493855680654276       0.38565668242162660     
   1.1228234292806132        1.1710707871018675        1.0777710603518356        1.0243005193234844        1.1204336386442013        1.1975585299851830        1.1185113519910022        1.0488803151915189        1.0930656029809724        1.1799510129453450        1.1263326943709522        1.1410680577039121       0.96227089295296042     
  0.78487677715499482       0.38923850502820395       0.37869016771102582       0.34291628451433859       0.29439186510442955       0.35885938536731460       0.66808799207781511       0.35135879533453057       0.79264894381861351       0.30213118051213506       0.43871163074974517       0.40309393317598136       0.39921811365512927     
   1.1153220408233600       0.88742444156695677        1.0304812520582871        1.1443572401624733        1.2595117687496771        1.0789985602903376        1.0619486029698813        1.1941419174933436        1.0024405130986802        1.1555975635947493        1.1818031070043802        1.1121597510077068        1.0844003409857566     
  0.79328519215569526       0.40397664138525452       0.39589239945109816       0.35720328405207047       0.30588528754240835       0.37596093219594068       0.68487598714598819       0.36511241336102879       0.79947121491428708       0.30943614311351963       0.45149032492525637       0.42040828527392959       0.41331640196794472     
   1.0204112106972973        1.1581928705374374        1.0511752095452309        1.0577682635207304        1.0707934014734122        1.2004315176383800        1.1167954157337789        1.0858360290646756        1.1690459960684312        1.1711603732322788        1.1753405298984339        1.2267506176964846        1.1641328743209394     
  0.80149183258604151       0.41724770005021000       0.41278418555008090       0.37196984489510926       0.31730736396150361       0.39103573044019213       0.70077109323389286       0.37896105350037840       0.80606190375446196       0.31739330823608597       0.46508259348032993       0.43565114948353917       0.42754757613517252     
   1.1180298932886816        1.1249176983477018       0.95017171320259330        1.0371314112239016        1.0344408467939705        1.0147045235921510        1.2438662537645344        1.0751317413497636        1.0040022904410517        1.0743896736385654        1.1082513660941737        1.0701629796149910        1.0357765074791700     
  0.80922417899338595       0.43119428719691738       0.42923610689919856       0.38807189022879757       0.32776842813000101       0.40597188023781744       0.71661836254917799       0.39258234311847034       0.81251138772369891       0.32527581597143645       0.47887825778487875       0.45117617500693391       0.44152337634128092     
   1.0991591809654431        1.1579593595867068        1.0080001836247756        1.0655844447849556        1.0371210607503150        1.2147201602515931        1.0111911679255614        1.0182021766810418        1.0042590357994505        1.1131405763158970        1.0718128536999461        1.0703073735003241       0.96637507346945151     
  0.81672667437212687       0.44548976479468216       0.44571978780358751       0.40411276680573244       0.33877161358153107       0.42210775943144574       0.73229175726033868       0.40621088248409509       0.81869755568659619       0.33258003582895579       0.49256525881729796       0.46787799721614848       0.45450772711038728     
  0.97301976504502941        1.0348254603557390        1.1073150413039383        1.0821486736201960        1.1515049095217382        1.0133727732466007       0.94798125830799962       0.94832021180955128       0.98128818235602477        1.2491366025538149        1.0450943238493233        1.1574077797445614        1.1925017017997104     
  0.82403398841748443       0.46041760789893743       0.46181777255522166       0.41907499791169306       0.35029553731181062       0.43788206505793598       0.74796157913348282       0.42035254280394163       0.82463427381930055       0.33993248470360249       0.50631799753779927       0.48415401127645924       0.46714609990837003     
  0.96329318367573824       0.97610630926359232        1.1441465367825014        1.2336794481210636        1.1906737313249254        1.0205587424754214        1.3141520321524429        1.0864138435294910        1.0819102234052895        1.1689243082678529        1.1221551799446254        1.1522000351393984        1.0499939841895745     
  0.83134355053428766       0.47730879694760370       0.47787112432112083       0.43388988217712082       0.36132812749193138       0.45349564146646060       0.76187022212969979       0.43413172760492846       0.83040983785230327       0.34833798812011579       0.51972079083240108       0.50143465500266671       0.47988509977804472     
   1.0932474592771004        1.2612849457387609        1.1683781250344087        1.2305048930876015        1.1029178879909065        1.0709767335263130        1.2867503727374934        1.0005868646059959       0.94206302645392537        1.1396577613896024        1.1113334436960054        1.1685690785473641        1.1340499343979211     
  0.83786906213094992       0.49356273325667738       0.49387804981936684       0.44904938844560022       0.37217328748833728       0.46898442445986965       0.77587342649436442       0.44708511502544607       0.83597460927258704       0.35701445495601369       0.53340417422933484       0.51850379551427861       0.49278833723473620     
   1.1249591723302632       0.99011673448861959        1.0918616830974619        1.2322887781862408        1.0086715680879257       0.96655365711700669       0.98329595933551772       0.89687292184196665        1.0182713370957073        1.2588742170807132        1.1198485687070721        1.1261867801872181       0.99743747129464710     
  0.84444071474846893       0.50902882278632300       0.50923698560083874       0.46318000199841419       0.38320467986393153       0.48408961640379788       0.78752830521648365       0.46312788846806807       0.84164461884602249       0.36503627845724335       0.54671737312979951       0.53460898438667659       0.50624000210736553     
   1.0606194513220661        1.2498907778155082        1.0500500512215662        1.0284857925840205        1.2984830966410004        1.0970808956180371        1.0720225822582925        1.0148558375412102       0.96839339667757263        1.2449536105482648       0.90976995835281427        1.2329922882554616       0.98218777164760307     
  0.85074228870580382       0.52500920486435187       0.52449375057805125       0.47796106453521653       0.39441834374410928       0.49916773542719889       0.79892155282493360       0.47870385831913148       0.84745419743589423       0.37289810120374889       0.56011012479039957       0.55096584192208198       0.51962084780516449     
   1.2228368426262288        1.0964156774301521        1.0552524418637761        1.0726146135106078        1.3821307129106171        1.1366542332150555        1.0516438678742743        1.1274092686048420        1.0313922260425883        1.1151637665560916        1.0678889918208294        1.1326534369639196        1.1935502872315549     
  0.85707408315970079       0.54077030092049838       0.54238976366662228       0.49385147098993493       0.40579336776292674       0.51369553124926637       0.81036642317115426       0.49423340990998688       0.85311626645565508       0.38086751775825867       0.57326810948597906       0.56544041556627400       0.53283179817400206     
   1.0779589836653991        1.0147964481025835        1.3064604656260088        1.1589274707458532        1.0242490849184167        1.0384393673710020        1.0125335720066166        1.0856415874547061        1.0668807248018819        1.0689823561400018        1.0002396951962458        1.0411153184690478        1.1279805907821776     
  0.86332714621256235       0.55583807597648971       0.56015973293078947       0.50934661311719553       0.41717442632184942       0.52770966485590054       0.82193901207256737       0.50980743470183798       0.85851382351560768       0.38898592465509702       0.58654798225566118       0.57945525655018915       0.54591441039892541     
   1.1227096606053439        1.2302155099859240        1.0496522396576244       0.89612767241661750        1.1182819208815784        1.1243568002110544        1.3073917535284194        1.0388101182901113        1.0947017375972681        1.0339918216708262        1.2710550018906845        1.1814108777899794        1.0563058051030614     
  0.86911045964444189       0.57025095412041993       0.57852232930797365       0.52531746111742472       0.42844993288050204       0.54299687338292901       0.83186827360764726       0.52499820043201006       0.86368911838515661       0.39718688246500339       0.59967624612771420       0.59189711049089699       0.55848172264783180     
   1.0710454333410437        1.1295393757556536        1.0941067546113865        1.1317974723801585        1.1377267589586300        1.1120397994023443        1.0947866150161036        1.0700303405970635        1.2815062562477502        1.2488573387327608        1.0117571145012805        1.1163530399061456        1.2559530607583373     
  0.87436206948371975       0.58437117386823045       0.59684579527762505       0.54142871983512064       0.44004043060209080       0.55884199971404380       0.84188794864129890       0.54047761242428927       0.86872850570297311       0.40548254876358780       0.61362855528961302       0.60420333367265699       0.57120590250645042     
   1.0968044879413721        1.0873102352514257        1.1025411280850295        1.0560788205888609        1.1174385390009818        1.0420474613796682        1.1638831192725163        1.0719964555817478        1.1100233752073445        1.0536743937451800        1.0388481936422074        1.2469754280087519       0.95280823791051139     
  0.87945356280687859       0.59666880913066112       0.61363250449853002       0.55893208708364106       0.45202479325307793       0.57571940966332313       0.85127481803673910       0.55724504375645889       0.87377250429428499       0.41381576651632851       0.62831818531191230       0.61661557658187094       0.58462170081077836     
  0.92524409037637101       0.90915861640676610        1.1835128316745964        1.0847211898210858        1.2452661693656304        1.1498281118875322        1.0463896792756369        1.0655697662292734       0.97748033537948731        1.0051626161900347       0.98919706449763511        1.0701592550633996        1.1315813645395845     
  0.88445058236250085       0.60994090940479950       0.63043802838334506       0.57520666851932678       0.46330355486629865       0.59264523867798835       0.86004189180775836       0.57454418035525778       0.87830150969143195       0.42219676611512569       0.64268590013657134       0.62927840978317173       0.59854222154928438     
   1.0287851649486959       0.96326476391926497        1.2654454040706296        1.1056262972476831        1.0295679285062846        1.1558363561344254        1.0675785483637226        1.0356278803821788        1.1176208838967618        1.1739484730154730        1.1659270647472393       0.97158703446281203        1.0886449690523183     
  0.88951457636908360       0.62292593044251554       0.64700014226727853       0.59100905658496261       0.47471544171099084       0.60898933635577868       0.86820447551346636       0.59233238156652301       0.88285345007650862       0.43069367271163683       0.65700781048924728       0.64255851132693687       0.61313863487909426     
   1.0755860701407971        1.0072626794060757        1.0459639995236543        1.2173494008131880        1.1435769913381924        1.1870151298330252       0.98978016024168158        1.2221482515773252        1.1587098293954510        1.1333373174366344        1.1053906449749029        1.1267289557087314        1.0549184682438231     
  0.89455681712295776       0.63590271719049385       0.66338825633614384       0.60669845571354175       0.48655841988535853       0.62552796644728581       0.87572329341308841       0.61023620280124347       0.88747032042719376       0.43923934060826630       0.67159312585681208       0.65611340329060908       0.62792900356993142     
   1.2908665843517280        1.0278539941472655        1.2780147753313440        1.0607744215831647        1.0509979743828068        1.0281921762854929        1.1989223528600768        1.2909106822875309        1.1010986563036425        1.0275014529071897        1.0236935518496020        1.2402763265436318        1.1327387154413677     
  0.89949571497413339       0.64837407833492522       0.67942745058647014       0.62285274518186518       0.49868287127550598       0.64182492904601052       0.88304449005089369       0.62650240888884978       0.89212736433614281       0.44771447529776487       0.68647452130774722       0.66832332720507459       0.64295142422571205     
   1.0488178759132674        1.0290037032361072        1.3813864656814783        1.2172053531130078        1.0910712397016735        1.0478447037082925        1.0182021766810418        1.3461913368799372        1.1136046985864294        1.2028276657284038        1.1501131697801028        1.0967180241523777        1.0596510236070944     
  0.90430547997238031       0.66135027040598393       0.69532430163199344       0.63879056027326742       0.51151617661513016       0.65798255091867108       0.89015994591219361       0.64263208358810220       0.89682109035099344       0.45613607090805991       0.70151020908497597       0.67993446873859453       0.65802216733941710     
   1.1564515475847024       0.93052752870249578        1.2299025577236649        1.2376008095692528        1.2319088807757947        1.1999075993848431        1.1090157137610990        1.2396507177922851        1.2266117931074945        1.0791475656753127        1.2080401583714933        1.0763672662118544        1.3592828801416093     
  0.90897368321103067       0.67445569104790326       0.71054668412665234       0.65543989435359551       0.52486598082511182       0.67322024297402949       0.89705655328453593       0.65877287820074104       0.90143654105969240       0.46438814899831227       0.71688998445534791       0.69297173802216527       0.67328656318675639     
   1.0150225894823630        1.0229852625355094        1.0434601378186359        1.1394411990623947        1.1534498833739200        1.2592895385968879        1.0212127599619281        1.0388552493059029        1.1254352349287218        1.2052120134784117        1.2607361139160933        1.0777085918792844        1.1414821157697550     
  0.91339800767638646       0.68822658972557849       0.72560907869964142       0.67179425070398668       0.53897000112726001       0.68769808563850776       0.90390951198449443       0.67494208174174697       0.90590204630919746       0.47134369685287825       0.73234702016508280       0.70648967924181327       0.68800743935316711     
   1.0593957068471096       0.92796435305364755        1.2191010934155095        1.1397133145698812        1.3508939276371121        1.0596882955259013        1.0314032056491353        1.2252568455248036        1.2664758855656073        1.0374560202351746        1.0320068028020049        1.1390452001329616        1.0872752931425924     
  0.91743160952067204       0.70258227533138251       0.74003597070262950       0.68997719179858841       0.55323558092289626       0.70132327802300098       0.91052575980368722       0.69002037565706353       0.91029810814397316       0.47863042944116324       0.74813312031183632       0.72083987067888322       0.70174231328669701     
   1.0801753385926538        1.1945004736153260        1.0595353784269728        1.2107202729822752        1.1260290289660946        1.0520096018562066        1.1102575520851876        1.1244450087935980        1.0593341463634938        1.0820255113720438        1.2318855537581139        1.0128580801459999        1.0779294276625404     
  0.92166016585328181       0.71670139284800172       0.75413686968125626       0.70771028555976889       0.56945099766443952       0.71507812610585675       0.91756518222477912       0.70496925633263230       0.91465898220236552       0.48770967213579891       0.76459449121044465       0.73650677344445215       0.71507525672057515     
  0.98188713192956045        1.1166330052094846       0.94630488260790679        1.1552337587852961        1.2022691466150195        1.0739651149629348        1.1388503571603832        1.0259269881065898        1.1022769433057544        1.0415952891141071        1.2034259672749603        1.0604612356582046        1.1817970566376750     
  0.92595047588588353       0.73062197268694073       0.76790465561271548       0.72458614507759989       0.58535966442993348       0.72942427484454175       0.92430813949440571       0.72107278351961424       0.91893130786468746       0.49763394334126326       0.78074961355045447       0.75255882522933759       0.72862523912515620     
   1.0651579298633629        1.0516857655083727        1.0378899677673032        1.5331901580422591        1.1538174645347345        1.2489476531255383        1.3740261165544640        1.2151992879227513        1.3480353965482654        1.0150101825082234        1.0971024249673051        1.0962808332665932        1.0075354817516577     
  0.93000263296520036       0.74472245594432385       0.78147382156230383       0.74119431776146083       0.60221177247238233       0.74466022933672316       0.93036403076757945       0.73698775735939870       0.92309972201597468       0.50856395054417869       0.79724058333071202       0.76861619404509474       0.74180886211120112     
   1.1682717611469640        1.2296626484048463        1.0067803632212238        1.1087783740559658        1.2915678680477032       0.99323549536444744       0.99684262616267905        1.0867442197926382        1.1548659349236838        1.1786392319623915       0.90334031314387520       0.96756754857970451       0.98616280980213133     
  0.93388410570077485       0.75849064379514730       0.79381089095749857       0.75338106068864763       0.61884157416023211       0.76139221359541664       0.93658362198957767       0.75339989909503502       0.92687582489160703       0.51960122690729793       0.81386860130874750       0.78442880642824886       0.75505176530411233     
   1.0450052397613194        1.0935064248034301       0.96646437958171227       0.97290189646184144        1.2159602386305441        1.2048976832369940        1.1036654770358121        1.1172028668579392        1.2102368459842900        1.1741225112309830        1.0350769063550769       0.97445031688277095        1.0021461719970834     
  0.93797538201573794       0.77245005316443172       0.80652286096596337       0.76585992468544661       0.63540947000628034       0.77863289374472799       0.94253692785997101       0.76957560200226438       0.93066078470042612       0.53171026305296665       0.82973192520732186       0.80061418576545484       0.76918468906754933     
   1.0145336000970282        1.0226497292024390       0.98673218208179825        1.0357670602565072        1.0909921943977754       0.99560323821787877        1.1713811316325224        1.0170065141224656        1.1350723872305519        1.1455044298749797        1.1708253672038598        1.1691993402363683       0.99771700232880522     
  0.94205434343625183       0.78725491786371160       0.82031394371813693       0.78253805166657264       0.65294489113450283       0.79605435114933154       0.94831497045017332       0.78534541637092248       0.93484740630100127       0.54414827934181920       0.84505412655168388       0.81787043083988653       0.78324454378753083     
   1.1495584546582964        1.1929182602461785        1.1327948440737192        1.0808249819144857        1.0536206152989411        1.3994172906993556        1.2262522157607534        1.2096132464556759        1.2269292393661020        1.2063337216065226        1.0801270368443114        1.1380759331841221       0.99638474480923711     
  0.94623139372068643       0.80296287266182020       0.83495270023717116       0.79964905434344591       0.67140557405016688       0.81339012916582665       0.95378868872163491       0.80056000346195566       0.93889746427580967       0.55824852423632110       0.86006144420204456       0.83503837967869476       0.79628673213714474     
  0.94539257629405327        1.0830391120293086        1.1823149772238688        1.3198418421552440        1.1885120091093573       0.95530009014132133        1.0315464134903742       0.97320724557517302        1.1331624625654657        1.1432177402574071        1.2578536118228889       0.96320328499797492        1.1619567679068663     
  0.95033001184374377       0.82147733792733169       0.84915431139050912       0.81448502031398917       0.68989237878547416       0.83064081823956448       0.95946088951185637       0.81636466682013720       0.94283515989501576       0.57184942209723377       0.87182078997216339       0.85236801584525013       0.81386470509288789     
   1.3427428689541079        1.0762977989281208        1.0842062867519870       0.94810550555615514       0.97182889982579324        1.0759473287268682        1.1745903653968268        1.0764358932248821        1.0322237924401458        1.2519932703515371       0.98604588055730658        1.1089441221456509        1.0011400229777041     
  0.95422554076110100       0.83966381969154613       0.86350736433347486       0.82976022810417793       0.70971141900705348       0.84740981732647780       0.96440960174616774       0.83270060551177771       0.94678523488018218       0.58451579792212305       0.88508546810368238       0.86970048697316982       0.83189689153055990     
   1.0745051692288836        1.2799058413645366        1.0086932820764225        1.1088568109465484        1.0724915426717387        1.1539999271314827        1.1671972563219075        1.2598888715842358        1.2100417252528020        1.0397576187818658       0.98000823149680572        1.1833729555702546        1.1488296960011615     
  0.95810125413592317       0.85753846851986482       0.87623653744982599       0.84576914592197050       0.73041594635338236       0.86463938072040869       0.96935234806052306       0.84918487158745781       0.95065981038229208       0.59781879276427574       0.89844092941953879       0.88520725593487370       0.85035333196644058     
   1.2249528428042236        1.0998496863832583        1.2464660482817189        1.0610146880734570        1.0269438156420732        1.1544876115433802        1.0356030644573204        1.2129064195484494        1.2341790837837714        1.2270736607092574        1.1002767042253825        1.0902752653479590        1.3998822928098293     
  0.96199828720899050       0.87525191502832322       0.88885492090849438       0.86286984414114765       0.75311103135113189       0.88217502849733131       0.97355710064308310       0.86703874722329566       0.95460231529182371       0.61255331226894638       0.91159215482885492       0.89873986225665881       0.86895416001678039     
   1.2213623363644841        1.0794119360641099        1.0194955305002618        1.2702319644909648        1.2556165089574032       0.91687419051346464        1.1713470640538501        1.1406345841971686        1.1085916549257144       0.97344792360391885        1.2184965590454033        1.0388884899225836        1.1363690998217386     
  0.96567101638178698       0.89214490434593929       0.90213817912077510       0.88132026786212037       0.77695087575145716       0.89913386002819295       0.97764144510643269       0.88457211541887870       0.95865513605673891       0.62749052100588976       0.92459770326902435       0.91187442921745931       0.88505387932153456     
   1.2691690565021421        1.1451980504566970        1.2040459050382020        1.1687046404230508        1.1418120883126235        1.2035371746822892        1.1338319848469629        1.2792874876414217        1.2192357622218952       0.99378737632046765        1.2993689760781353       0.94206302645392537        1.0618901649677999     
  0.96977211019180720       0.90900370379262119       0.91525937015204517       0.89905270817280047       0.80147005378999359       0.91464685481284136       0.98134053466368221       0.90176524157069171       0.96276272259306894       0.64422837878086081       0.93638814982224550       0.92505745196156042       0.90087801363593689     
   1.2963693538331578        1.1357449505388406        1.0992585803937200        1.1382238459754246       0.97732047205872852        1.2361068787592575        1.1700401280665473        1.0691157010347467        1.1400702230561244        1.1246976088992482       0.94421762094121553       0.96315860541163545        1.0814141859721194     
  0.97393814359672592       0.92521111573343362       0.92741128742378953       0.91663837669704806       0.82703063700637458       0.92971073135662818       0.98484484964103225       0.91884793002395937       0.96707043219136990       0.66371742488652874       0.94636616142917718       0.93744698587149911       0.91755794800916213     
   1.4139078366622897        1.1751322965964917        1.1752612218720508        1.1612653317552992        1.0899414280843263        1.0447763557565588        1.0584894610271955        1.0560156969011727        1.3274550533051297        1.0845939731612413        1.0739651149629348       0.93520236056443529        1.1771198943023558     
  0.97811329809236947       0.94104985681832642       0.94003814904808125       0.93430762963896852       0.85314523889154825       0.94459531712099187       0.98815717522957058       0.93621454160823558       0.97131998251773966       0.68614509216181585       0.95651525146533345       0.94890210410600051       0.93392916364478606     
   1.4088833647157077        1.1574779779450866        1.2246919577817996        1.2692277392878075        1.0683244502568772        1.1200218343993245        1.0719162315984394        1.0805899546337490        1.3284571411761739       0.98423386003994706        1.0575276381909704        1.0182021766810418        1.1555867596902967     
  0.98258339221131374       0.95509683417071412       0.95458185806526030       0.95182442767761399       0.88199771454851861       0.95860637718101560       0.99134938750803092       0.95118603723903572       0.97639438590341476       0.71584534799835553       0.96757307477853860       0.96119502726696682       0.95101297590042622     
   1.3662839576627981        1.2381830474178799        1.2198109355359275        1.1309738732686447        1.0240195232378926        1.0359733265902422        1.1305899592744588        1.0254221481121886        1.2391796979994660        1.1479042669345181        1.3350417795275524        1.0817859044840348        1.1238871244901629     
  0.98711926743367939       0.97046995964015026       0.96885660163123000       0.96860375014988298       0.91470085847736637       0.97230272868449985       0.99444609606951040       0.96609730502994162       0.98166571235594347       0.75389565144152426       0.97870841821452959       0.97369430579755389       0.96813060936821060     
   1.1680183790091854        1.2050271835303725        1.1967209326350348        1.2113001956888518        1.1258082385446160        1.0842524138540803        1.0713095719801704        1.1318872027543212        1.2962313997202433        1.0335394472055162        1.1207154435971980       0.99421517314057994       0.96296428453084715     
  0.99352190837442822       0.98531687534386614       0.98410937049094460       0.98433659559852293       0.95448196714721256       0.98628148858571552       0.99727234416378563       0.98264201770029458       0.98988471448958948       0.85281108530765781       0.98942421299899108       0.98685856317125242       0.98414041516006989     
   1.5477747453649660        1.2199789977059585        1.1179990934007975        1.1000826712680332       0.92547651516325347        1.0579192691254893        1.1434068408303693        1.0968526421554130        1.4434203613910803        1.3438493929494049        1.0637923977944035        1.0694092809770390        1.1737692193679510     
   1.0000000000000000        1.0000000000000000        1.0000000000000000        1.0000000000000000        1.0000000000000000        1.0000000000000000        1.0000000000000000        1.0000000000000000        1.0000000000000000        1.0000000000000000        1.0000000000000000        1.0000000000000000        1.0000000000000000     
   1.1722205483366313        1.3655794037606814        1.2848023495543139        1.1457412982481026        1.1818782124345690       0.99276175186558946        1.3103395800137949        1.2516178669821245        1.0407701538442535       0.86769193456848781       0.97988496873372466       0.94455188144788460        1.1015462726062517     
  -72.139778767423408        9.0097549908472772       -16.539266869944161        14.799533698532835        6.2045866562519272E-002   4.8813608363185326       -25.872000749441330        9.4137986127090070        10.534652170796916        5.0938407656553890        7.0811681940472671        1.8261751835880153        12.415287051514216     
   5.6090585346204849        7.6918190037531611        7.7289601688398317        9.1231768511216593        12.652302802899309        17.710879511174461       -6.5785868139021435        8.0795808620498519        11.182113712980358        14.617226053218465        8.5448013130300851        16.986946325424864        9.2662105442682439     
   5.4927077870636820       -4.9306472496090095        4.0463153869912825        6.4299686087828922       -1.0805815410794337        3.3219930251881302      -0.87028356655719052        17.308702746560932        12.504247538375822        4.8067455581706291        7.5029051313558188        7.4317922282100817        6.9080753428476447     
   3.7109299265571987        13.822165739895359        4.9895642829772262        5.1043370750701698        13.564816373432601        11.446148865150237       -24.071807891928565        13.618997874447579        3.0804880532444465        8.5366113548190103        7.7499381558679588        9.3646150835207180       0.37643493076227269     
   9.7039479126839936        9.8281633785471296        6.9717604722749043        10.201454291650647        13.951778438682844        9.2754519122192658        6.5401209516944938        4.2447714017111728        7.7613748240080707       -12.846695817947525       -13.322386356182996        6.3465193730251999        2.3531815321156255     
   1.6201628198123106        13.976380310160208        15.232433626704049        1.2671474037394164        10.583097462777038       -17.625543013484709        4.5993898328212408      -0.37988634705310403        4.6352673140659784        14.403648640507416        17.700372347348956        15.243645641450785        16.174437590089372     
   15.900817094905168        7.6025911427094632        15.174155665249042        9.0700507131622814        16.503607923511233        9.2181422742671231        6.3265711649871692       -3.7264126548985752        15.102683478236408        10.570612265702428      -0.18951052615303748       -18.745706131002741        9.2896229109841109     
  -3.2871390569985515      -0.19621908222813197        4.8171029768618379       -11.841316662100411        5.8727110299393379        11.977285624603725        26.809819044552796        6.8018117821455908        3.8086423199337549        13.833656895929836        13.524453850907230        10.303071313568378        6.5367075279454321     
  0.78040506849547808     
           1           1           1           1           1           1           1           1           1           1           1           1           1
  0.14843267752006312        7.5643250935659642E-002   3.9354642489054152E-004   5.4779499858149858        6.2973201524816128E-003   4.6732491280197905E-005
   1.4969995174963563E-003   1.2262034021987040E-003   4.3477259815708597E-004  0.25156223046010789        4.3381867101611516E-004   2.1985315768995481E-006
   5.1680105560114535E-002   7.9666659812505101     
