   0.0000000000000000        0.0000000000000000        0.0000000000000000        0.0000000000000000        0.0000000000000000        0.0000000000000000        0.0000000000000000        0.0000000000000000        0.0000000000000000        0.0000000000000000        0.0000000000000000        0.0000000000000000        0.0000000000000000     
   1.4582677607283897E-002  0.20306490757020287        2.0213385250073051E-003   1.7400917484679944E-002   1.7121746585457745E-002   8.7873423168305195E-002   1.6787623588080388E-002   1.5402012900222948E-002  0.31008400435452871       0.17229642861899477        8.4854553579341935E-002   1.3791990464914508E-002   1.4303710341107412E-002
   1.0592926931293025       0.96094196514516927        1.8995715758956706        1.1120376652432735        1.0547071276256244        1.0997687463616017        1.1464751833440685        1.1053816936986258       0.85762097802039372       0.87924039598981407       0.98267780686216710        1.2062651992622608        1.2171207445262719     
   2.9046963321583342E-002  0.32219188152103939        4.0194433655623427E-003   3.6030508700657667E-002   3.3903724894311670E-002  0.16415219702414155        3.2666814818118520E-002   3.1134674925461608E-002  0.45044482325828572       0.27380262091660668       0.14130745869976014        2.6520523335263207E-002   2.7362486141382168E-002
   1.0053677880348613        1.0379000886845817        1.7953851759202641        1.3114069369572561        1.1469567211099625       0.93721552068342351        1.0968253342981402        1.2713194438280500        1.7804693450325977        1.0748034426245359        1.0972610848801849        1.3330978712910708        1.1371839691687908     
   4.4228161384344940E-002  0.38966389344522423        5.9495865569478253E-003   5.4019385547973926E-002   5.1157944782181851E-002  0.22817147045403843        4.7167304324161163E-002   4.7714325927902070E-002  0.48905810247909803       0.32128456847092263       0.17783531909269343        3.8293211158449796E-002   4.1693437518411883E-002
   1.0316860391905405        1.1354535615096337        1.2811934717986486        1.0282884620699546        1.0357413959276653       0.97557413473968935        1.1126516156703270       0.99013805408077937        1.1809611823610493       0.99475035684408586        1.0956696347770420        1.2413434982385871        1.2511786174334831     
   6.0262158448691483E-002  0.43186054945007857        7.7515596481352112E-003   7.1978612274560733E-002   6.7351791756396523E-002  0.28174985448018786        6.1370434774769389E-002   6.4736322303346139E-002  0.51572318059969524       0.35325777129765723       0.20363097510528091        4.9881015125841109E-002   5.5769729145406510E-002
   1.1684048167343115        1.0316071988437896        1.2198367041051223        1.1497830517062611        1.1805649506029716       0.99159688596966755       0.91720715296196653        1.1151753222520504        1.0988868436603427        1.1558415611678474        1.1964188898145378        1.6120256083833571        1.1011579828422184     
   7.6461952348341036E-002  0.46906157076185878        9.5124495240558743E-003   8.9593183316593022E-002   8.2723606596880633E-002  0.32936941430116329        7.6082534338589219E-002   8.0600767942428084E-002  0.53714132490477862       0.37431520775478494       0.22363570550054437        6.0610722895585847E-002   7.1066041416926906E-002
   1.1089156234681723       0.90980695521535393       0.97029428069869594        1.2818623480276345        1.0363762997901462       0.91876007652456670        1.0257895764147849        1.1402683516847150       0.94699433691140567       0.93666812854468873        1.3274957858411551        1.3613201252952285        1.2709179576974594     
   9.1587216453660900E-002  0.50155036592853630        1.1500433888998554E-002  0.10721608063649074        9.8066018829948448E-002  0.36940388973288385        9.0620691277533735E-002   9.6144936293521610E-002  0.55542291877199768       0.39214669247949863       0.24023288936359841        7.1303129280635882E-002   8.7316617731754809E-002
   1.1034946768247522       0.98875941982045024        1.2872839138595931        1.2583080330401188        1.1584020206158643        1.0289731367567714        1.0672010373460161        1.0421834810146298        1.1558358329956970        1.0875801554676636        1.2127980427251188        1.2979680787064287        1.2044057317663093     
  0.10747714040077952       0.53063622710159730        1.3802593348981424E-002  0.12503540367477839       0.11462135158067188       0.40514407619858461       0.10513315571801735       0.11099209340821370       0.57234592812348950       0.40854898471357470       0.25542388345515710        8.3254927514622698E-002  0.10432546305479753     
   1.0336089703017799        1.0615000273251900        1.1452964818417783        1.2103944283414874        1.1898513488465405        1.1828735932452619        1.2246328912210935        1.0657937076347983       0.95613514395061150        1.1073900164402686        1.1575595495036783        1.2822694207639642        1.1803541640889383     
  0.12324454453446289       0.55575684128370795        1.6133353904046601E-002  0.14354485705463343       0.13190269295839441       0.43913553417237566       0.11969200455561896       0.12634294490444054       0.58816021748556735       0.42517563112106471       0.26783628802943349        9.5766847019856660E-002  0.12192029173524330     
   1.1804723578509071        1.1008891152971394        1.4612593804913945        1.1202287265131647        1.2335726302285168       0.93618854403629437        1.0242748452596451        1.1014418307750566       0.96658301852776907       0.94208644585739876        1.1208921769087423        1.2657481735730234        1.2079917234034532     
  0.13829900717571647       0.57814861144033924        1.8648831441830289E-002  0.16207637614058568       0.14862584270066001       0.47282524303902329       0.13447969338016216       0.14254093202599522       0.60317873095292862       0.44179804945927031       0.27972081856324071       0.10817302398111599       0.14060973387141373     
   1.1136052435615178        1.1327888550358791        1.0847174865612992        1.1556165760617056        1.0393586057017250       0.99126340785865752        1.0219847443799661        1.0294845250778308        1.1802548130703783        1.3227439195592763        1.1000868921279396        1.3251269505182004        1.3325585876405055     
  0.15287956199961100       0.59858824934978982        2.1299117065801339E-002  0.17957157308852731       0.16518050409665780       0.50239939781981580       0.14923348319681923       0.15775802850220619       0.61796947918672018       0.45742089575005734       0.29150727919497216       0.12178839237228327       0.16002264092732998     
   1.1465717277500325       0.97024943789913076        1.0133446907529358        1.1049775393877248        1.2162397366272055        1.0196439809437448        1.1921795892494387        1.1064268752192981        1.2271165937534854        1.0778267264473504        1.2108581028459151        1.2605336889981078        1.4155758069472846     
  0.16711326283792047       0.61808961579172250        2.4318128051753946E-002  0.19696506025781355       0.18154859921417274       0.53055084175822198       0.16325081311407541       0.17301106977567110       0.63161023962665852       0.47214794365790314       0.30304065048212825       0.13483767841809402       0.17972572505332021     
   1.1567287796214707       0.89441608168350073        1.1504518774139902        1.0999712034946179        1.2772212801197877        1.1291203306245250        1.0448839195214674        1.3964289763539668        1.1833932781456471        1.2112459536425599        1.2557030785108836        1.2374868852829872        1.1155426510755357     
  0.18169912519503637       0.63532812134442429        2.7370438983695903E-002  0.21406920466740995       0.19859813502291496       0.55518361568175578       0.17758062470102662       0.18785002662615685       0.64441294783137881       0.48458979446910011       0.31572902246328838       0.14869564939731295       0.19919546161297147     
   1.0466264386115605        1.0060769224902446        1.1500567804795547        1.1107223089798706        1.2195292961072004        1.0127177248251893        1.2130488718780148        1.0555745235453597        1.0509841352750715        1.0906053865459546        1.2999170071515089        1.3632209295205453        1.1689175661490410     
  0.19678994290555618       0.65165433633566450        3.0830818241248004E-002  0.22988277866581897       0.21629370767926695       0.57948021626818147       0.19245463661273671       0.20396824800701929       0.65593947324690649       0.49655277089898020       0.32814351512910456       0.16218865839705024       0.21738437610844491     
   1.2301136464376907        1.0577556317200874        1.2215622284684948        1.1239730598898197        1.0522306882701060        1.0225951328584917        1.0266620692620509        1.0659163790717929       0.97979141217482857        1.0633751256663984        1.1333329768334353        1.2277190418875823        1.0641562550590640     
  0.21213023522473687       0.66592464426208697        3.4438406061106840E-002  0.24487186265380140       0.23342835964411249       0.60158455473122330       0.20785139385079876       0.22070864143146815       0.66716080267951305       0.50837007514335220       0.34070158187897048       0.17695899641271423       0.23465125220637961     
   1.1703164708711915       0.96231627947894205        1.1180068775710725        1.0242848739074144        1.1374914913948506       0.98729244612772715        1.1862682209213171        1.1684616108988712        1.0202352114491600        1.0185117147109655        1.0778018562148417        1.1707681249349049        1.2682311361338561     
  0.22786337003769183       0.67986321530318594        3.8195493990943706E-002  0.26006733027449846       0.24986070045445413       0.62229969855555511       0.22457033732808765       0.23838052519561101       0.67793246700909582       0.52022238392285503       0.35334732522899875       0.19216534601041652       0.25123394910947305     
   1.0636038551373066       0.89803606003159164        1.1140924613314696        1.1036378823889321        1.2557313561057684       0.94198956815992507        1.2021117868300446        1.0963007470512878        1.0358600702975913        1.0336362457456278        1.0996481821277440        1.0972950541852187        1.4020161916241474     
  0.24306992093352089       0.69310609349080410        4.2019333308011136E-002  0.27550955661789689       0.26619315473824767       0.64143227449619877       0.23987729136411812       0.25631421325481302       0.68806778141301550       0.53207296183908903       0.36294566885806800       0.20790213716441019       0.26783759127714341     
   1.2055796533619438        1.0457760700969727        1.2570408545697651        1.1250000600905106        1.1668829571363175        1.0217619116462620        1.1480486386056721        1.0868293475748456        1.0532891271335905        1.2809462008574279        1.0139960376997661        1.3293908990671386        1.1478910845419814     
  0.25816042541377632       0.70588236729035370        4.6343050350543168E-002  0.29186254393675698       0.28211171844924954       0.65903325125327739       0.25319394881801743       0.27338431367373667       0.69751860696362700       0.54369567287328258       0.37256291063759278       0.22357295296048488       0.28442781443166376     
  0.94085160416028801       0.96385852620730028        1.0694448978480331        1.2047951680788778        1.2377273846751375        1.0096886843513235        1.1837254843765739        1.1806422043807825        1.1363474118773316        1.0555568012100605        1.0182878384626064        1.0300937062394178        1.1082808447556316     
  0.27345351290706238       0.71812494636783353        5.1122819612567816E-002  0.30971376129239903       0.29659292090032519       0.67592643469006453       0.26717640718192254       0.28989630595574223       0.70649651715870787       0.55483605460464602       0.38267160397779365       0.23898379651099219       0.30138024427180599     
  0.96863669372563554       0.92673061354902886        1.1070941462143085        1.2638355875667358        1.1700150322289808       0.96275650901351251        1.0570887464079508        1.0120205209401183        1.0725271050010337        1.2589733761283906        1.0069770304619252        1.0613965389316975        1.1202135175104952     
  0.29033808296274560       0.73008458757471140        5.5950996993350002E-002  0.32613893523189857       0.31071227333462892       0.69366105240553189       0.28205813372295263       0.30544828419924386       0.71508018690624642       0.56513440510689750       0.39420113754611408       0.25418979639032163       0.31813553843181036     
   1.0052198407095745       0.95882744359391092       0.97176453131398377        1.0274280112208571        1.2202872667049558       0.95929166941169386       0.97033003398789108       0.94105592539664495        1.1107717817239853        1.0858828632530744        1.1068425863952531        1.3076251579824587        1.2371754284962109     
  0.30856763002821813       0.74172009927054228        6.0597595482069611E-002  0.34250548306993683       0.32493553363776506       0.71137534327177465       0.29838629132280436       0.31994766114620499       0.72354096881761210       0.57451612788874995       0.40691339433771739       0.26929756400328098       0.33416915305858680     
   1.2561914363994642       0.89201869397434830        1.1088371797460954        1.2021957759961908       0.95160758294734948        1.0738454251411060        1.2558205751512905        1.0785140023871482        1.0245672801215981        1.0266874657277372        1.1070490131179784        1.0215589299908827        1.1454649411280435     
  0.32819039541818701       0.75307697891716030        6.5293152317535866E-002  0.35873039572651705       0.33898674583176880       0.72711205882229324       0.31568405350829654       0.33492205880816478       0.73189356279992779       0.58408525411901246       0.41954844162967631       0.28402007615494379       0.34985928000825078     
   1.1900757874630061        1.0352109792995403        1.0532660646159981       0.98814485487525772        1.0093318769005846        1.0174514556705869        1.1317463539317099        1.1721108278713035       0.91466020356422817        1.1568446591304422        1.0405570129790709        1.0939378798653749        1.2594479312654043     
  0.34699929805989155       0.76441731792158274        7.0214164008876159E-002  0.37578794341141342       0.35257672262931705       0.74172606760652926       0.33198116968641539       0.34906289804308571       0.73996205142789240       0.59341863653439697       0.43272496450466030       0.29871679504708704       0.36646789476536168     
   1.2745856079270943        1.0102945411000137        1.0840606133873958        1.1372961343786185        1.2433069749785868        1.1289633104747878        1.0945787650412606        1.2226299626541159        1.0208398343787284        1.0450377079245758        1.1648791224096722        1.1229294529000051        1.1109969064430345     
  0.36488377821621470       0.77507908486437982        7.5220915118278123E-002  0.39287578376814625       0.36747594850496818       0.75597168971081363       0.34690155734978306       0.36439001221997142       0.74772788535385959       0.60316031179554341       0.44638549037617609       0.31383500611255061       0.38374565822570572     
   1.2479297263481393        1.1278991799413249        1.0629399635062216        1.1165611800567943        1.0600106434120158        1.0363001716132174        1.2556670690543557        1.1503420660504828        1.0714379355022214        1.0732887412056786        1.1985679309593640        1.0907765751666578        1.0589794470758060     
  0.38202842149320554       0.78573874900069396        7.9999844416461297E-002  0.41071758243908646       0.38380923378371912       0.76965558517816746       0.36031639869380350       0.38030743146812762       0.75530666270541136       0.61186964377153175       0.46017436056033206       0.33008681960679892       0.40121823815432878     
   1.2742214920133283       0.99524654057140804        1.0267517513270004        1.1358295977011585        1.1757325294396475        1.0391993526565313       0.94016548645005737       0.92908925045236179        1.0583748110508917        1.3367565269941575       0.97042091781175843        1.1063136626191419        1.1927078526199755     
  0.39929947721528825       0.79605505983308045        8.5198655107597346E-002  0.42722238691701359       0.39874622233245044       0.78262925904903113       0.37327140590807573       0.39730271532016270       0.76277124568599652       0.62046121986185732       0.47427906915130180       0.34639657317791817       0.41745468164473171     
   1.0409072515698627        1.0001150240420986       0.96420290482500992        1.1498421895173803        1.2468349261171991        1.1909527735208241        1.0739507952441503        1.0396801765775712        1.0929285879598045        1.0889043134374821        1.1648444706179393        1.2586696060493909        1.0855209024979426     
  0.41690509640406631       0.80631960966080130        9.0781448658626820E-002  0.44395259576876184       0.41271121258335408       0.79488833423966521       0.38767962842740100       0.41382352225722491       0.76992940811437927       0.62862675591054074       0.48790087860750714       0.36134310379127627       0.43302666682514862     
   1.2355733965403088        1.1348949651045519       0.98211430193205129        1.1418781375066884        1.0524919456004405        1.1940844503300057        1.1821955961159889        1.0417092768823399        1.0444792489556707        1.1457533378785092        1.1574010946733124        1.0861172158483987        1.0068372431559340     
  0.43455508476173321       0.81684190052726646        9.6486046984154777E-002  0.45888801078563252       0.42610377463614479       0.80679408530215668       0.40467206703040004       0.42776719861775825       0.77672943244308401       0.63681477229681449       0.50110452709036046       0.37557799566061090       0.44700398724417389     
   1.0861315673206757        1.1991761433389221        1.1319694150733184        1.1789408614141348        1.0623835212604418        1.1891791749526102        1.2098176678604258        1.2085561149090196       0.94803562313015666        1.3308038040943648        1.1493593413540930       0.98955024273000780        1.0012930084722831     
  0.45109952789185798       0.82610530361126866       0.10268530262380278       0.47384619979227649       0.43971650099374499       0.81700059351126264       0.42084280309250777       0.44143320736040548       0.78345281858080706       0.64537448123367602       0.51416198528485135       0.38959404042668688       0.45966314744666281     
   1.2075237691588001        1.1588853419981318        1.0549702251678863        1.2719924769620241       0.99472965905706834        1.1334903552447815        1.0714812045684086        1.1186291995952593       0.95029766563970142        1.1808568150536412        1.0914542702483760        1.0753429314196594        1.1015669165200723     
  0.46634308179158462       0.83510195238888074       0.10983149287599998       0.48719492395429381       0.45478156813933013       0.82602020515144925       0.43628206475302733       0.45489849195623971       0.79007071131831286       0.65447179542261147       0.52735249286920549       0.40465888858779098       0.47309154547870713     
  0.98262702302768001        1.0753479783719078        1.1713171549366179        1.1534917666069326       0.96724966951004410       0.90938723510549835        1.0871525113886509       0.96797964231876854        1.0792903477092641        1.1190558468710812        1.0903910277013669       0.99363119602581629        1.0053910814804696     
  0.48190698863753306       0.84297954332514091       0.11776796002242755       0.49995283721736605       0.47095033877435671       0.83593742719396547       0.45298272432316772       0.46632056969319280       0.79659292802446380       0.66288592248759892       0.54100361513760664       0.42046875246343757       0.48676946943322669     
   1.1269612440755030        1.1056734485555020        1.1482170416453896        1.0959028920731939        1.1113636975014167       0.95365826916490715        1.1974170775557822        1.0434458929037966        1.0842646785449952        1.0918255464350644        1.1473146564716474        1.2442479270865385        1.0654459899294282     
  0.49769133707310009       0.85022595609110496       0.12597910771875973       0.51314027603663970       0.48700219267947420       0.84505329822598785       0.47018327345114519       0.48092202990682503       0.80266354875435886       0.67093478850580357       0.55517716704970199       0.43502921352547924       0.50035467743793383     
   1.0502091171950161        1.0261483877992399        1.0629523459257093        1.2560580807258936        1.1231881698700892        1.0871920182862049        1.1109061345419335        1.1323825933039784        1.0732244720057227        1.1454318494660316        1.0786373081188518        1.0344208251938805       0.97378149159115712     
  0.51414027653295502       0.85693769864001712       0.13445896665141061       0.52654090696200317       0.50255791768539249       0.85355472472289884       0.48595737978604575       0.49631604397131873       0.80821392785524637       0.67808374774231572       0.56896022758892018       0.44955664759899217       0.51472987666935188     
   1.2283318766462821        1.0128041104192020        1.1391334961070121        1.2167600313994373        1.0591183792138050        1.1448762419439629        1.0862295340915744       0.99535271499599742        1.0166961371081742       0.98434104387719279        1.0220104908853869        1.0706614493365969        1.0131490199120308     
  0.53128161146407660       0.86332741790570178       0.14346100922336988       0.54059508403816159       0.51805162477476696       0.86167467210497417       0.50184178089460374       0.51213111630246233       0.81386357794627628       0.68521766225450909       0.58162278424243996       0.46624752193491065       0.52969625634120387     
   1.2397789744616325        1.0849806543596754        1.2991694862968723        1.4086055567329636        1.1003989121792399        1.1156857246660925        1.1939934355060349        1.0643372670591829        1.0748130940256073        1.1108443726726798        1.2230874174885666        1.0588701346940552        1.1140283792861900     
  0.54929431830533104       0.86986459914138048       0.15295576191798424       0.55418944409942805       0.53240550860920033       0.86972347038351205       0.51778349816468761       0.52884058795878230       0.81962821909376760       0.69233830041331501       0.59370161290079482       0.48233361748546305       0.54468241351700208     
   1.0851922253077659        1.0652355290103186        1.0726237171335702        1.1391192084671455        1.1374699643936674        1.2197691705697467       0.98816062270568017        1.1930037366412725        1.1269456681182433        1.0339262188080094        1.0315702332679784        1.1099425313549707       0.96728659022197261     
  0.56747314341689126       0.87679181920010463       0.16251983097306796       0.56715327834812712       0.54720764579798731       0.87732016415433567       0.53361614462415419       0.54500303805621642       0.82596049930537740       0.69976412864373405       0.60610425407679114       0.49737744237703213       0.55985268488107054     
   1.1031904247193989        1.1816688244035900       0.98795142407147474       0.96894965157548896       0.87541475859662099        1.0177447497163719        1.2329551498637910        1.2069412947016409        1.1637656162015733        1.2452493820064807        1.0576720286492287       0.98220688124336819        1.0949833922222121     
  0.58528109822017749       0.88352122220945195       0.17220159385289155       0.58010247621065703       0.56301275931661565       0.88493250001550017       0.54991728591674682       0.56083916798873079       0.83253033142339250       0.70608541528486746       0.61944745016218528       0.51306027031751855       0.57433591186304378     
   1.2452071481224019        1.0792102481611627        1.1184096089037678        1.1461845599540019       0.99266277916222767        1.1785466435017755        1.0709279438576802        1.1121634694147711        1.1594491425817208        1.3438519348512594        1.1115773183037363        1.0930357972545095        1.0968851697973925     
  0.60366717905964629       0.88961241036406857       0.18242588999881512       0.59316873396791681       0.57916184869598830       0.89259111484854048       0.56668844334495616       0.57643340600752924       0.83785320631656723       0.71269361652727814       0.63396183510743875       0.52913417121633211       0.58762351264912038     
   1.5069754801985200        1.0296798905815656       0.95622039319298247        1.1248572813621904        1.1721828107917591        1.1274050686392489        1.3049190712754861        1.2693748550821808        1.1496984122339700        1.2923582112593663       0.95423062273782444        1.1722143876553426        1.1241273870614068     
  0.62196536411291237       0.89552790365461621       0.19249952513898183       0.60611183051068873       0.59484150029416649       0.89956898209129799       0.58358481323498146       0.59095127951254600       0.84245973132756136       0.71922240031400297       0.64863198985265746       0.54554642124841957       0.60102634976550917     
   1.1064645138173697       0.97741820342538532        1.0753170474035376        1.0546897565289994        1.1015767081727730        1.3045267529377462        1.1603887566946456        1.1096604424728267        1.0834926108585932        1.1799164261410526        1.1362985723666668        1.0465207781604693        1.0345926852617078     
  0.63739765961070727       0.90115093436505711       0.20340901732926311       0.61888323504725917       0.61044637958501402       0.90646381546123678       0.60064446521664938       0.60490741576814810       0.84705799654520109       0.72588806742272249       0.66227729296317139       0.56140890360454887       0.61439286536845716     
   1.1502844068543108        1.0324312656504051        1.0095454340506755        1.1636791221768252        1.1698833795131840        1.0105579366161306        1.2919985329575907        1.2253109753627958        1.0122144170510805        1.2365348385044723        1.1003980622158034       0.98306739747739624        1.0123608774898523     
  0.65283063479340619       0.90669028852664069       0.21434999422960710       0.63182414215326288       0.62766777497858806       0.91256420528037419       0.61718717423787084       0.62095520370719592       0.85157984279208199       0.73229739079582412       0.67562535980777916       0.57778225419352802       0.62925464975650536     
   1.1603231203167392        1.1231826322862446       0.95994990303673944        1.2227361723180521        1.1620620570800066       0.98697837742139538        1.3077144485242103        1.2365532035999343       0.99693049176787674        1.2151132941756522       0.93512491164128286        1.0549104867754686        1.0101547861473230     
  0.67060137617987536       0.91197130703015405       0.22678808392122568       0.64479083017150418       0.64448407886135128       0.91822015942987767       0.63327522179305640       0.63605075432772507       0.85689858689556819       0.73858252300412952       0.68824081479649235       0.59316948363593602       0.64417112266461196     
   1.2106835709528490       0.95946543931296702       0.99255053375430591        1.1503988384549204        1.0406524847058651        1.0480038946093859        1.1694475884292663        1.0494238800112128       0.98126294396047375        1.0667840766706009        1.0203504245853456        1.0910944550524657        1.1037542053004292     
  0.68789782663597510       0.91712618615726427       0.23966300792190676       0.65758224573659141       0.66094706472702147       0.92356864817691608       0.64887301449670798       0.65178521495554120       0.86271361775781119       0.74453667695767856       0.70097772230328759       0.60945742831812710       0.65804743694349932     
   1.2381092854323379        1.1808178794993009       0.99415993865044960       0.98824249643934448        1.0253957159846632        1.2892766014424846        1.1197115862007054        1.1181799460340209        1.1304588450188473        1.2339846266212915        1.2648195232273076        1.0595276065751709        1.1710451122702712     
  0.70536974355521553       0.92171112769746655       0.25296734763668149       0.67041349939471107       0.67501095169392611       0.92877337389659509       0.66439240070671524       0.66769972015669932       0.86856044869644289       0.75084407352964833       0.71471022727029487       0.62624101300658053       0.67222843619233474     
   1.2142129958454164        1.0026676315922374        1.2511343892378610        1.0321079860032318        1.0449458454726601        1.2219352900434164       0.96456306406060521        1.1567497216418159        1.0077940352138064        1.2662826364399598        1.2309108119973005        1.1278555719214098        1.0211150730316410     
  0.72322205899649450       0.92642816233962599       0.26677158202905144       0.68359302000778910       0.68806278039395952       0.93388506377022762       0.67958314639729311       0.68238652228143737       0.87393081542148410       0.75722018747233999       0.72839173563141413       0.64360147296994741       0.68766057497197242     
  0.98367261505222525        1.0494619752774919        1.0304102926949943        1.1385486840586381        1.1214304226396730        1.2332276311432331        1.0212802955442841        1.1745007485401384        1.0226585019437044       0.96160601614153773        1.2388805245815804        1.2509282483822297        1.1665549779303146     
  0.73852004374504598       0.93081951036898836       0.28127516631227850       0.69719259580355986       0.70090344678786887       0.93884552507619334       0.69487954217122239       0.69716476518943016       0.87908726695414208       0.76370706095793850       0.74035145495013899       0.66127377004309262       0.70105536307474114     
   1.3288139790503672        1.3253706286879254        1.0881970722218166        1.1151227577557647        1.2760357070804231        1.3417512448672535        1.0334325783725005        1.1068000196392784        1.1121329297206988        1.2352136372639164       0.99734294478598717        1.2495811513096737       0.97619076282460138     
  0.75240107151444025       0.93518129059203325       0.29341748400174711       0.71074988885304602       0.71360302114192276       0.94373885522758993       0.71138911897023349       0.71171660657174118       0.88449852160451203       0.77038843514943378       0.75281145882746636       0.67897277141433776       0.71620728092506092     
   1.0923206022673559        1.1202597471416009        1.0085969692922747        1.0465490388905336        1.0074517629635926        1.1847395197400765        1.0231505549339699        1.1853719963962344        1.0536965035071770        1.0098360347749944        1.0277365665089451        1.0891614873592648       0.92839863904712416     
  0.76560816359886019       0.93974336104660761       0.30784195594793518       0.72403583856337894       0.72987549636540738       0.94836098781753708       0.72705094793420999       0.72635420321045130       0.89003673379053017       0.77686395132666575       0.76723496656951529       0.69710325497310455       0.73090663197959382     
   1.1663642211933127        1.1512895961602081        1.0660587258475798        1.0606222583694433        1.1430586748197122        1.1767963952808671        1.1917336582085785        1.0685059266525032        1.0776765413067908        1.2451153887638271        1.2301436137261486        1.0802397485173003        1.0163692380337239     
  0.77866618215315497       0.94409689515288786       0.32225044528824848       0.73684963614854115       0.74703407116842779       0.95252629543436473       0.74328541932681580       0.74169154069958243       0.89560359544326684       0.78392579022679465       0.78098342982784130       0.71659823266836775       0.74802144613272792     
   1.0233253033761132        1.0875227217330241        1.1445224473193134        1.0549507767113409        1.0344020691321969        1.4282182458948878        1.1508476119740643       0.99582495743874400        1.1716606960712352        1.1646966511369248        1.0016798186506266        1.1141847312630087        1.1550043537573076     
  0.79234541983484563       0.94829994213944202       0.33778105008753778       0.74904008468359362       0.76372856280411061       0.95660565567655464       0.75977172739640930       0.75628149307772830       0.90124464862378351       0.79089772054385132       0.79549691773458586       0.73786952282840179       0.76544445718298604     
  0.94574060885007294        1.2131781197651108        1.1336307502910810        1.0919663248912630        1.2586304000538038        1.1008803792456334        1.2893741709687774        1.1726218541050466        1.1359364745098930        1.0173532976417936        1.1382225695037360        1.0140238116837728        1.0216786483664664     
  0.80556764620324806       0.95253372385988311       0.35468022448442482       0.76130390293105499       0.77999787883751781       0.96058345908950327       0.77530397454697042       0.77136196869217355       0.90675005706704881       0.79812042676623762       0.81012283947821562       0.75811410064943485       0.78336841543316427     
   1.2297598345382925        1.0831794033623685        1.1212756162549227        1.1585138441239862        1.0372808163469642        1.2878961533687003       0.95715537814703699        1.0467653290001206        1.1151289652700318        1.0503899947058133        1.2297941640933465        1.0380662578411837        1.0329755085509713     
  0.81891524178236197       0.95667738295263005       0.37207478817504919       0.77400050823863920       0.79522615165864519       0.96435496967430578       0.79032184174809461       0.78549744415297740       0.91193091904226364       0.80600051363993319       0.82505080484164761       0.77714347416795926       0.80169523440903001     
   1.0388889768974432        1.2227402961816600        1.2693831805716820       0.92628088398893405        1.1380413053701424        1.1215660367649476        1.1391984832672739        1.1509394118592442        1.0916859090254123        1.3347206876319493        1.3502999982839590        1.0564455955479861        1.0605846292991850     
  0.83281922853117474       0.96068927623911726       0.39106028618437516       0.78731905323635376       0.81102024975523279       0.96799600985123935       0.80576140132123952       0.79989879468300551       0.91716798867061100       0.81373520359859819       0.83943665807120826       0.79484114965272656       0.81996330793893546     
   1.0691866473234011        1.3306638912755109        1.2103264283826016        1.2568418380734945        1.1597707294744088        1.1301027958628902        1.0531753804874393        1.0867349897019092        1.1383756544429571        1.2682203823447686       0.97005348750725129       0.96257520738321944        1.1870281644666665     
  0.84675618717571466       0.96459338601560241       0.41197274358455227       0.79968710132353016       0.82679934569728530       0.97149268046161030       0.82139364194202713       0.81419713689992212       0.92265609650521030       0.82095515653195417       0.85235073169564624       0.81144252686825569       0.83849135047542334     
  0.97083032544235515        1.1791235835326561        1.2228323767232547        1.0509961771253267        1.1637716005343874        1.1522436406195664        1.1079074228031727        1.0550146360030830        1.0264500927157987        1.0341620446581501        1.0485968020014194       0.92008924257804436        1.1252498242336475     
  0.86117621574977710       0.96851919378222917       0.43479161985465847       0.81163567346438348       0.84179182732070046       0.97443468351229390       0.83810060625452953       0.82941362305112265       0.92827205390696210       0.82759550997974929       0.86512536033728094       0.82912325673763643       0.85518212738561217     
   1.1935972366814689        1.2425926620676202        1.2041301379753702        1.0905557241970665        1.3194974098750378        1.0163083177248873        1.0768503824222178        1.1052679871936397        1.1852734775502225        1.1518356665445368        1.1286783734875618        1.0787671125526619        1.2255875552206437     
  0.87559862607064165       0.97244057290250063       0.45896074094578609       0.82401706381619566       0.85757445147352307       0.97734049621116714       0.85489143424328207       0.84564521116930758       0.93389925963350851       0.83354276905351687       0.87747711340869483       0.84652747494104896       0.87179118466342298     
   1.0406730373534112        1.4699675041208933        1.1865166677230599        1.0704098408895080        1.1070876050806298        1.2455780861861381        1.0676206286210079        1.1590982979783033        1.3717783917197577        1.1287537016452498        1.1111269225558131       0.95656521811092021        1.2340138200422475     
  0.89044460076925680       0.97620264944380963       0.48577750183547397       0.83705230730769664       0.87358114710750567       0.98048081978677704       0.87086231698743111       0.86114143809892574       0.93952157582751117       0.84149398711131540       0.88999870540074122       0.86452725505552597       0.88757668021652891     
   1.1136606040586583        1.3349221374311062        1.0223478355025204        1.0171029746344746        1.1825502037066715        1.5228287241774312        1.1144545068725524        1.3659593273969728        1.3480785017496255       0.99496459899412948        1.1235872745866047        1.1269973493315246       0.99877865974218982     
  0.90545710441418092       0.97953596333672266       0.51633522833839862       0.85115274886806147       0.88889295111180866       0.98338651279239830       0.88635546127265641       0.87812186933721137       0.94505040029358633       0.85059668894280782       0.90382230422784748       0.88138220848488424       0.90408791604740935     
   1.2134616318857339        1.3199776201504489        1.2566327911312611       0.90947586243067025       0.99766577224257424        1.2076284397656474        1.2380948941600727        1.2075260628828763        1.0723958159796887        1.1885673433649018        1.2896359454671866       0.90592589964227321        1.1608056331928236     
  0.92044629140683643       0.98229771653662046       0.55044744253305700       0.86737822496647232       0.90439512683109857       0.98617973694302141       0.90232717436308563       0.89477136639999899       0.95134655296667214       0.86037473937972864       0.91849639636352531       0.89967289376940074       0.91818725339923835     
   1.0758963309160634        1.3070309573267977        1.0490732350205241       0.99693071971469982        1.0484954363433723        1.3175434474274721       0.94856468429175123       0.98760283364681545        1.4683646064277727        1.1274537667236504        1.1279047284215955        1.1827415628227382        1.1270033563891828     
  0.93450647339362503       0.98493264982671536       0.58806651339316907       0.88503922626851517       0.92017387639523884       0.98892423246132510       0.91918462384957167       0.91161325669233984       0.95795120483543983       0.86842074057981422       0.93204078053583717       0.91905369929791125       0.93133872169705167     
   1.0341096951852005        1.2326284035605062       0.94473375230907630        1.1391325166827062        1.3517541374470863        1.2993878990229626        1.0281829717939099        1.2132531610409603        1.3068651071383759        1.0668862716749907        1.2875453706468876        1.0222198954651522        1.0963868666032337     
  0.94751113649850816       0.98745437050906160       0.63506990558700005       0.90406598326167786       0.93579314838795702       0.99156249856475620       0.93616225132961861       0.92837683849743036       0.96502692625883668       0.87829511767769308       0.94469608567043872       0.93871728862019710       0.94418489618135126     
  0.89372586403184606        1.2287939806585859        1.0443105849436360        1.0302967347768521        1.0147867568993583        1.2226564287153865        1.2574946223975747        1.0502028852861536        1.4528196059352374        1.0291986085065796        1.1344392573236972       0.99729197743373510        1.0810437605682195     
  0.95985459827548292       0.98992766638878948       0.68886449836905750       0.92370976319145937       0.95198647265825176       0.99395229493395831       0.95195553410804001       0.94618957644982515       0.97229043347665067       0.89287648068383896       0.95770000196701743       0.95538490144585242       0.95609969539071304     
  0.94325949709822177        1.5373553034964587        1.1612762374552352        1.1139756860218364        1.0866920086367335        1.1506290521099420        1.2307816892558103        1.1669913309062077        1.6727697192266462        1.1799889346737369        1.0286359212859955        1.0192000141215591        1.1092801483564323     
  0.97297492327876467       0.99288703784540644       0.75790389546912340       0.94471240843533311       0.96775353839792055       0.99608584918839782       0.96890530445546352       0.96403537463524269       0.97988033372937966       0.90756593784294592       0.97152343653412654       0.97079481750277852       0.97178550392538487     
   1.0727845073595996        1.8195601945331077        1.0225711484476716        1.1668680964986060        1.2503448256020844        1.2471202503350007        1.0516609478685028        1.3187851759830096        1.4341141733394249       0.99902137297146776        1.1104139304772620       0.96358842854392690       0.97876807821107270     
  0.98640122318534273       0.99636760273261171       0.85451460969725568       0.97011272907476676       0.98421510336270290       0.99808508578478727       0.98475726863240531       0.98204614414735081       0.98899987536076295       0.94309759371020629       0.98530314602096303       0.98580645786810062       0.98614807952498829     
   1.2324392751956283        1.8442095119764239       0.93740410926967843        1.0803433683973360        1.0358804142332450        1.4806083195165858        1.2213058604519227        1.2558767151599151        1.5256714448076700        1.1337020575033807        1.1962010825753855       0.96428856146328867        1.1934957067675742     
   1.0000000000000000        1.0000000000000000        1.0000000000000000        1.0000000000000000        1.0000000000000000        1.0000000000000000        1.0000000000000000        1.0000000000000000        1.0000000000000000        1.0000000000000000        1.0000000000000000        1.0000000000000000        1.0000000000000000     
  0.97644534445464892        1.8552113317022714       0.99333484168051234       0.96274747925166604        1.1161478659202675        1.4178618508204230        1.1994565465379574        1.0572000235672592        1.1629969276063734       0.90458951409492316        1.0178291520502885       0.99576862364215435        1.1804906927598062     
   9.6422588266627383        11.510750988072006        5.4445032464247776        9.9581213732377520      -0.46019859645787925        9.3694726207777350        6.1655187329346237        10.319884682511280        9.5514402045792561        8.9216941556545049        8.9691237761110152        14.466563282600735      -0.86456118754232847     
   7.0838521503530796        12.442092381392674        11.049883542563450        15.136742313425612        9.7337128190091722        5.9447213585177332        14.287722055074491        4.7387675979450394        10.535963278901008        7.9564283637534068        11.503041236144263        7.0985222596181243        7.5150222055895197     
   8.7176807237143397        11.438866152293548        11.347927311919117      -0.77760077508121717        8.0077152965875040       -5.4860506712379502        4.8637206093701293        11.359678852572934        2.7803173651502311        7.1179346236463878        19.640917365018765        10.720229301996575        5.2036769347130054     
   5.9762124156856737        12.763252413875316        5.1351514660196305        1.4339344879861362        7.2650916975486659      -0.97356609973395514        11.093405865686645        2.7528449960618153        4.6719802497670937        10.383335841202294        1.1566788841810336        8.0800747855038715        11.294186229085524     
   12.217564667540618        13.218658052539023        4.8224122712515909        1.3843159794241588        11.845905323401135       -3.2765174918246198      -0.54307564653986906        4.2856572315629675        5.5472687321083560        5.9424607031571552        1.4662684507304260        7.5738980420212023        12.218315128716050     
   4.8048520311753968        12.698000128867809        9.5690988397981354        8.4480398178989748        11.234152237286937       -1.0025621503291418        9.8980091580279908        5.7263031682537946        3.8520189764150654        3.1373930315492959        7.6572841442448949        6.7985845287178401        7.0028917513118554     
   5.8336436917839389        5.2797196922123701        6.2975352171646337        2.8436603376655345        7.7765685137857501        6.0442268852267373        7.7005881442611326        13.640173519222751        8.5611997835598697        5.2282520605359988        5.3165636502002345       0.55303644633622095        1.7113953983904397     
   3.8824659203244818        6.2908568313112481        13.734854925561484        13.956426126086114        3.3730920170319716        16.748869952703206        3.8215023946826001        4.5682583297247925        10.672745181471342        13.334853797440179        9.3890091951782448        9.0922772941452656        10.460686626485453     
  0.45732110724734315     
           1           1           1           1           1           1           1           1           1           1           1           1           1
  0.14488625709147743        5.3039631536481446E-002   4.6496565845724220E-004   9.3464058332847717        6.6126169726732397E-003   2.2699760882231099E-005
   3.2106213571175676E-003   2.3403501506392430E-003   5.1892709181589286E-004  0.24612291774607631        5.1824216811586902E-004   1.5120605441379845E-006
   2.5082565127699651E-002   8.1278447938846465     
