   0.0000000000000000        0.0000000000000000        0.0000000000000000        0.0000000000000000        0.0000000000000000        0.0000000000000000        0.0000000000000000        0.0000000000000000        0.0000000000000000        0.0000000000000000        0.0000000000000000        0.0000000000000000        0.0000000000000000     
   1.7938529329853466E-002   5.4869814479656636E-004   4.8374296164661506E-003   7.9472063276560326E-003   1.5256096413524387E-002   1.6263409265081782E-002   6.6542684450208766E-003   1.6004421523819274E-002  0.29486420030848409        6.4498819983666467E-002   7.6997850800459094E-002   1.3452108072191186E-002   1.2847039007147837E-002
   1.3489976447944110        1.2475879925729534        1.6934760483073774        1.4262476189653945        1.3797056992050025        1.2681344066333593        1.5963052588282405        1.1040972717422552        1.2723981954828447        1.1045481598638598        1.1136655329818990        1.3859005552558452        1.6219224751862300     
   2.8949533996702321E-002   1.0647659349206809E-003   9.5401348993679382E-003   1.5655685055331412E-002   3.0483053292559729E-002   3.2922260517536828E-002   1.2164700991499610E-002   3.2403032148756034E-002  0.39978904629232725        9.1721120940297274E-002  0.13103991182657790        2.7265724540551411E-002   2.6339198365353630E-002
   1.1312117329260130        1.3623705971193143        1.6489571133269627        1.3895115804181519        1.4435661401688247        1.2492174250607055        1.5149746934241672        1.6303983718705883        2.2845305200799957        1.4121338885904307        1.1665379133990674        1.3804721855932567        1.3921217659771763     
   3.9799331356113798E-002   1.6211807144803211E-003   1.4277050826637374E-002   2.3460006843171160E-002   4.4665876489557943E-002   4.9791442186383240E-002   1.6947581582178101E-002   4.8066365144290531E-002  0.44051100164409052       0.10778423474676241       0.16870993507359144        3.9665606789201412E-002   3.9688301537042774E-002
   1.1264564957246435        1.4108184416106440        1.4825672799197147        1.1816148979708572        1.2882010507793042        1.4805874929690175        1.4352749394418445        1.3588077458762602        2.0376623077481075        1.3692519102307772        1.5905739028447563        1.4980170907650838        1.2452610426034798     
   5.1868153168318484E-002   2.2686001267727064E-003   1.9685046187545852E-002   3.1366414780119367E-002   5.9927794541768865E-002   6.6773056569812930E-002   2.1474473415326611E-002   6.3583610356398937E-002  0.46642692314632789       0.12084543777059091       0.19605425739462856        5.0520446525841027E-002   5.2634492382789035E-002
   1.2840107492179589        1.3890189658659970        1.6129030125100257        1.3637335038492353        1.4230408375416934        1.2308811272336166        1.6873622718611712        1.5014422479771412        1.3883373569762358        1.3456450729829195        1.5114532617740062        1.9597689745936437        1.3071764406907034     
   6.8644096597656856E-002   2.9167060810979849E-003   2.5103058879904435E-002   3.9896144499028466E-002   7.5416066273767401E-002   8.2947626248779646E-002   2.5547844077916600E-002   7.9280856113088743E-002  0.48925939026770643       0.13199323284272854       0.21789107880638353        6.2084502994165888E-002   6.5704261212089596E-002
   1.3297902924252414        1.4844143215260235        1.5133918945556846        1.4126546704384073        1.4042221140346558        1.5011777978710437        1.8757168017153405        1.2021891098347162        1.4724990587013056        1.5169768785945672        1.4257127466046799        1.7088837995312343        1.4911757628513251     
   8.6081628802070903E-002   3.9515384066993548E-003   3.0556108430640157E-002   4.8659482115806868E-002   9.0832245786164709E-002   9.9296125343322550E-002   2.9971722410998151E-002   9.3932910902319339E-002  0.50821343909344296       0.14179770571933645       0.23280508785830759        7.5425577806902136E-002   7.7115825193539697E-002
   1.3654348665700853        1.4840363583960601        1.2689704416783023        1.4449747490637730        1.2301833217104665        1.1682437767420961        1.8468365352995435        1.1890615160438776        1.5280347908690615        1.3402860947958284        1.2662652021330512        1.8374250689270346        1.2758633814880107     
  0.10381153449107833        5.0658955510728357E-003   3.6184992234220566E-002   5.7674129907712757E-002  0.10683765217583784       0.11561796840306889        3.4908668835500152E-002  0.10970172638585803       0.52662905826353879       0.15149104640189057       0.24682629313010812        8.7994486809854999E-002   9.0468658726232984E-002
   1.3730871035095757        2.0756534022092246        1.2108963987185934        1.4039179605566339        1.2095542270778468        1.1917087216197757        1.5602653086102096        1.2292016374867112        1.4572836299648795        1.2833950228543836        1.3514788910377000        1.4784005471936750        1.5093494246727679     
  0.12162401910191196        6.2768137634043892E-003   4.1991625517397990E-002   6.6364032465828490E-002  0.12331382476764241       0.13112422299689833        3.9879887624875238E-002  0.12582811667630220       0.54261518088838334       0.16048046668223459       0.26035651043688379       0.10063758830997442       0.10635419099228011     
   1.5974218393332895        1.4296729668445121        1.2851634228918680        1.5650401234012989        1.4793493818564751        1.2376356726225421        1.6019187617536959        1.9423547074128111        1.2315615437910710        1.4290200940127613        1.5709966835054225        1.4607956421000186        1.3786083080937670     
  0.13860760429395286        7.5717715016815519E-003   4.7892026355668263E-002   7.4396340202763450E-002  0.13929887901319726       0.14626913517201418        4.5218687863484895E-002  0.14172023357202121       0.55586661342965515       0.16973173166519959       0.27269964613173264       0.11343306196916797       0.12345352941840576     
   1.3401005638617205        1.5994663030710345        1.2393416126731378        1.4136051017679325        1.3325226688297314        1.2823450691167924        1.6119192703650371        1.2692830517653200        1.3700668309871538        1.3450924551012293        1.3681677479240151        1.8210094624052051        1.4046344724784658     
  0.15471798514812724        8.9309955660876565E-003   5.3989582918221257E-002   8.2195244419822358E-002  0.15434970626673114       0.16142501937920997        5.0447335724628534E-002  0.15761043231247066       0.56792486075058590       0.17764468927741700       0.28366893025132334       0.12571898245059165       0.13950565031839451     
   1.1422325244751561        1.2812759917083756        1.3529595688281146        1.3478409483059397        1.1329895145570867        1.3221933257878409        1.4890935633804996        1.2602173912758403        1.1597488324269043        1.2880022540977758        1.4915754712474998        1.3076922397042348        1.4766431309969017     
  0.17067469821766798        1.0353701981497794E-002   6.0652187372276019E-002   8.9785403000206654E-002  0.16908479805251131       0.17739274911224742        5.5778367388674796E-002  0.17369833903883505       0.58040639104581637       0.18484337386533153       0.29498521973335146       0.13569387265637370       0.15508443186775553     
   1.2565394755628767        1.5561657200217809        1.2267344633145016        1.5382967804144818        1.3919925151770172        1.1245472225899158        1.6675906786238459        1.5296506941619374        1.1142187733627598        1.4143951280292151        1.6257786898487132        1.4949995806394929        1.2020313469840864     
  0.18721748918485684        1.1889648792010711E-002   6.7700905499523081E-002   9.7573907267812648E-002  0.18408137195468094       0.19348136725669418        6.1514238679927939E-002  0.18987411623187961       0.59364008853440098       0.19174474821436213       0.30615556980009673       0.14551977748545328       0.17122041855869394     
   1.3890857892742521        1.3038051720094259        1.2248922351878351        1.4154639385623600        1.2863543439697254        1.2454664053152700        1.5204474314114105        1.5251466605166952        1.2156670683931883        1.4086700403432482        1.4185434027448260        1.3285264811150250        1.1782979871517720     
  0.20394746213415660        1.3531780715029924E-002   7.4462275447517060E-002  0.10556446445563174       0.19966083473099236       0.20857972481202036        6.7050500161344118E-002  0.20583370368294868       0.60663925489743908       0.19774015137875262       0.31708887366452820       0.15548073920458252       0.18815807461464196     
   1.3411076727926687        1.4135882164122786        1.1089614428670225        1.3411864378956329        1.0815036767480608        1.3322338724893883        1.3239356524200196        1.3036951192897974        1.3287259885909957        1.4627177511580249        1.2531838513229021        1.2691552702396749        1.3832500273506998     
  0.21956058630035813        1.5342467295006964E-002   8.0899478189142740E-002  0.11305196275459121       0.21595980430236422       0.22334189985357158        7.2502509617566366E-002  0.22206073853498104       0.61969243249822525       0.20440706780045190       0.32740960231981514       0.16509050527875313       0.20658524155974020     
   1.3053440170264707        1.5988083930241692        1.2536512421699766        1.3060977310815816        1.3368439868651183        1.2976308221943902        1.2044418498577121        1.4885083181422059        1.1846506918272777        1.3294231711359461        1.3275643862862176        1.2322874952885710        1.2532364843869690     
  0.23316125365548754        1.7305723525503185E-002   8.7902356807106438E-002  0.12083602274586727       0.23080526944860077       0.23686137917549888        7.7885366292447883E-002  0.23784286418283182       0.63239644906684123       0.21130072840133143       0.33796891564448667       0.17771519425542087       0.22608097691240139     
   1.2711865297608196        1.4482589592757822        1.3777636136093760        1.3265788422985525        1.3215026853186367        1.3828026604143606        1.2538576106689219        1.1359976827298133        1.3140540564786782        1.2254076337776811        1.2570791445161429        1.2843785923501343        1.4727648578385120     
  0.24716462750437779        1.9290054214333534E-002   9.5402195434879697E-002  0.12879958487346416       0.24510072037460903       0.24998498973576749        8.3624409159900590E-002  0.25434007711367279       0.64383846578382631       0.21818336609350392       0.35019139035475999       0.19195372682796169       0.24507933258844639     
   1.1965698758682257        1.3892113677726450        1.1325188366607721        1.2943212740941281        1.1632217636674600        1.3304598633349696        1.4275546617626518        1.4093124657777187        1.4179126038524852        1.3047693083254917        1.4187297839512729        1.4362613255945982        1.3089182256933840     
  0.26038083801720557        2.1484917685415571E-002  0.10378068423554529       0.13658031237810866       0.26017734160445355       0.26413557026188744        8.9926450555943380E-002  0.27197196171994820       0.65421236681975670       0.22496646260320313       0.36251804383291975       0.20674970334575596       0.26337937671650719     
   1.3052920807511970        1.5574695970168593        1.5384370208785245        1.3590332323575181        1.2773019012376789        1.3487378360419020        1.4058085191813614        1.2803496998602495        1.1244147652730976        1.4425914341008719        1.3104491448854159        1.3360810634480673        1.4225896534181968     
  0.27521561735507061        2.3800240964218376E-002  0.11274905635440291       0.14481661434866058       0.27601690200882162       0.27976227096122785        9.6265067597762335E-002  0.28932253865376567       0.66448650110483609       0.23196053577128872       0.37743137838592683       0.22130052649467033       0.28032142155387013     
   1.3161818274103814        1.3496920611078786        1.2268993895227960        1.1849871396986191        1.3408012184657505        1.4792834154523262        1.3670651740336128        1.2140067332400730        1.1296489351237815        1.3378646619700041        1.5257363462408648        1.3372376771365615        1.4711107946970603     
  0.29172244740069170        2.6100930270920156E-002  0.12186350353696505       0.15304453303873530       0.29329308027883927       0.29609485795182672       0.10267803392525104       0.30627040076349366       0.67460113556501178       0.23915913898756125       0.39209792390843823       0.23644796070107280       0.29743340517230293     
   1.2254510300350541        1.5698633593498297        1.4500183540444085        1.3996061939395528        1.2279687059038011        1.4066768046419369        1.3537592075074569        1.2493986033247619        1.4233243651828946        1.2020992131482644        1.4663299972957122        1.1150788833578364        1.1834555041540142     
  0.30766512626834835        2.8322079802479128E-002  0.13105475773642497       0.16121586097242752       0.30939469595369573       0.31278902785684537       0.10938829751503168       0.32315863955020602       0.68427781989354231       0.24615474543189994       0.40591082647198518       0.25266982045112890       0.31437350603429409     
   1.2406277594860002        1.4016877663286191        1.4970511885203044        1.3299425792050366        1.4984396868675283        1.1036776206893038        1.3831673781982519        1.3378066338144423        1.1113390025129284        1.2180382041421280        1.4945833181514494        1.4079053888644222        1.3856427286547262     
  0.32296570135120750        3.0632884014181464E-002  0.14083441258008522       0.16918962132977530       0.32594831720466955       0.32941415589874468       0.11686413507599615       0.33988459259900933       0.69384848400917454       0.25246483167380757       0.42072741096397448       0.27009948859777533       0.33237990739449985     
   1.3824760714911621        1.3053997562412423        1.2600902324334802        1.1856013455850065        1.4226417989683660        1.4922361803428452        1.1720245161580314        1.4481469373691165        1.2063301104668041        1.5846624214615608        1.3569530488093273        1.2739172333974615        1.3333025605106266     
  0.33841027169609006        3.3215221217826101E-002  0.15186030086957883       0.17760161298105107       0.34299683121429791       0.34594067524376138       0.12493500489083043       0.35594478056890266       0.70320724791251932       0.25871618394447887       0.43520842086093470       0.28740776818204478       0.34852489824925159     
   1.2471487967949186        1.2082575528205952        1.3725362727778365        1.3280101131743001        1.2711167750122085        1.4160308601135012        1.4068319414172401        1.1711456640673679        1.3378926456463189        1.3809118785910270        1.5142140619823852        1.3308959577129100        1.4168369835871539     
  0.35388605617842162        3.5952175094524294E-002  0.16381632591565073       0.18683289492349867       0.36071695715877100       0.36363373932475174       0.13321127695565924       0.37149906888635964       0.71236632628726193       0.26510435308113334       0.44939005564824908       0.30406329453615649       0.36443890113578509     
   1.2324083823519298        1.2055838260312786        1.3706936401291652        1.2345590355689775        1.2662251715076567        1.3907935402538119        1.3220650321017005        1.3009596689600162        1.1940182303081637        1.3574156783005462        1.7179598709206376        1.5457581973956687        1.3521953517551573     
  0.36968523205328363        3.8837307365208684E-002  0.17619606549018629       0.19669514970706517       0.37812844696928877       0.38172291326062607       0.14199118962872612       0.38760832174687543       0.72151795136832098       0.27151539291644722       0.46380188246370146       0.32066531888003824       0.38008966062071781     
   1.1378761579296193        1.3273599653037669        1.4019216417464371        1.4428155993277110        1.5628638395015959        1.4302096599926140        1.3023592348343462        1.4556968360447358        1.2791887574701353        1.3301563537514842        1.1904246476402651        1.2229394992594718        1.1372626884006320     
  0.38550839606311554        4.1859644641468859E-002  0.18888847454372876       0.20745188490291394       0.39173607452507125       0.39882015531308113       0.15089354179756850       0.40201772448760242       0.73040767995468947       0.27859948115940619       0.47843459479104644       0.33614650082774156       0.39670372230511119     
   1.4713448531817439        1.3723033328902501        1.3689625313272571        1.2286566157757044        1.4048629426047770        1.5670028850365589        1.3109142045537148        1.4356901571857532        1.3563780630483240        1.2183491076937902        1.2771560629460370        1.2098930222549087        1.5099402796924268     
  0.40289619254292841        4.4934115443877355E-002  0.20132214188015288       0.21877307269994017       0.40371924082798383       0.41631354185392455       0.15997713334920932       0.41342503830137184       0.73892321337600542       0.28588349455740214       0.49127371535562459       0.35246382119513164       0.41354600983428491     
   1.5255081468567455        1.2132562025355407        1.5208963795720476        1.2686894320690507        1.2455020495082771        1.5210558534905585        1.2858863217102130        1.2893678575407559        1.2462483766237280        1.3312450020470645        1.2101575563176705        1.4760181801170755        1.5086115193781571     
  0.42068567767299558        4.8777232680320255E-002  0.21373880192552189       0.23003565011509125       0.41575678038827457       0.43411009582439236       0.16920962926569752       0.42418299586034675       0.74722816380014778       0.29293351421814340       0.50191217809902655       0.36897229355967176       0.43071247295113507     
   1.4116721166960100        1.4177509489560167        1.2234004402610579        1.6098421856999525        1.0850264248088102        1.2419919863376838        1.3850416044135094        1.1038272891023879        1.3645859461852803        1.1923465890925580        1.1262981705557737        1.3594239056999564        1.3287752504920127     
  0.43771578218623652        5.2614491208363867E-002  0.22581049065189493       0.24106875544630513       0.42697325916140910       0.45243459584633200       0.17934723118202947       0.43495464876229789       0.75561644039933817       0.29948188702380019       0.51299580950445189       0.38506599381556611       0.44845903671642129     
   1.3314518098333825        1.2350586238188492        1.3595495243313127        1.3938962522097622        1.0779707341217117        1.5408575256157082        1.4232800887360746        1.1679625712998813        1.2134959219025476        1.3047405123614799        1.1887298509426305        1.3093767915251007        1.3799018487099957     
  0.45317103344861576        5.6373376335930370E-002  0.23754017647272987       0.25146279360845486       0.44168313000785575       0.47054749744601970       0.18998763442628278       0.44821894668345330       0.76403288042321849       0.30595683774123922       0.52480181524998037       0.40085114693075213       0.46571230105711703     
   1.2123675411036896        1.2849414828323973        1.1977690879962768        1.1846549519550198        1.3809581627168861        1.7258095682104901        1.3540269726280338        1.0513814082513477        1.4785734713874723        1.2780967236253638        1.1708268765651693        1.3734185911609424        1.4621337207358549     
  0.46828953673700152        6.0143871071086083E-002  0.24997444630210988       0.26201990030522554       0.45762384104151926       0.48809652699114142       0.20057947205844071       0.46367667743362107       0.77232603219312934       0.31187907439959872       0.53828998137109674       0.41656153532621437       0.48317872932471662     
   1.2535732920126350        1.2499925681625601        1.3285718750707090        1.4539311609289280        1.2930576506026656        1.3615521827520798        1.4871181616439446        1.1132241684726709        1.3099802365196676        1.4656632268466430        1.0398233481937709        1.2421454125049851        1.3930243815042886     
  0.48353790441886352        6.4412440028349949E-002  0.26326523414535657       0.27179318736233898       0.47298499848827702       0.50548521843142957       0.21112691422628005       0.47883060803072075       0.78037956489991489       0.31804743096934551       0.55146769668782747       0.43271540034313216       0.49987564186902028     
   1.3069661468126546        1.4633324089859296        1.1984923635452300        1.2141476042270343        1.2735101539015443        1.2451809569865708        1.2454673955485016        1.2590658349055339        1.1019860449358110        1.3841547148438933        1.4040292411644848        1.2272312286464122        1.1557740927913287     
  0.49932948264171700        6.8865490354870454E-002  0.27778576757972190       0.28185086941634740       0.48707228483355813       0.52264237072371023       0.22240565824910272       0.49365106670599196       0.78783992396866531       0.32518890043328635       0.56381328013292764       0.44978128460568795       0.51252160513372569     
   1.2296234222981675        1.4438162700539598        1.6781700635934353        1.3326214314448146        1.2546350478607147        1.4351166495087655        1.2472719369035845        1.2734629512944327        1.3188832369425272        1.3807417478815192        1.4183031462584605        1.4056804992329393        1.3300329428492139     
  0.51540931802354850        7.3437752066634124E-002  0.29324375278684783       0.29269090568984524       0.50203649487760216       0.53945810069529976       0.23459633210454717       0.50881752768187249       0.79538266002436653       0.33259162032358619       0.57535555101760427       0.46752532107396405       0.52510101251542918     
   1.4666842396532553        1.2500675659714642        1.1918991153189933        1.3916332869468480        1.2757913466066655        1.3603151773129960        1.3279361062363420        1.3974151564619071        1.1779771406736654        1.3127200111178017        1.2917893376647740        1.5865525089716728        1.2764580642570480     
  0.53182367640671491        7.8257961161307607E-002  0.31026419345593037       0.30392509054684280       0.51751440683096983       0.55637298982163175       0.24675732397080652       0.52438254799290429       0.80295751583023023       0.34085354851249905       0.58699866389540911       0.48501896936276584       0.53894430823433570     
   1.3170086226874533        1.3659973484673700        1.4357582263119548        1.3567779104707229        1.1613554736536191        1.4226879687910710        1.3500780448216183        1.3648170402529485        1.1578149891044551        1.1861097883579927        1.2053153129805998        1.3284158652197711        1.2474284154011528     
  0.54815240068924953        8.3494323668379292E-002  0.32744302608716530       0.31316297019534439       0.53305030722115931       0.57341085569857420       0.25851511809591166       0.53994921846762223       0.81041044399194428       0.34924721731607389       0.59920566046239998       0.50061845320511777       0.55314782783788496     
   1.5557770452128550        1.1929075850520938        1.4187025890813385        1.2413367425935997        1.3684752072160704        1.3752506072620967        1.3582583247325306        1.2620459100675978        1.2561965346155775        1.4422690881049951        1.4341537724511817        1.4070906490126200        1.2430752670520777     
  0.56435227536070942        8.9526980458613556E-002  0.34334509272719127       0.32516603835819896       0.54978350182647773       0.59062120054403422       0.27070580239699837       0.55422024588675622       0.81746883224080635       0.35721863123368947       0.61211934618207320       0.51571344530080565       0.56890332615806261     
   1.3225459921892007        1.2439997505898770        1.5032658581201981        1.4093774777441284        1.2907644355444969        1.6366108170048426        1.1793996051289881        1.3334890654028579        1.3143010331247569        1.4200649133693890        1.3501588341320276        1.1787284600502237        1.3149918437803785     
  0.58073014647237009        9.5838078045604735E-002  0.36001042403396544       0.33754698622013346       0.56714341862014950       0.60806488660494251       0.28409577752800264       0.56772253624134350       0.82439147997872242       0.36467781328191112       0.62493292769442099       0.52918388334327704       0.58486522350498382     
   1.2562664273916864        1.3985748902442559        1.2612388384477999        1.3710389806769678        1.6534847407841411        1.2549585715429252        1.2458857462587520        1.4198940827335611        1.1877705324595333        1.3885102021445004        1.4085843411683754        1.0398126918603110        1.3175369030249489     
  0.59637603807457606       0.10250399318872488       0.37603856948001785       0.34978299741661012       0.58358357287929263       0.62492052701279299       0.29859369772529976       0.58205185776154733       0.83092146695865099       0.37264630500851875       0.63729325455003394       0.54328676871984516       0.60110368213638166     
   1.4448901249260986        1.3515941469246531        1.2375617179152272        1.3171980977802822        1.3830927705453435        1.4247834820716576        1.2293075326457772        1.3579982433753430        1.1501701272086471        1.5808375406314883        1.1851433566453131        1.2548431640243343        1.4728237039745242     
  0.61220567875104936       0.11008563851514278       0.39283844816446867       0.36211781439233881       0.59900894107751368       0.64059471970691251       0.31367940899469776       0.59622526400072773       0.83754265142858275       0.38098283533122124       0.65145637741638840       0.55798361236108629       0.61677529686477872     
   1.3473448948456259        1.1247040511541659        1.2742519457707171        1.3759076309413838        1.7015800292397620        1.1532169003966755        1.4295797281295950        1.5681985752592140        1.5043744013622318        1.3719615010642943        1.2923612436877536        1.2794569320722859        1.2656301963127723     
  0.62834021179852195       0.11815315588243154       0.41248783004578710       0.37384832038212695       0.61437765529610178       0.65542288585088726       0.32776094864960065       0.61076882070788352       0.84397254239451658       0.39021794585823955       0.66659957493991484       0.57348206073544150       0.63229548667988666     
   1.5805408778445789        1.2654357491357975        1.1738595857635084        1.3651930187732875        1.2825153704299812        1.2622565240719208        1.2122118382913347        1.2076535737668779        1.2613922532676831        1.5218916667323539        1.4958156144109997        1.3262978091606188        1.1524764392398921     
  0.64406800192793667       0.12636301503544148       0.43265211912396179       0.38612466972722864       0.63028720690721340       0.67125719238930159       0.34114849300503813       0.62539209861015033       0.85034840155995095       0.39939842109201829       0.68206791392390398       0.58942908157423612       0.64845304233956458     
   1.3602676290809952        1.1913313402181573        1.5113361701545400        1.4900886121173049        1.4340718446697802        1.3057840531568867        1.2183207988101201        1.4685280606901070        1.2043094048879099        1.5019677372789420        1.3175838089347045        1.3183367070999175        1.3228363380744190     
  0.65926386841207951       0.13500255813731990       0.45061651106954143       0.39822395545563677       0.64562175245549736       0.68743823544593829       0.35502764962519440       0.64041965273832424       0.85663663883723973       0.40883290001860412       0.69726391325156034       0.60715877640724336       0.66429334394763084     
   1.1961745682572482        1.2030354596026436        1.2786114985734476        1.1744936904205867        1.3904670402156385        1.3226497492379987        1.1451010498169907        1.4845430641575503        1.2841120199507909        1.2797406497404109        1.6806556193283082        1.2307653462265746        1.3857481525974371     
  0.67510746355078510       0.14466629325510430       0.46936076612455052       0.40874441480225537       0.65949337638564109       0.70342933687569620       0.36970156154497891       0.65629486127952785       0.86282274211250343       0.41849464245463069       0.71193707706185483       0.62517773445962277       0.68038767745585271     
   1.6553065390504875        1.1908688570293042        1.3416029715348559        1.3412630033846138        1.2446820787507973        1.6117434774174364        1.0221445023197895        1.2581444814822489        1.2974231878010942        1.1066771158941133        1.4091462066016609        1.4822000732058602        1.3019751890796538     
  0.69199033329152937       0.15504989515382922       0.48935509852208525       0.41898062765364968       0.67301705001273537       0.71700508711320576       0.38611053182413951       0.67269914212225479       0.86942779280389049       0.42864349086193887       0.72654508115070437       0.64032066380861064       0.69664639380932969     
   1.3689378341817664        1.2521234525632998        1.3982862000877967        1.1822253852734159        1.1676157318393952        1.1330478280591196        1.3046671511083314        1.2034475026243012        1.2555913175904279        1.4098639353717628        1.3584905178513340        1.2080166451985803        1.2929116204609241     
  0.70898804424269479       0.16646706660759525       0.50863515296975625       0.42831609060991049       0.68704615154347404       0.72898761788454669       0.40265474197538714       0.68968592336718992       0.87574999880967086       0.43943199569256997       0.74066303776230968       0.65344869971077091       0.71287982376790004     
   1.7340561073314478        1.3579067476131688        1.3113045707200981        1.0298295688248567        1.2688809468743973        1.2887278407126859        1.1463492551695207        1.2701444013091987        1.2815157630791554        1.3101238469312833        1.1665462430176621        1.1696949100622751        1.2097912472080072     
  0.72616487909256811       0.17912702198008562       0.52792011919359738       0.43915732080473391       0.70198897884370093       0.74055112935219658       0.41911088089413956       0.70732579556175756       0.88292207403799050       0.45060602382176268       0.75394961887219081       0.66838121230549208       0.72961582717260598     
   1.4301094214388195        1.2900008892079728        1.2950982010705152        1.2038782307857909        1.2640037383010347        1.1546201497692115        1.0513814082513477        1.4435856120043635        1.3990962020528006        1.1778353262294661        1.2060328646180516        1.1650128195844907        1.5227754227789205     
  0.74364495094154948       0.19303876005966017       0.54759329741672702       0.45313568030104279       0.71717106753313331       0.75250794403455334       0.43630239297170342       0.72506867705051359       0.88894202675511447       0.46227912484677236       0.76665087534412890       0.68308615137324591       0.74621054361799721     
   1.3596299122377806        1.2507398777039762        1.1949606019550827        1.3471450942374734        1.4138536698107600        1.3867678291135510        1.4664666368360511        1.4186520488064049        1.3924829766970981        1.5595505535790084        1.1696949100622751        1.3025334414595431        1.5980933433407520     
  0.76086428314388210       0.20775342958987580       0.56941464490508142       0.46785173913562578       0.73286761725746141       0.76778170883561103       0.45441581559065092       0.74269073766281579       0.89438178020712256       0.47440454067317400       0.77943051681824671       0.69946659099611819       0.76208766446252463     
   1.4321156117082710        1.2511370656948293        1.3633057151545920        1.4033311938377222        1.7778384404784979        1.2503173228753959        1.2226653957753346        1.4467583449007884        1.3872495169154235        1.4191904489972269        1.3063522303452240        1.3496162996714693        1.4209769616632348     
  0.77772735688355754       0.22378474987746375       0.59353248176037754       0.48240589779325938       0.74996989647696299       0.78300560060365998       0.47339692902612990       0.75999684245889143       0.90030281799785683       0.48619542214464323       0.79283637032232623       0.71760441294023858       0.77806586812243417     
   1.4853930605352839        1.3081597721246416        1.2081169471288244        1.4068419795351716        1.3002488195055451        1.2281117902914207        1.2693227841656913        1.3822198447667542        1.2080856185494941        1.2957838806313142        1.3186089110317964        1.2544772671650519        1.4024870196265480     
  0.79415981673225633       0.24152992995285755       0.61958612022375603       0.49750504023955333       0.76728704828268168       0.79722595765193971       0.49324197781875179       0.77699817541163119       0.90590412488435978       0.49769937336347386       0.80721188717806391       0.73736013858767158       0.79442503963073685     
   1.3193103615558257        1.2196456063043550        1.1240972088863641        1.6031785798874254        1.3930106134402211        1.5598605706032056        1.2485353730616140        1.2213241703347546        1.3198027717526286        1.3766883548655129        1.5352774202520547        1.0862270930519897        1.1889743442302361     
  0.81035969672359087       0.26046241847555557       0.64760998066927233       0.51357065676972768       0.78455786689214602       0.81064973928126371       0.51468842054390884       0.79398026797529508       0.91134477801646385       0.50975942725023105       0.82167942329987675       0.75810336877238049       0.81286231623289307     
   1.6045190475123199        1.1310741281148824        1.3611576155174716        1.4221806231477758        1.4563115385130045        1.4658753146481018        1.3818552055204103        1.2210745802508254        1.2575360615669469        1.4523748877626848        1.4989777634306936        1.2341246424355337        1.4674738456615291     
  0.82642341875065528       0.28206423083856108       0.67795015757046451       0.53120411756961272       0.80288663596304743       0.82441618040215647       0.53761758566424400       0.81015422209008292       0.91695827376984662       0.52242768514436400       0.83532070148408677       0.77736198416520741       0.83148991238361392     
   1.4501407163209745        1.3173774180137992        1.4218708552703017        1.2598575721708274        1.4761895714410285        1.3996141025417479        1.2836107693219225        1.2884007965593860        1.3116799866747577        1.3988849607520915        1.5639661493965349        1.1273699736099885        1.5861063447457169     
  0.84192918749224688       0.30431487334824764       0.70837831947184093       0.54998291227403051       0.82207658576594023       0.83872545802204534       0.56138277305459894       0.82636859435341214       0.92282132047547749       0.53633613432743954       0.84957612045558017       0.79603710295602970       0.84832649308664154     
   1.2579420076691179        1.2969742565714557        1.2651665564973156        1.3737208091180431        1.6878245890744790        1.3395682490991223        1.3561937019963299        1.2955485983438564        1.2182804992335632        1.2223127656528334        1.3986900484406655        1.2337865014099814        1.2809611159690839     
  0.85716494295339074       0.33173693560149925       0.73739620313372722       0.56970664152498318       0.84053587305829236       0.85234411965909662       0.58596317408454235       0.84282194660560150       0.92873130721271890       0.55154378890138944       0.86360481987333504       0.81374338217998032       0.86464461830717299     
   1.2835660751887505        1.4021016706057823        1.3118421329132310        1.2218069799724633        1.4413647678787433        1.5093232163911574        1.1809669202999733        1.4921998765464266        1.6328267146882294        1.1839871766924397        1.2660904023703283        1.2560558361650833        1.2990110243804467     
  0.87339306610460943       0.36100990443190462       0.76510491446066964       0.59021667199036243       0.85803853256098994       0.86671464345339655       0.61247631748584075       0.85958223206112216       0.93511092186509859       0.56701102592959252       0.87375291041994463       0.83222360582332078       0.87927347804201472     
   1.4883190340060719        1.2512665051145508        1.2260315827824388        1.2306137430604700        1.4501343030522302        1.2190562137939418        1.0320493538649462        1.4810278789293552        1.5617709587462028        1.2557347507709054        1.1815599009811153        1.3435360449340037        1.1515692394117909     
  0.89114641550287765       0.39441739671643855       0.79281303355661115       0.61344903349137747       0.87288790596170296       0.88042334140509981       0.64084916937168557       0.87632010559322604       0.94184395191281123       0.58294468033084845       0.88258793621103226       0.85193214207544010       0.89194089676866872     
   1.2929242580967528        1.2220707140761482        1.7812237735301446        1.4204757017014857        1.2509441589219208        1.1373129353513036        1.2728537446475237        1.4936965346327928        1.8100307388712835        1.2528599860922276        1.1357550357931026        1.2623858247759625        1.2994165836850664     
  0.90761943807806145       0.43188532130745572       0.81953505692775863       0.63903267953055398       0.88709725173620069       0.89396583919590089       0.66961128803784087       0.89257169745130549       0.94829312834098356       0.59837293657123813       0.89166727566393467       0.87166287096909323       0.90364009769525722     
   1.2918713837673386        1.3256380254980420        1.1314632228014023        1.2328354753258304        1.3331375203576232        1.3287471523528813        1.2397079297719902        1.1157191183992570        1.3076054254300307        1.4772246469106816        1.0285263793178185        1.4213672404648281        1.2603218450798161     
  0.92258093434785926       0.47364799939994662       0.84616052765976668       0.66630479303516899       0.90118589700131280       0.90812925707682590       0.69944737913065702       0.91001315623024881       0.95397438240933674       0.61424884783507228       0.90209026617296406       0.88959728885430689       0.91505529320037993     
   1.2690668431969736        1.2639665181221125        1.2197543480779223        1.2378506930955153        1.3574130483830558        1.1484986145593807        1.2603576306764337        1.5309194693953987        1.3868617005788990        1.2065441707085458        1.1601147829481249        1.2951321606378150        1.2056928871771373     
  0.93745551373290392       0.52274186959968771       0.87362531774596641       0.69627975478118587       0.91484377804860750       0.92370392077304730       0.73265258049935955       0.92707260625603094       0.95903187796075862       0.63014971646891482       0.91481714271749637       0.90743356356315519       0.92667705735782735     
   1.1690949610219015        1.2044518120746155        1.4112770999331741        1.3474456220567701        1.2098645163760482        1.4555399155169269        1.1224611714415196        1.2923086704361664        1.3463957670823434        1.2604487749240345        1.1156657166618769        1.2322527801242640        1.1652325442179390     
  0.95261677739825179       0.58085465761824751       0.89720041914831572       0.72933328347892568       0.92987462161610468       0.94087926978456682       0.77011096458635042       0.94280855203341063       0.96412504485241013       0.65441301596185175       0.92954272223532641       0.92488313450096526       0.94042190166905315     
   1.3662462140753169        1.1797147027561816        1.1438375510718684        1.4696338764430958        1.3247622853097538        1.4753612944369594        1.2032203658736753        1.3015062331468801        1.3900744109212064        1.3210272498200386        1.3608698694565786        1.3420940533693599        1.2940519636652339     
  0.96640045083807513       0.64435550248569762       0.91997451707991817       0.77030208847998360       0.94775088541656072       0.95677236281064493       0.81270443753811183       0.95652750054818558       0.97016687697701920       0.68197056233755537       0.94624150878170177       0.94350722571305479       0.95558517090484141     
   1.5435964136732625        1.1052135998111010        1.3665188027797148        1.4141574599980939        1.4308707726342518        1.2859630255614038        1.0741273155056044        1.5031499034939442        1.4652870912597349        1.1669873947643292        1.5346216267261086        1.2685838168042114        1.2161147042869069     
  0.97931582302527731       0.72364908421620244       0.94129691435472984       0.82142348466720327       0.96564966392932783       0.96986171267452959       0.86207139964779889       0.96958572679003019       0.97806116010245669       0.72498304740509212       0.96379787547031526       0.96250914625293027       0.97002039955899733     
   1.3148895692446581        1.3302093092911038        1.4207612579787612        1.3854620018174553        1.2538206956456104        1.3758020544444958        1.5061127306923345        1.4021445963259542        1.7650312809865509        1.4399006581027782        1.2358616606655362        1.4933834723823798        1.4667161693692197     
  0.99015536996513365       0.84179162729010948       0.96981427568191958       0.89709650929324136       0.98264499287320894       0.98494179928148384       0.92512703259113749       0.98501896889574436       0.98709067209870560       0.80405008596138361       0.98160975616493029       0.98137495174134903       0.98390012209771716     
   1.0939550165466152        1.5527252179674857        1.2873227527458049        1.3768965920895071        1.4407385347754607        1.1324378562926387        1.4146542467198640        1.4153937269002022        1.6187343623132426        1.5445707933078634        1.7787203159857938        1.5065454621870595        1.3298058264419990     
   1.0000000000000000        1.0000000000000000        1.0000000000000000        1.0000000000000000        1.0000000000000000        1.0000000000000000        1.0000000000000000        1.0000000000000000        1.0000000000000000        1.0000000000000000        1.0000000000000000        1.0000000000000000        1.0000000000000000     
   1.2929311901840446        1.7375695489583227        1.5886069674030343        1.1489330796694437        1.3506529614230545        1.2630442441694942        1.4478291386438620        1.5402104007594066        1.3539126364392322        1.0740412170557747        1.2561849663937428        1.1629096429958461        1.2744175089064567     
   8.8970614844438085        14.359187385564750        2.5794569287136095        12.983617382672625        10.674930705315528        5.6624030685834823        3.5015233253446962        9.0167413858611933        10.930210654620282        8.2855150460051767        7.1650328979955393        11.118037071761778        4.9983573619440618     
   8.7998729444872232        2.9045578177149300        4.2727273862684889        13.455450597040567       0.47977802919158458        9.1107394558483978        6.7295954166349103        8.0598996782974783        8.1515334766037402        1.7613167956811657        13.981729911320116        16.384555688465387        6.9336723951789514     
   7.6938848527968187        1.7079382605673610        13.710878430539941        5.6819136409936144        9.4902372533466295        6.7933227902037627        6.9346105543207583        9.1035333402520759        3.6457998987525193        8.1924402686283315        12.693117233187124        13.547523949194312        11.043683478723127     
   1.3459426495508950       -3.3492387134033157        10.571149597290741        1.2125301360525973        9.7223136393685685        8.0538584049484410        10.766967416163473        9.8623061249659258        5.7389912662608040        12.655294267881880        1.4764405734486872        9.7415053982026993        7.7688660770315954     
   10.440163244881962       -3.4629837363904583       0.37476592638643469        8.1830025993730331        8.1897254124362000        14.193617085243407        7.4871055683986887        7.6348267355533208        8.0193722515022259        7.5288948748366984        12.208546389418499        6.9790547764784527        7.1040627561274015     
   9.4386422798226448       -1.6697565856108134        15.854205890850734        6.8611185354530040        13.084336988459276        10.624830476695491        10.932204189991138        9.3221212315538526        8.6457986313922550        7.5790167378131086        8.5837232211738872        3.5743157763670954        8.3443963100924528     
   5.8737428541901426        4.6807937437251015        19.407548706780794        7.2328537548615177        6.7118644786533990        3.0284349768970840        11.225996208748056        5.0577779413586583        2.0629082498443339        9.6010615207216343        5.4657166641882817        6.6154227542264215        7.1989780535743533     
   7.8428407468476102        6.7093174825496336        17.409574162154851        10.972192057978587        13.394906717951232        8.8040100027142234        10.842189714984618        3.3181859108001199        14.815566029498257        11.544106868023366        7.2369672994208427        4.8141173462182989        8.9719043701715737     
   2.4165288017114142     
           1           1           1           1           1           1           1           1           1           1           1           1           1
  0.94785889220054176       0.32088603908231167       -4.1161283466882217E-003   10.018262680707588        3.3163574501148721E-002   3.0688761159542691E-005
   1.1982185376952318E-002   1.1243943934508116E-002   3.3375879820939703E-003  0.40682862402834025        3.3371064295891167E-003   2.8867045360937515E-006
   5.0000000000000001E-003   6.5292501839251704     
