   0.0000000000000000        0.0000000000000000        0.0000000000000000        0.0000000000000000        0.0000000000000000        0.0000000000000000        0.0000000000000000        0.0000000000000000        0.0000000000000000        0.0000000000000000        0.0000000000000000        0.0000000000000000        0.0000000000000000     
  0.12238847020240209       0.15271426507022909        1.5570879041059856E-003   4.7279782460397527E-003   1.4435427331428927E-002   1.4993390980829463E-002   1.5593587225239205E-002   1.0249218965880083E-002  0.46521959738093355       0.16635177858874406        7.7111168589258663E-002   1.6746799748339550E-002   1.1690939987947452E-002
  0.72585014624754429       0.70085585520475902        1.1640642611841825       0.76663934111787368       0.73781310858762617       0.69340142540492034       0.85287900526711224       0.65243111034873158       0.76560211087115171       0.59883559630852523       0.73955612911842739       0.71142226160285194       0.66175445323814230     
  0.20037376495166578       0.25318212761958814        3.2050955294030993E-003   9.8034176460225133E-003   2.8632852218835530E-002   3.0657482635179329E-002   3.1577327772864545E-002   2.0988060348778065E-002  0.61845231794492417       0.25683687590325566       0.13636088220326850        3.0496238272103977E-002   2.2904290624622632E-002
  0.79060499958163200       0.86467694271146534       0.92675295321252249       0.72188426816900741       0.75612582369977299       0.82118773542153400       0.76621623532928962       0.69570259644459564       0.97078380833433420       0.70758869152743842       0.84667169979322221       0.77252681921580013       0.81640688329644329     
  0.25816927837205700       0.31037626305711952        4.9719622992804068E-003   1.5358185503009245E-002   4.2221793886136831E-002   4.7567009347359211E-002   5.1046679466888428E-002   3.3334276276858907E-002  0.68817831459521972       0.29492246801497107       0.17023716713644813        4.3350256245360756E-002   3.3161493766729333E-002
  0.91169113484436382       0.78928410393951809       0.94760585671054509       0.83926766777060802       0.76144528043420834       0.77816324979985940       0.98921187532996602       0.71065047972452677       0.88002426270595469       0.86637767222708784       0.77177677968735514       0.76012415999610361       0.77564385498018185     
  0.30970778457031373       0.35640429815518931        6.8752901412705509E-003   2.1767371992585220E-002   5.6243045239452616E-002   6.4234758494084776E-002   7.0341937909734698E-002   4.7545313979662274E-002  0.72738302258888277       0.32491106289139776       0.19910355175853933        5.6152095464760375E-002   4.3829889409163547E-002
  0.93918187665513864       0.91149209661256403       0.81786056876913305       0.85976085105751943       0.70874603608401632       0.71671954075365407       0.87648097964174165       0.70621241617888997       0.73895035813676024       0.69431014818557435       0.81963093382477603       0.95988141152997419       0.65243111034873158     
  0.35678694431283942       0.39361981893315101        8.8866852301177773E-003   2.8452830164740300E-002   7.1368522671861584E-002   8.0641477696155289E-002   8.8927226217368344E-002   6.1399344572783149E-002  0.76382963482994448       0.34861512659401295       0.21581324988606210        6.9948825963741162E-002   5.4895290295611597E-002
  0.89633317308753446       0.75834087061258271        1.1085962074039710       0.83561686203897234       0.72712595186990325       0.90577357330089758       0.85355829510959591       0.83119232321700465       0.92474168769593845       0.72473411054953396       0.70045991514240047       0.95673636521960870       0.70507207212123701     
  0.39505027158376232       0.42695179621380258        1.0701617041248172E-002   3.5141393743499540E-002   8.6571428020708774E-002   9.7145654941161022E-002  0.10830154241997106        7.5258379304987341E-002  0.78999845865504958       0.36768166945078140       0.23235961132447694        8.5184586480127195E-002   6.6483370601265926E-002
  0.80452504399359326       0.84966986058683347       0.82105119041936181       0.90150355363243218       0.92015782585592232       0.76736435327476038       0.77933849145147305       0.74281442188102553       0.86262505042843018       0.79530357724546907       0.91819727779256965       0.89422164728149522       0.78871465648264982     
  0.42962822540682488       0.45623259005494654        1.2770018425548070E-002   4.1678267166411154E-002  0.10092074059414016       0.11416795451998797       0.12693764990319034        9.0367827854539465E-002  0.81204623721061897       0.38468481629127521       0.24674962668952177       0.10130846741907774        7.8870869453490158E-002
  0.86289490274782576       0.78831560506007947       0.65690481171981141       0.89451746649713826       0.71711444229011068       0.84000847035265713       0.77219025903847649       0.70988826591556642       0.84330992575840136       0.70238392887652978       0.84765442399223345       0.80599722380397287       0.71810911860098026     
  0.46166190354435843       0.48156051221812829        1.5096677031074358E-002   4.8446531149403095E-002  0.11646452347628750       0.13099505874390849       0.14548859914941190       0.10518095330123634       0.82953869607388597       0.40098828081363869       0.26071501925073626       0.11725906026168161        8.9682966101364642E-002
  0.75037218364494296       0.79273632606991906       0.68491027872094334       0.69942859889459275       0.77139583090946073       0.75649146569749082       0.74950003284348854       0.72400363563889447       0.89480361385131646       0.75423282736891240       0.83342342846936701       0.90610729883982188       0.85301181845989982     
  0.49037682705356422       0.50387046691998216        1.7774094730187571E-002   5.5943676171618571E-002  0.13179080508236016       0.14829832462452491       0.16270925472024803       0.11947125003982104       0.84526366943742393       0.41706315380066045       0.27379297145227921       0.12940898848433194       0.10190809103818092     
  0.70329796517955356       0.79969374205400423       0.76401525122411562       0.82666840659325591       0.76299762128450554       0.69285979686615240       0.74706600282499935       0.79239835006386017       0.87218301619527738       0.79748934035093766       0.81858643105085382       0.72888600605458065       0.66264574575949053     
  0.51797198392698995       0.52357991289663230        2.0612170652561452E-002   6.3749070486026335E-002  0.14594980056534088       0.16622622824927294       0.17912750735672248       0.13376392511830112       0.85825724786244451       0.43264600278826687       0.28499444322672512       0.14168696891661864       0.11520790467716702     
  0.71221375348887306       0.79222378914304070       0.77770001506046471       0.81550205514590546       0.67859138480472925       0.86852901887436063       0.66710563530468858       0.78987188594961744       0.78117746502095142       0.85554647663247574       0.84691105531012378       0.85089022332777187       0.71944919074583347     
  0.54277713546964579       0.54117381830774913        2.3413379687402373E-002   7.1324741332686514E-002  0.15962399291911986       0.18482871193689218       0.19490921205524367       0.14917284317126397       0.86843330109662398       0.44744274345633683       0.29508500814538907       0.15035899548942530       0.13046789481949594     
  0.77394729907063886       0.71165896689980312       0.74341312366619383       0.93087434025777405       0.74531636454036643       0.78101860488821417       0.85558027958642990       0.76940224847211569       0.68061284469613115       0.97103014873059568       0.91675911102847119       0.76194482567691690       0.72503588275436159     
  0.56639721130652376       0.55679006508112583        2.6498320998237915E-002   7.8821660463919294E-002  0.17455522413665742       0.20354237403710970       0.21159935916359579       0.16502061834370105       0.87644913274797054       0.46052541085590715       0.30535287573387182       0.16048261611739575       0.14782158431979506     
  0.72575276033002700       0.83829877175118639       0.98912303056950723       0.74775542696828479       0.74109195795415561       0.79537360539245938       0.88973723147258399       0.80391940929319505       0.75751000754564068       0.77925569194940136       0.76439159230469467       0.68371444820857263       0.66995778358851610     
  0.58674750240418028       0.57141723598861094        2.9674184310300548E-002   8.6143623881665951E-002  0.19044398090662953       0.22268568299825048       0.22845971126519782       0.18289145013734451       0.88355120125290743       0.47261793696890686       0.31577250874220997       0.17116135143750461       0.16472719332756938     
  0.88404156077259555       0.71305859525520188       0.80423767148159431       0.82600360885909718       0.74082531110804106       0.96802869314851225       0.83640225773052579       0.83998274751370650       0.67282943329701383       0.78962724631882775       0.84437453781985450       0.71650624639266680       0.70731846335003856     
  0.60562750901449736       0.58633083286686527        3.3130382499603393E-002   9.3454355958183369E-002  0.20755950734304957       0.24091022785548752       0.24539678618361627       0.20073876559530729       0.88997465379273666       0.48458851830325195       0.32614218247820365       0.18272761261822928       0.18115965929606728     
  0.81876575543118646       0.74105207768069870       0.72450580530530095       0.71413376351271585       0.76089557321374957       0.83512739909225020       0.84266919564899423       0.77710146639413746       0.66381079416625222       0.89883635070147605       0.77957054061168118       0.78346564803895880       0.77208438497391163     
  0.62300244120309411       0.60102134934184004        3.7135911793689490E-002  0.10081543936550734       0.22623372256947821       0.25784809636729245       0.25895260256908958       0.21745953446239638       0.89596860400333189       0.49576380999695169       0.33689642667631892       0.19480989298529616       0.19789008041667039     
  0.91678651106156195       0.80196472635183402       0.74915065414034743       0.75757350010290891       0.83928108322419837       0.67377411176253199       0.62956346449220579       0.73854698139308139       0.85002933919113688       0.74319682077543414       0.71898185227872979       0.90938801992477891       0.82208153437833420     
  0.64026089891377680       0.61544766493644232        4.1916327182541673E-002  0.10886577155624894       0.24443892041740328       0.27439121628135316       0.27213741497838462       0.23554602668974081       0.90171778292921601       0.50608474390169667       0.34575875246752624       0.20673715603165119       0.21584447775864748     
  0.76872530901590086       0.74616011018882722       0.69365917198115168       0.81967384417434619       0.78912064933613646       0.87527341428682859       0.70803179931061577       0.76642331139472131       0.78995693676398782       0.82763737993432307       0.77883657534881534       0.76333647458511122       0.69629652620269633     
  0.65535595538934899       0.62780287914377564        4.6992591904747194E-002  0.11787355358894040       0.26241518386832491       0.28965631034400152       0.28395279612476038       0.25530524459682563       0.90688037333308213       0.51575059580589844       0.35569451762402943       0.21953265765697771       0.23471842440801366     
  0.76549707052740557       0.61590662419559050       0.69322611505845066       0.81199514573114273       0.74629528060374895       0.69850631618870085       0.63189755407162240       0.93850074803266492       0.71396418953581198       0.83746858815198100       0.81526469803443735       0.77740853973119084       0.76105513656056367     
  0.66963903493833254       0.63674370164769456        5.2346632872550904E-002  0.12708381820683837       0.28005529936770052       0.30535962889453150       0.29932569658654251       0.27437490834456868       0.91169156506218474       0.52491127206266763       0.36546796593608061       0.23305483325050658       0.25121151540494929     
  0.66887046112544701       0.64150999221095195       0.82476235860396940       0.80469142693474860       0.82773741451596905       0.71692714416830605       0.81807090503335222       0.91228801458837394       0.73906490289998938       0.74847993430705850       0.71245521897900388       0.76602704406408717       0.75722752878560140     
  0.68323528799895084       0.64410493403350200        5.8105002816113693E-002  0.13609904987110533       0.29737438564483420       0.32088375834450661       0.31741716951649102       0.29179338266750487       0.91633511169671999       0.53373778004401162       0.37642836039943878       0.24671168357113960       0.26607622040742157     
  0.81996374903029834       0.69543031441407255       0.78903387070480835       0.79205987860975779       0.84766563740072232       0.76333748785815358       0.90763489336771452       0.81139528948496331       0.70169472065923422       0.83848105433624109       0.67943757823694895       0.78725752334055255       0.75694704070866259     
  0.69659987046157223       0.65121455568455167        6.3861158039191193E-002  0.14516161262762123       0.31419551566730369       0.33546805677100083       0.33529068148507590       0.30938522039388955       0.92091273955866204       0.54259964121622262       0.38913119431718074       0.25880226090266856       0.28010255179052113     
  0.74106995887048566       0.65475072089134823       0.67984038659010038       0.82555639005229819       0.77248809526412709       0.76988109532695104       0.65691737472470746       0.82326940952833583       0.81905313768799692       0.76046581711748007       0.73355420451540099       0.84786640534457114       0.70400261381593543     
  0.70911744537192234       0.65876955022555128        6.9487173187712262E-002  0.15437543487058883       0.33177949316982414       0.34986351463280385       0.35359530856215360       0.32634176543707361       0.92490170130328764       0.55173854491111762       0.40240838156154451       0.27115668112562763       0.29444872137029521     
  0.76736029507139858       0.74942425199267626       0.80157144912974310       0.75929210746613340       0.89388981962458014       0.73826904321109144       0.68575055907902249       0.78560772774390397       0.75670906071702915       0.85287064311543237       0.89237712450076956       0.73090320333921632       0.65550812117505797     
  0.72057109017263254       0.66712200304971303        7.5267239381292955E-002  0.16328688812077427       0.34376231582873840       0.36486965899586510       0.37231154493074170       0.34349565866442278       0.92833977255034450       0.56090571819416069       0.41577649018906604       0.28481597296002831       0.30869391899506271     
  0.79919572976250230       0.63185075715778227       0.64491523961490627       0.71154286141313494       0.69564788777966091       0.76981218130677964       0.79450050684763907       0.77400275489163783       0.80098780960503446       0.89843148811301743       0.90551692972008646       0.68890273242309430       0.62135936742421871     
  0.73163436753247202       0.67633163945283936        8.1506046517473410E-002  0.17218743530247438       0.35362157059333565       0.38005103373816035       0.39172511145745847       0.35618662955285779       0.93154304907223551       0.57020487019671462       0.42914262947503107       0.29805207279122115       0.32347353837003517     
  0.78837706037828803       0.72044331769730063       0.80253812320309026       0.77778548797037672       0.63615694999325467       0.71416049129187331       0.83499252386751499       0.82449260009977643       0.64901883513751302       0.73168449194071949       0.74704216663513023       0.74939963463808690       0.69381093186792020     
  0.74295237331727226       0.68601395852251701        8.8403505299185267E-002  0.18126849376690993       0.36383820945996942       0.39489812178179645       0.40891381157936274       0.36841050356143590       0.93468079558505701       0.58010740653600101       0.44262504361078037       0.31183544631306764       0.33952975496860538     
  0.90032751540437139       0.71800070204345523       0.68559159443721840       0.70483674473862501       0.66941926234353644       0.72785514975308452       0.85416686781312390       0.68618831692364535       0.69749133935337859        1.0094974418828269       0.75863565652696907       0.71248310372056067       0.73570100384061543     
  0.75312459534630749       0.69535571709694222        9.6061397866078160E-002  0.19001241128021781       0.37578017963000127       0.41064801388261696       0.42353259065952886       0.38072674802288831       0.93753363431463510       0.58762398771644198       0.45523983742806151       0.32776825305684371       0.35930727044379090     
  0.76827190965315184       0.62632576953259644       0.68491325703263595       0.75604477542563187       0.70066439718327056       0.79972983799246655       0.77088489284592288       0.65173764121392153       0.79608272238894140       0.75127687815750710       0.77059106415415513       0.79237107515229988        1.0560541261699878     
  0.76264584719717332       0.70436851607230477       0.10476461633033887       0.19741876665657673       0.39128865936413748       0.42678297287997624       0.43952020879337794       0.39371794531347959       0.94026664664335446       0.59488268674999578       0.46703188316712652       0.34479996968011528       0.37686977686217288     
  0.69673224657071919       0.72847610753118430       0.86640882673431374       0.73158451505274080       0.79967757240174198       0.85861267142624043       0.74904479287270642       0.61496989704967897       0.72887682611364146       0.75998864072075634       0.79915002889575992       0.95794815486574336       0.90127346811651554     
  0.77135752019913317       0.71327675858900108       0.11375213277053801       0.20448785342886791       0.40757653655926079       0.44266434659775972       0.45546363073619195       0.40636363256905134       0.94304805032850225       0.60084267078649112       0.47869865778408238       0.36176427315222742       0.39400542286025564     
  0.72058696664476851       0.80722865367975649       0.78051150197957198       0.69652598211735495       0.81658982429816618       0.77661917504157785       0.93642259581122311       0.72567226941823304       0.61188326251815706       0.75752325705523949       0.68433581455116954       0.82329899317430910       0.98365958952714561     
  0.77994614875692869       0.72436910067979687       0.12332248737019598       0.21199902469386486       0.42472669197286544       0.45857263030907480       0.47238779863288133       0.41894180978742496       0.94560727622742302       0.60730743922372299       0.49099836739731911       0.37753707250576501       0.40974310152750898     
  0.73713290934262166       0.73063825076830735       0.85470003372561620       0.68284530442036595       0.78417485441383128       0.74089045730100656       0.71192354565419158       0.77816672571641921       0.67033963271003150       0.69799597148210235       0.65170660799721403       0.92370226249243570       0.72973462900219199     
  0.78834676502047452       0.73537267988575017       0.13273505114929221       0.22051075149905022       0.44122773896081074       0.47317119076844311       0.48688117729531311       0.43352978991727775       0.94794561154057633       0.61493480436497183       0.50411230651329086       0.39307951699289073       0.42399377968334095     
  0.77357456260625090       0.78404026354979006       0.79566966392784633       0.71177735299545597       0.78495732252222195       0.74962271478877174       0.76073780358316900       0.67129740533849147       0.63256347653545908       0.78151581778608370       0.73521402083843090       0.77659612218500473       0.76232060395215018     
  0.79677206879428031       0.74566438717233385       0.14118730170099755       0.23100339382907861       0.45759618059558410       0.48453606766466933       0.50038262036440784       0.44769847569844234       0.95017047969797797       0.62241140006618179       0.51692266820028654       0.40994740879191643       0.43796626802416572     
  0.76234890344571116       0.75280361343073732       0.86539461127915196       0.77824641227828151       0.69529830178150254       0.78882235050268068       0.76560211087115171       0.71751308573001349       0.71462564767576431       0.69384479592363479       0.81819781359737376       0.77511304652685742       0.87164802869783653     
  0.80467053238102226       0.75607148473020569       0.14932094696192477       0.24144215485952636       0.47333871908080583       0.49670027061659489       0.51332593803720794       0.46233747807342412       0.95242149621677119       0.63064313586736553       0.52946556579744253       0.42734381379949188       0.45216235468357002     
  0.76263816991824807       0.75436382464224061       0.69398206914487404       0.69876371769640533       0.76560211087115171       0.71334222301091799       0.67937814761702575       0.79872276214700610       0.78864636962196299       0.78700040823429374       0.69895947460834706       0.67007374000267927       0.77705936901342765     
  0.81241875730312429       0.76707654464023156       0.15707840836544210       0.25248730539728331       0.48765739708542127       0.50887632326448340       0.52652853970291247       0.47695754127141299       0.95477231419657416       0.63897610394635651       0.54215581018873216       0.44512677637287240       0.46850371518195366     
  0.68580819625671419       0.77009874827508484       0.71439465719722439       0.75697915280786521       0.79911914998394518       0.63308334260003907       0.94782725899674602       0.74899109133344022       0.82816095091267217       0.72664914595062036       0.72705617231845743       0.79923039432149989       0.77319124965231412     
  0.81947000957311966       0.77730796003269242       0.16533595070908091       0.26429946305079394       0.50268809721812913       0.52586380617469930       0.54046956403922963       0.49234039079560848       0.95694465253477856       0.64572997853723635       0.55532004360318765       0.46311720002110213       0.48697062268989977     
  0.70285999191922743       0.84724513929216128       0.79999641736513649       0.84305637134536771       0.79632687734375718       0.72339670290107616        1.1272106720975843       0.86554193889688713       0.64128354574666480       0.80402913558654765       0.70128161374253151       0.82609908169092106       0.84544099889320434     
  0.82615227482752873       0.78537958580398903       0.17465366909394189       0.27677284385023054       0.51869703069218265       0.54245507097675238       0.55463788377298195       0.50874432383351553       0.95895477149497110       0.65184753514957039       0.56904267835362787       0.47817526215722017       0.50479371073586465     
  0.67074032162279473       0.69366760783235126       0.71794317232210303       0.82413851264844895       0.69601699914911985       0.77564718393700849       0.72152677375007124       0.73429861733145241       0.77737631403438601       0.66652122001654779       0.76209916102351694       0.74530409287404409       0.72606266313600976     
  0.83206238592306914       0.79336516279164593       0.18476894636142152       0.28996002602427118       0.53526964585400738       0.55980509178754123       0.56845435681917567       0.52810556891715232       0.96081981101507230       0.65798768816363318       0.58442078354982319       0.49262123047584155       0.52080968892598500     
  0.61912903084904136       0.67952815894755358       0.72541353364552819       0.71077559096521148       0.77784309462049950       0.68165858817932323       0.66306826514233452       0.77764991522518589       0.66759752372744630       0.73400552612894898        1.0188158643541405       0.70875503311896348       0.76529678497353903     
  0.83802085079866828       0.80151818536666330       0.19695154318135666       0.30242636647519383       0.55186673756906024       0.57654577567129361       0.58335223407918058       0.54770484904697370       0.96264536688856006       0.66476392710096299       0.60102502416201775       0.50663182404354501       0.53879936091781699     
  0.63885513544861816       0.81961106689066421       0.85267029563210195       0.79789901317781431       0.86849540313082429       0.80933890214299975       0.74525721996592598       0.79601037179749490       0.70512033741856617       0.74504830873034789       0.75179756824005450       0.74318373078328015       0.83716897862077322     
  0.84426410966761412       0.80951354971543343       0.21022040397362698       0.31294235952452143       0.56847358339397680       0.59188432730222129       0.59792444193987382       0.56547247082201901       0.96450837294108893       0.67183786705775661       0.61705017836306197       0.51951772173806576       0.55793750120149899     
  0.74021566649919568       0.82810523464949160       0.71931889219229839       0.72835335172406790       0.80776920796251661       0.76249682341758829       0.71656284006968407       0.86811251824505475       0.65358206714224143       0.77677714677213439       0.72110699599148598       0.70733744991945113       0.73098146010682508     
  0.85050621852687058       0.81815519210659271       0.22526438947769714       0.32460135763756515       0.58291585716550554       0.60560373125119393       0.61220608824065825       0.58193780061436939       0.96637376914983242       0.67883771259820791       0.63215541334767278       0.53101571098120737       0.57689158194664192     
  0.71448844554536295       0.79098973956840923       0.73526349175520678       0.65272172002635953       0.80421483930806337       0.79498758977591111       0.63097028526165566       0.77783915213018662       0.70262888747835850       0.77360249265208769       0.83618849881019763       0.74722212028148705       0.75789988699637645     
  0.85672609963306245       0.82705624605735129       0.24129492929553778       0.33736800792537941       0.59581807224129868       0.61830536545022519       0.62656561929692300       0.59540418657583194       0.96816528943456404       0.68507310091238183       0.64763800678433858       0.54204149881539987       0.59582162877850953     
  0.69609197274048740       0.80425196827409262       0.81460587486681768       0.77377894257847757       0.70582847988680153       0.77404093673307139       0.84335338963627982       0.76335113772532415       0.76420741382695179       0.82038376825466863       0.70802094201085608       0.75939065476356360       0.76156451245266266     
  0.86236839824027223       0.83593953483412575       0.25790691941516974       0.35206337686165429       0.60846243344229589       0.63168633037827560       0.63948597915124572       0.60893202990746076       0.96983316428848232       0.69078541998402609       0.66254679358756907       0.55299200762661582       0.61474550531417660     
  0.73039473244596664       0.67787825215988495       0.86631368784114271       0.66781134574361023       0.80135728815201090       0.70411331892611684       0.73048417318314363       0.69339346605971253       0.83003136077262363       0.81381464315593177       0.64215568130560963       0.67896663186207762       0.77867373777645998     
  0.86788945040041132       0.84485608171000226       0.27502265007710314       0.36656233280906281       0.62077015960357806       0.64571916583093736       0.65280203497397660       0.62413697591114004       0.97134550758051275       0.69589650508807288       0.67348800300000267       0.56577647524695185       0.63269664890444088     
  0.78994477890686254       0.83193422698623298       0.69513050495119455       0.75282005615529746       0.75635348895322807       0.64890331407286284       0.77811613512755506       0.70081304065866901       0.71999090087177331       0.81232997073835878       0.75365392031280376       0.65092320986974650       0.85946961471540451     
  0.87444060713614624       0.85331171037036713       0.29333899431423260       0.37986874261218256       0.63652995723899697       0.66137539554640890       0.66604685072912517       0.63980388860405490       0.97289297986671319       0.70133840766171207       0.68623339734319166       0.57915247174485540       0.65018659017278235     
  0.66312699377580797       0.97243461809321741       0.73316427640124859       0.73386942140933475       0.82330930849605910       0.73748574583020510       0.73083546481099471       0.72736011589594485       0.78918514283600094       0.68690871578187696       0.67055688517720635       0.73771990679339317       0.95428344553758560     
  0.88090038106981083       0.86090264081329071       0.31214480724490634       0.39586846275528259       0.65274741420910010       0.67709169040575923       0.68086540547671170       0.65654522584016772       0.97438145318955605       0.70731393994303793       0.70031641230299668       0.59357480744045854       0.66889024298281297     
  0.69388101368286847       0.81331262650339597       0.75785137965602689       0.73071516585253238       0.73777759167536427       0.89884216326346844       0.78342217158545757       0.65022306150129949       0.83714087907577661       0.71465572387784948       0.65029203763204779       0.64296145612794220       0.77683126522163426     
  0.88742370936328108       0.86812890411759736       0.33193808233889960       0.41301054720081720       0.66635153556290350       0.69187177160647562       0.69686713857082472       0.67316288293981330       0.97579373273710923       0.71315194823234740       0.71788277946559087       0.60897028724488267       0.68855021332346944     
  0.64461404133973621       0.86236543842855073       0.71867402669413361       0.72411210260260628       0.85609099846976744       0.79964733562344870       0.92513807247567448       0.85218751695692263       0.67178833515520420       0.65193997033936879       0.74673540770629843       0.89093925163277932       0.77105729738679463     
  0.89384319831062664       0.87573779861370293       0.35288787049950754       0.43020430202950266       0.68016597932022105       0.70705534315583518       0.71261017201748700       0.69062579955497894       0.97697704727450263       0.71876283900786286       0.73539131630623877       0.62535236203205036       0.70681732629576366     
  0.75403233051525143       0.94286688336347180       0.76560211087115171       0.67192136624713039       0.67986445640495174       0.83689746277971799       0.65974936581568433       0.70014163130538842       0.68617337716219751       0.74097696691734016       0.77453088956309069       0.78894334100872687       0.64883176711146151     
  0.90052032160506290       0.88306538871310225       0.37539760058879290       0.44803575597136897       0.69257194711558268       0.72290706763737334       0.72736312336497533       0.70832040940976093       0.97800583944296016       0.72429831440513592       0.75255871176866918       0.64234048927216691       0.72298995840950808     
  0.82059552475755948       0.70165143621335602       0.86402012302916820       0.82102048420233287       0.73584321181808099       0.77599371431475339       0.68854556198269201       0.91519037369329859       0.68211291264128293       0.73525577937767050       0.78154951182676169       0.70350208116603696       0.70861945676099336     
  0.90711671015310757       0.89020074735972032       0.39944915378127105       0.46722142534013816       0.70458910810894615       0.74113869377416564       0.74199718858405972       0.72609975145924377       0.97906575645019966       0.72969531044939795       0.77038885376545885       0.66027804104763721       0.73979847521887698     
  0.82973408430600337       0.77867901738250345       0.75092521932591649       0.89082594232097168       0.72585014624754429       0.72885161707348856       0.65880785131588226       0.67473704707238025       0.71851853103048668       0.63443461605538143       0.73024979130228596       0.68989487292169394       0.78541995648546914     
  0.91351628375399196       0.89737983653145559       0.42394310467983337       0.48854258622983671       0.71899325860516972       0.75989480370767692       0.75630868066822088       0.74265097396524671       0.98022497296070799       0.73686946902629502       0.78646557888639201       0.67742170364627685       0.75637682878954793     
  0.89232739386492954       0.88285974992830507       0.76769989950672290       0.72745044637628964       0.67998689457502559       0.84984481849074267       0.69111413487189155       0.86942848217392499       0.85028497763770983       0.72548437945266575       0.70464819009141910       0.72968817321188228       0.92700472173982051     
  0.91996078195006181       0.90493337662133877       0.44905586083583759       0.51252513621679718       0.73581310047150084       0.77666340537136636       0.77255484384556561       0.75824795971904213       0.98137808536854632       0.74464109950708512       0.80276735181858561       0.69233616081384974       0.77372140242753640     
  0.71812640646454284       0.77490179993367758       0.73369884664514884       0.84850724583164316       0.70947208649368854       0.69922521041255759       0.70953429115637345       0.81783461590188566       0.76368960132685892       0.70814339279046057       0.68141782228749970       0.78417260672361722       0.90470249071287745     
  0.92602519901659330       0.91290337505913965       0.47325092053972645       0.53817750333892633       0.75320709258465979       0.79201805805794112       0.78896334819319325       0.77396030046966668       0.98255040115709802       0.75255310471947179       0.81786853712675556       0.70788618607972587       0.79219981004925721     
  0.70934215556663982       0.73927024470956426       0.69946786392286764       0.91405306541687770       0.86674161678841521       0.67992277619173314       0.81675977614430040       0.73917422974478286       0.85988646622719223       0.75941924596652166       0.74113060879023318       0.81809692607385376       0.78080783090110550     
  0.93158866127139461       0.91991099547701294       0.49651734655954993       0.56410668428875732       0.77106188156752853       0.80663014516109854       0.80345472831927178       0.78958519908655855       0.98371847637731635       0.76115227280067943       0.83269655166992051       0.72496766590023509       0.81098925221235452     
  0.80113627430050249       0.78662591783933078       0.71548568797414058       0.81386734567744612       0.73187059629025242       0.68991329893157316       0.89077574465901166       0.96132038026388278       0.81601658722379089       0.69671479111345735       0.72134695628859702       0.70886549090813356       0.71753699110777869     
  0.93711117915279041       0.92577550191876512       0.52066806536876764       0.58998356906151950       0.78898569951731701       0.82164768857743231       0.81884246531672877       0.80479560594641097       0.98487566890786071       0.76962180525037438       0.84679668879783720       0.74567618991502804       0.83022895161385279     
  0.74496822165709531       0.75097987855412551       0.76131914540168766       0.71718765973332665       0.97245097355899768       0.76371698619063655       0.71080651533286976       0.74647227053479370       0.86149316505819895       0.72803259324383163       0.70416027075262055       0.86359958833203587       0.73799929896375072     
  0.94267624013399232       0.93157694376305922       0.54652276535469446       0.61652820051078383       0.80692161760168568       0.83742900220781280       0.83389634392570144       0.81997678697584919       0.98608918915932731       0.77773102131382599       0.86030549123873845       0.76744744421457101       0.84752039306413829     
  0.75077849286501031       0.86713151522177812       0.84223814295514432       0.70534073507245332       0.82112832922214563       0.76048909363401673       0.81625287945351610       0.73746624195178945       0.77500883728332004       0.88999614532760662       0.72839512954297081       0.65349917545033120       0.78797279261119557     
  0.94827849267057907       0.93754425577424350       0.57377128718944992       0.64469700381572648       0.82516499539649513       0.85608925033258010       0.84962511292554199       0.83606085133422647       0.98733689057234886       0.78609395961844952       0.87397902386616988       0.78847484678219038       0.86128588145867135     
  0.69727135891694347       0.72164491521817020       0.62043440223047808       0.77794565531109383       0.76619308098144290       0.81893266355241501       0.66601231931919735       0.73500137580532587       0.79762384592838553       0.77717466992947382       0.79770361893915309       0.76862031572381340       0.69496934202852023     
  0.95406150926723665       0.94372252492330366       0.60401913955500985       0.67534967354834785       0.84436852590139388       0.87089956137009183       0.86582753783469768       0.85322081875834521       0.98850737803201727       0.79504610428054634       0.88777332431176470       0.80931206253643195       0.87399752958024579     
  0.79347274528993794       0.66902388605528140       0.64496943949890140       0.92769625866973859       0.80070303231712836       0.85125274517635685       0.72069557963671571       0.88908311338507773       0.80350791443568537       0.82043570723615711       0.77483713821496059       0.63776999118853539       0.66195034189561641     
  0.95991702169438764       0.95014145175777298       0.63812973935654871       0.70881165000364055       0.86366186396639943       0.88523345140659149       0.88176522461856321       0.87139927005825668       0.98968789228715792       0.80394939439824376       0.90285510316249917       0.83184508008224756       0.88655792653307119     
  0.69713419878041460       0.86075259529434045       0.70556121491933788       0.75224417562887169       0.85819293461364210       0.71934869794323397       0.81925613811122078       0.88097304961485023       0.80071881648959098       0.77824211732941528       0.98192608224347888       0.76221781561257984       0.76948801499545172     
  0.96569643694838425       0.95640399014008559       0.67575990459991775       0.74211807804298324       0.88271194680140974       0.89951075099327860       0.89995044949291547       0.89001989012344362       0.99097657802616079       0.81317494412202695       0.91836601550356189       0.85522771860092395       0.90106749543184239     
  0.87707934797546316       0.79334279010411679       0.72189798590430343       0.76468553479244061       0.82783063644745791       0.82085567115540192       0.80480136082718501       0.78679129782595914       0.81610647134905523       0.77245976898796209       0.83065719735965049       0.89022572838963232       0.82143849928574386     
  0.97155416321995669       0.96247907832366320       0.71552720341309783       0.77588528354261477       0.90118504355141849       0.91464609643104144       0.91714400901995519       0.90749325083379073       0.99236377681099042       0.82291786171432746       0.93306663906219278       0.87788801080992429       0.91514593325874016     
  0.87021687331446007       0.77658361995761671       0.76958140021596155       0.73144796219244013       0.84329903190044087       0.74554218643804826       0.77213689274907893       0.71300637408924794       0.96896522715161792       0.84054229947572545       0.87891361690351233       0.73541294702871529       0.74441951967421438     
  0.97708484748681657       0.96742225600776177       0.75776604022568061       0.81108055771299892       0.91824958428399073       0.93103919037867677       0.93438691623065284       0.92457022755016227       0.99383993661765990       0.83361593239546972       0.94685465114639067       0.89896985109616023       0.93053899084665659     
  0.88298443504087964       0.73437138517519429       0.84958444201537064       0.66550606299206272       0.77175842560059815       0.79163386423029714       0.82200945735111675       0.81964051722928466       0.92693902553680574       0.70475925680159623       0.81917274732267642       0.84223453931511738       0.98359289922835602     
  0.98176191039103811       0.97222953772819143       0.80060869903757492       0.84790259109628108       0.93455659236139510       0.94669963364050069       0.94936395022863829       0.94147847068013180       0.99487930424645676       0.84543231673116037       0.95980415122240459       0.91959697643231508       0.94663440872276650     
  0.79117339480311222       0.62708197903212459       0.67307831482044977       0.74469245660279959       0.77197915891547220       0.71360699822333806       0.77499003029480318       0.89062017042527208       0.95444075471531731       0.84565634032607739       0.68658197714110858       0.72616435787057487       0.79036488166916474     
  0.98629439758956572       0.97747561164133012       0.84605992656881335       0.88605723238711664       0.95088470789086599       0.96199172131803901       0.96237656828107032       0.95747846738324316       0.99595175449638462       0.85984593651245933       0.97058476268463967       0.94020604217119419       0.95917444661572637     
  0.89908410213056356       0.74266471606684681       0.72244500445237159       0.81569451836157958       0.72144927803832637       0.92903895653048163       0.84501820897718938       0.83364675837841384       0.93779437717915937       0.66924654978213727       0.84985688442620866       0.65742903436513267       0.73230127663092603     
  0.99088216764620596       0.98330539748806556       0.89337206350942699       0.92693116752853799       0.96746407128559142       0.97589466844116879       0.97590607214568070       0.97266435210186541       0.99709929377866258       0.88108371933310281       0.98034410391454740       0.96181913071084768       0.97249680524072302     
  0.90175608527612838       0.91462255813657289       0.69643971408786431       0.69078795479560440       0.79220165412979315       0.67992755284641093       0.74079443009038404       0.69055550855358416       0.76783814080070223       0.90996638752321379       0.74935766033528073       0.72634783563973537       0.81676033177404106     
  0.99546758962799020       0.99171802558758637       0.94566887000319433       0.96454928887220848       0.98375778759264276       0.98796651818434700       0.98726670014782814       0.98661482219557162       0.99835980640446353       0.92320748523121587       0.99032949075912413       0.98130744721618857       0.98573370005163063     
  0.73529508069571392        1.0414835241393334       0.84773269960503417       0.74024745415157522       0.72734487004008896       0.90748463606375163       0.62347529292390658       0.82584863524589414       0.73666605359376325       0.93133994443928603       0.71056240093466294       0.70231193570660699       0.73864031572883415     
   1.0000000000000000        1.0000000000000000        1.0000000000000000        1.0000000000000000        1.0000000000000000        1.0000000000000000        1.0000000000000000        1.0000000000000000        1.0000000000000000        1.0000000000000000        1.0000000000000000        1.0000000000000000        1.0000000000000000     
  0.84480757398275552       0.79004798536357457       0.73709560419848430       0.77775161614640942       0.74567974697880479       0.81002443942296976       0.63738691580592677       0.70059254499367185       0.65243111034873158       0.66094473061771586       0.76741565710509863       0.90689128192472790       0.91024827044437484     
   7.0097068696744582        3.2499000346737694        8.7712345906970715        10.720630778521297        14.929730372130882        7.4713844320881808        3.3384118391233879        8.3040298538412323        0.0000000000000000        3.9044703937642109        14.405717356959547        10.115985673981932        8.9170221527678031     
   7.2095865122003655        6.7666172091374364        5.0487135221449835        8.7959681762593274       0.27940629159631503        3.1877974401963902        11.128180879625292        27.590514963478288        8.3872582378225538        42.289502135970061        7.6769095927381663        6.8981738509697053        8.4186517006282386     
   34.800051288067813        9.2973365968685613        5.3607771963835402        2.1844388996590620        8.4216380807946223        10.094402279214751        13.997118769466056        10.882273492648281        7.3839450543541210        4.0307310671854308        5.7124600612912682        4.4799785619991654        5.6472999981891290     
   8.1469714215423465       -2.3637629342604476        2.6381986010061116        4.4299800859430105        2.9339565450551253        9.3289544312412414        12.565015769839896        9.0821341711840944        6.5562014182342283       -2.2161334297704993        7.0391755043878961        6.2166730634953060        9.1687625708292035     
   16.269322406713410        12.040755762469123        32.539187825908165        5.3887581990411348        13.764125392658999       -6.1981042546895759        7.9188979596719200       0.46509144543056163        8.3097858966228522       -1.2336177467547362        21.048527278188043        5.7128762802927886        6.3356722048149710     
   7.9726031970327869        5.3934981083229641        1.3705622131503761        1.2386209168155757        6.2104709522502093        4.8867725303913367        5.5103145608603796        3.8835623932815082        30.664100127151084        9.5734607154688156        5.4327964185934361        4.3622470683149341        8.8364241968301851     
   9.3124935387873737        6.9380190281211531        1.5883406887222151        1.0899361265084633        23.695919005586269        9.7606129833343900        8.7912423994353226        4.6551746018317655        16.653446831696350        8.9645339909165020        3.0143224087130926        9.1554662886659326        8.5110360829737104     
  -7.2074137521286294        7.5472614261539279        38.301657992045818      -0.30902994856151755        3.1050702686299787        5.9640555534385902        5.3850711592298706E-002   11.573461186211068        3.4106833213536834        9.0574976500511415        4.7622176364948441        6.5515385579389216        3.6135936334042364     
   8.7527634681903825E-004
           1           1           1           1           1           1           1           1           1           1           1           1           1
   9.8991886238905752E-004   3.9217299069934161E-004   3.0704107445982550E-006   8.4258613577816455        2.5065440420100158E-005   2.2244285228373005E-008
   2.0237449436891403E-005   1.6486255153368151E-005   3.6934306781321382E-006  0.67355500264011348        3.6918580823019850E-006   2.9033222435887313E-009
   5.0000000000000001E-003   7.8688917569100276     
