   0.0000000000000000        0.0000000000000000        0.0000000000000000        0.0000000000000000        0.0000000000000000        0.0000000000000000        0.0000000000000000        0.0000000000000000        0.0000000000000000        0.0000000000000000        0.0000000000000000        0.0000000000000000        0.0000000000000000     
  0.16915331504835721       0.16583476997424351        3.1371277061695416E-002   1.7574102021543664E-002   6.4169348290357741E-003   1.8138709253353986E-002   5.6732180114612719E-003   1.5984098414976489E-002  0.65140610729512438       0.14571467750493095        6.6512718857098460E-002   3.1826053742696744E-002   1.2939337103801017E-002
  0.64759454291823271       0.57038279627730870       0.72805532122701599       0.69357186108119717       0.71026494318512612       0.72027288964870795       0.79047073995507289       0.70116713028611011       0.71473895509751273       0.51713116716150187       0.66473356879892265       0.64269134459279698       0.61409895993243180     
  0.27009534326102863       0.27675070260367812        6.1567162575746862E-002   3.5310150900134660E-002   1.3128434781452146E-002   3.5637617475583874E-002   1.1039532544727317E-002   3.2349369100136298E-002  0.77158555160208064       0.21938332463906032       0.11738600594392735        6.2394032561403967E-002   2.5638438660576333E-002
  0.77898621007525948       0.69807503885602395       0.60357228399453011       0.63812715181876767       0.57046934367155933       0.61923674172438015       0.70517831737019088       0.75758393709762417       0.68957214457258476       0.69397720676927643       0.56343890536679964       0.66649876524847784       0.68026573881600116     
  0.33560579897691989       0.34074672913339704        9.0460325720937887E-002   5.2356593821356094E-002   2.0325027284990086E-002   5.3821982837621171E-002   1.5771417681939438E-002   4.9091773268940556E-002  0.82058743784479771       0.24984413394415259       0.15381145132915069        8.9117691817758693E-002   3.8472060879189252E-002
  0.80306648974653005       0.63731463673046529       0.54982067486459529       0.61147781712517812       0.69988046801653625       0.80103789601143904       0.74039252399363220       0.66479334496760278       0.72895529190074326       0.60196292340879176       0.62692818395459027        1.0187161555487563       0.76175712539061902     
  0.38274600798716929       0.38735927347341281       0.12072305802250828        6.9925600844149199E-002   2.8030350297395167E-002   7.1969538457917370E-002   2.0434138825523598E-002   6.5876398383304904E-002  0.84695272709764224       0.27568156884654998       0.18066320706444378       0.11366654948256795        5.1068413983586483E-002
  0.82037137690703654       0.72463448456357493       0.62609875728146736       0.75578317643843929       0.63037408160898423       0.66667807840333571       0.73727416643114363       0.69892675376143631       0.73463042522962085       0.73379402896450940       0.63885380533627811       0.84437525367991129       0.64177685396273165     
  0.41967440293442509       0.42290303651958505       0.15254216767875725        8.4535118160783546E-002   3.6032682936062953E-002   8.9867073376723200E-002   2.5279698267694620E-002   8.2468560963132403E-002  0.86491712904266238       0.29397732957821321       0.20147270181915322       0.13691007133873720        6.2993417380164812E-002
  0.69739342243666669       0.60077731362514475       0.68148396495071717       0.56583290118871654       0.62376117968564238       0.81174777396686015       0.60651144923284617       0.64668803301759359       0.69356255847527148       0.62816874307397230       0.61628170668109228       0.84063548168686986       0.59059053715913801     
  0.45164993003978110       0.45183324093291866       0.18587429695750970        9.9443217630917735E-002   4.4190372281727890E-002  0.10810256089249538        3.0407688368396062E-002   9.9115368460928402E-002  0.87766898436872764       0.31171809904295733       0.21868928824832889       0.15850449891704352        7.4662653261698866E-002
  0.80362551850105912       0.65930436233907452       0.78695773011360315       0.64231368007922429       0.77589616773446135       0.78064148560726898       0.64962286134940284       0.68582756842170645       0.72059667683248851       0.67923476121526005       0.73743705095387568       0.66837264493302362       0.73786765239145791     
  0.48362789075325524       0.47756282068383793       0.21787165308355913       0.11389934774757350        5.2710786297231041E-002  0.12551071320924395        3.5715557481870067E-002  0.11534931121570743       0.88864432527046722       0.32878290354002770       0.23411550633284928       0.17685170712931142        8.5166743930808350E-002
  0.69278955157971167       0.62676719334955167       0.67239190641916913       0.74490083434621890       0.65944290867085065       0.78361392793151119       0.58683608298104373       0.66275268288539579       0.62767776414627274       0.64428115510145789       0.59329958471697297       0.75166860531466817       0.61157830117585821     
  0.51353469651646988       0.50159744099175541       0.24778103041903302       0.12873281883385443        6.0824244213993732E-002  0.14206171612566659        4.1100036760627089E-002  0.13090796747310840       0.89651056854002553       0.34397831400674012       0.24878464427194896       0.19682663343194010        9.4865836226252317E-002
  0.70317909512883259       0.77530745577666504       0.68324604353339902       0.66496065595212406       0.72364946104783545       0.67739119424907090       0.63773618943337873       0.62545088636126378       0.65976788246133522       0.71519463361749180       0.69398868104930700       0.71657052186181347       0.65700422103335632     
  0.53978756143824180       0.52280961866266074       0.27758544071587304       0.14340853929939273        6.8234751655903522E-002  0.15790478558657509        4.7315758445725234E-002  0.14918438727387953       0.90355305097242988       0.35726303455277397       0.26274028486200413       0.21540917542034138       0.10432012093407565     
  0.69941547687858963       0.68185336360233151       0.70537515662752159       0.75637719060311059       0.64868731093626386       0.67076447113905724       0.69296944258289295       0.66260050964353123       0.68753992963069244       0.80250479206258840       0.71001158913113893       0.64904349252586369       0.55017446439305151     
  0.56337396426307484       0.53953952284121964       0.30900572655937197       0.15856764515781291        7.5980518271941661E-002  0.17192564796284451        5.3986346163902701E-002  0.16972683979651126       0.90902827996007862       0.36804468473828139       0.27589741220754366       0.23384534432564882       0.11396346839055520     
  0.67220816298323116       0.59293512410804083       0.84298981972208897       0.65596745463024630       0.64866941817152002       0.62943256059967645       0.76789289133374183       0.85264176859174956       0.60185494201003098       0.67713345464772734       0.76770056552312038       0.65888396069350641       0.57434377288599547     
  0.58640468103921195       0.55492584988572757       0.33763773918137163       0.17046131845615164        8.4096670330258083E-002  0.18653923695435387        6.1064836349015959E-002  0.18943815366266586       0.91393828789328357       0.37833774096821038       0.28861134947143546       0.25245363459821069       0.12778356261925300     
  0.65224774508685168       0.61636750733929435       0.73688668083899800       0.66130474146487117       0.76621816150703326       0.63991060475390460       0.63972456908291309       0.73466942419005832       0.61155663953527994       0.73436229988836277       0.70912610457529035       0.82706831634106348       0.72721468092557739     
  0.60823949119472842       0.56946555041315394       0.36294957212252321       0.18242954622970192        9.2796014415769720E-002  0.20333513418400118        6.8602043511796287E-002  0.20749857313216130       0.91837072918247686       0.38773619624642841       0.30165746826036333       0.27147981936073323       0.14206141376727666     
  0.68987984518108458       0.60616136431609213       0.60614323181237439       0.53818386387755857       0.71303859499740074       0.64248782353107048       0.64163472145880762       0.73763207846088030       0.55118322151367605       0.63362797365341927       0.61673937851865757       0.83443970170578030       0.68243888365085625     
  0.62677165369959720       0.58216614752006535       0.38665157939912248       0.19478229234069883       0.10126694144012534       0.22043136104646474        7.6127242252027882E-002  0.22509281322976876       0.92283610224315882       0.39729025829529346       0.31498374156367670       0.28836438549576726       0.15848159952872365     
  0.62775389326664821       0.56823081310717283       0.58684471491822787       0.59359015353425781       0.59946060621801334       0.60060899588863303       0.66567308596396313       0.61862742823444550       0.59969566158458487       0.62731399040409130       0.70876887925086252       0.75974683989423519       0.64466328290638986     
  0.64308657905558197       0.59441319173988516       0.41032107310743293       0.20602321684989716       0.10921138625482410       0.23695534211839997        8.3559330252852060E-002  0.24306855641626485       0.92715832170876555       0.40586409291407088       0.32782397391414697       0.30332305446537117       0.17529275786143317     
  0.65325656824007106       0.65768549363919970       0.71473316126388564       0.56756171414345513       0.61374244361416419       0.74452921755844137       0.59241891724948992       0.67266961481988796       0.67991136285315423       0.67727431059585763       0.80850769559694535       0.67198383281793284       0.60455462579563057     
  0.65821838279144362       0.60708047822852917       0.43526631404735633       0.21888852023726735       0.11786270411220527       0.25339868952214484        9.1413480430869901E-002  0.26151592578476940       0.93137450398313826       0.41409217279336102       0.34000494834707801       0.31812213768075365       0.19128235961540885     
  0.66642741869783584       0.71169063821789957       0.70517723936084165       0.54346627872818531       0.62395923556708721       0.64268813783266499       0.78880018791243778       0.78522627831654901       0.70335022998957286       0.62720534490065571       0.73672067773398153       0.72443957091705402       0.62409345338927336     
  0.67082978345380151       0.61961740885611527       0.46065738029527081       0.23298056281937762       0.12582901139583230       0.27022179890890613       0.10072213933812452       0.27997203324915260       0.93484774924979930       0.42155381182779467       0.35308784077387229       0.33250955967267726       0.20784157177153975     
  0.61691267359166801       0.62703659531998046       0.78153008369813115       0.62671950158091749       0.65368138408621423       0.68836420027689948       0.60278978880799539       0.66782606323020999       0.58166152418946737       0.73659131281650936       0.72965309477204021       0.65071493918361289       0.70025900060235402     
  0.68319151656412158       0.63204864086097579       0.48332363671957923       0.24988644491561507       0.13570105627616252       0.28725545415637854       0.11080886710027939       0.29657180079833401       0.93823173606192378       0.42869376869797204       0.36535576915582374       0.34668506715616565       0.22133379051049731     
  0.65242604798543968       0.63847706638713264       0.63900054146455876       0.76810557465348817       0.61924628648306501       0.64342979751656493       0.56846148834125754       0.73067532362150911       0.60781064838063814       0.69860447157135108       0.65053609242460742       0.68224045387380827       0.69009293581281517     
  0.69529259916727204       0.64439537764741417       0.50488849589087037       0.26718574238803194       0.14560851306233691       0.30471217985094246       0.12086079469827807       0.31360892083944641       0.94116330628989087       0.43461005043671669       0.37707954997456467       0.36233576111776733       0.23539230878465706     
  0.67323157266729938       0.73760684985520764       0.62706056298069501       0.70300522743466587       0.63140321911184316       0.73281442646455608       0.72714601293778891       0.70184193925594296       0.70092614964155053       0.60305436393603329       0.61039334616140040       0.67164082116058699       0.65592101317337648     
  0.70776964502603512       0.65643579767417959       0.52503767828987147       0.28351190744047772       0.15626383588682058       0.32226151584764662       0.13130175340302322       0.33031504423992886       0.94419322191962995       0.44170314913946518       0.38765689726466285       0.37907955574068958       0.25192167817250111     
  0.65656129393014784       0.74887497779745538       0.82514034784579438       0.62104027775602966       0.67626713154043061       0.61694262363510499       0.75517401475821178       0.76437280135798735       0.70250152541214972       0.54860945318086085       0.57481163224442267       0.75356345193206520       0.65174370203074805     
  0.71980703817664715       0.66798500542632222       0.54475296345214963       0.29983625397172803       0.16760844634336516       0.34023213156745225       0.14200794531530575       0.34883350219145021       0.94664869860811007       0.44950801021199221       0.39726403805742200       0.39448216743764930       0.26858983669632530     
  0.64169601607448634       0.63108549366836519       0.59630318929848913       0.63641901185843530       0.77458377713921189       0.72050936610246641       0.65029149322662294       0.64901526603408832       0.69119217516930931       0.76303166672855671       0.69802620462322718       0.81472173027283379       0.64903845536617744     
  0.73111212187456698       0.67921355357879010       0.56386068340028417       0.31615389748162831       0.17874607156466318       0.35717280640998306       0.15259112643000058       0.36471442437640827       0.94910341981119584       0.45734177110233426       0.40737353487638683       0.40937445277326029       0.28531091638725220     
  0.67116129331274132       0.61698684571929308       0.69987864222706442       0.64495276824049519       0.70468500686003044       0.72094887868922408       0.72075583535690391       0.69871307024403284       0.59166706069693742       0.80420745730129384       0.65515558776696370       0.76651608129393434       0.61614420879125753     
  0.74171868747380865       0.69001283732815555       0.58219230338166794       0.33206629855379194       0.18924114573050116       0.37476147997426767       0.16404243114003386       0.38069765784280324       0.95124438277345336       0.46518959305912100       0.41848224303190007       0.42327356243348091       0.30122857260317643     
  0.58229846099740534       0.73370600382548401       0.67660136277198468       0.65657281583813532       0.67341817203325660       0.63260357165397452       0.77142160968169970       0.59973073989045678       0.67959446659826206       0.77909947529325352       0.57998311453097062       0.55184185723825030       0.67460624934595059     
  0.75188698770121776       0.70021457672014220       0.59877622236676475       0.34801142625079312       0.19936672422986754       0.38965219770493492       0.17516361780768835       0.39447551612778720       0.95336895538756505       0.47280668366186335       0.43038862375762599       0.43638557300553898       0.31612525193135471     
  0.61711747211666423       0.63394268810858911       0.73417356154461200       0.64642153791798784       0.67778479797445312       0.55896725877755782       0.61949262089895596       0.65878362153069470       0.66983647177031846       0.62969669199931777       0.79747103152086618       0.74367046949081550       0.61263969223838555     
  0.76181379491033629       0.71025599025991426       0.61277498711466194       0.36435678813191641       0.20922218434978898       0.40286108608952159       0.18554289744999528       0.40770500307670599       0.95543760800543065       0.48019352857013953       0.44206845386342236       0.44882669951595122       0.33117937837123790     
  0.63037833439817370       0.62998950427573142       0.58858555496050979       0.79896806676203735       0.64491093381467990       0.63246610723828722       0.67694643660912979       0.62601803710119563       0.58382031224087982       0.64167740960620534       0.60133738723146690       0.56768802264778340       0.68088127796171849     
  0.77112904481961553       0.72044714087500650       0.62636867066913660       0.38083578755134051       0.21948012895507041       0.41556882812826645       0.19720174263809281       0.42147834049829042       0.95748666990648701       0.48720158594060597       0.45370283044446252       0.46122098498088010       0.34627349895477211     
  0.57870533847577965       0.59950176878455896       0.62477644825161793       0.66453520413236922       0.69273404522001369       0.63818477199536805       0.81289863021590847       0.63595734399045067       0.58124914130204153       0.67290763017701360       0.63058635605912905       0.69852265682879011       0.58225521678655168     
  0.77985990800510741       0.73035677859998482       0.63968548032128225       0.39665827221456779       0.23125904996612257       0.42800800696705210       0.20983682820737853       0.43555128720156977       0.95939770937412017       0.49398618123674903       0.46507673012006662       0.47386951879670958       0.36135968515945671     
  0.69505629515230416       0.74304294226949819       0.61441595902004698       0.63600857872004746       0.74197547781723561       0.56347589087129968       0.72046530484948901       0.57048972242852225       0.75087873010528494       0.69837072332422367       0.74616936781530496       0.61275414338669087       0.69059684132453814     
  0.78820968532851277       0.74002431285962988       0.65420539729038696       0.41100932011168195       0.24415895699143014       0.44259528206703697       0.22278314330640886       0.45071637312268970       0.96112826065636636       0.50036704470817162       0.47681797055117275       0.48808327577936383       0.37929580084749426     
  0.58080336872849792       0.81889448747884763       0.73350102353219571       0.73049800375997243       0.68523527925380034       0.60658151172517305       0.75344365259988777       0.67401428581519329       0.69505001791800314       0.71565960184776389       0.56325727756974875       0.64848148010409934       0.62725549169346428     
  0.79615940360747584       0.74959451532387844       0.66802543874625198       0.42452940774607406       0.25749139606095400       0.45657389314853508       0.23666754823866168       0.46588714513117785       0.96276906412412588       0.50665352473773750       0.48925477245823057       0.50276108019133825       0.39958911750323678     
  0.62356409288219827       0.70499755485168247       0.60251172421757648       0.66031331452061792       0.77411462386729657       0.62168746428979127       0.65466651423315658       0.76275988279755136       0.61625457355877589       0.57164981964822037       0.70658975209739727       0.61665195110339188       0.67240424134708754     
  0.80383271970888714       0.75842179634711981       0.68339492209627384       0.43735519162116332       0.27218054985112700       0.46955259032373092       0.25083100050412593       0.48140691244728834       0.96436740896483075       0.51285021093596161       0.50264945786076720       0.51633894340110165       0.41818450333646751     
  0.58637169928088073       0.63442994648077888       0.64816048273598537       0.59094578776005036       0.73252299069777982       0.60121919499898102       0.62782559891503409       0.61822115735465999       0.66236714897604043       0.61292827366024383       0.68547524540376703       0.56833411238369402       0.66216033752827441     
  0.81124706555886228       0.76626144683043729       0.70001873447819418       0.45010504143622843       0.28762622419520373       0.48194284142373750       0.26106723158746081       0.49625459666787725       0.96593580888887931       0.51922308974947218       0.51631009713205933       0.52986004773560280       0.43619785593296212     
  0.58593435600632993       0.62903801860173447       0.67625685830891402       0.63834253179510869       0.77105019510997275       0.63819347658670889       0.63369502018608181       0.64388340018054246       0.65126839014714366       0.66697659426123734       0.68015685099470968       0.61044890221477610       0.61444431761382168     
  0.81857002972997450       0.77224515314316011       0.71513718450733976       0.46371726341588471       0.30095147128511035       0.49413813623350333       0.27072945021629685       0.51043104799362460       0.96745888481836473       0.52587861954108472       0.52986750475642053       0.54335148211074435       0.45401253916655093     
  0.64800803752288993       0.61375764790710530       0.71046153155585956       0.64675029192297051       0.73829052662071482       0.72476948387539453       0.65628949258158698       0.65264128004289979       0.64320476824307338       0.71145175994484300       0.68954916395905153       0.65339103634883133       0.69148784459545443     
  0.82564578195536409       0.77826132490561040       0.72893059518649084       0.47853567132842728       0.31435771349121838       0.50676661094831577       0.28054638935163145       0.52403273983394505       0.96892125593822287       0.53268848705131988       0.54345319542470516       0.55685394611790118       0.47139582942815439     
  0.60861813950132237       0.57531507256218750       0.64599884334405200       0.60687641286362792       0.65808649105467143       0.63372537720819766       0.63570016770472126       0.67366671848955539       0.62346433364692411       0.63566010629188541       0.62681202005522674       0.57622376829467459       0.65773320672258295     
  0.83241984256506996       0.78415039505665318       0.74158457328788374       0.49364822735383995       0.32720864818568579       0.51801747068966919       0.29067349332270825       0.53785506505954295       0.97033754941466954       0.53889176131588556       0.55505999116031257       0.56973566550305133       0.48846100285316030     
  0.64250396860804670       0.59304890580346470       0.55149276974978345       0.73003669746895405       0.55708802950036096       0.61435828724393249       0.56924872191567588       0.71972547088664973       0.70470858003239401       0.63827418169702832       0.67593893364234925       0.63690482737849885       0.69951040469843495     
  0.83891183674781267       0.79198847774584524       0.75401969237764221       0.51012030901380678       0.33803160360666340       0.53181108222202256       0.30146505551179026       0.55312848329515185       0.97157834879721106       0.54488891941145501       0.56653751799270713       0.58223426473564277       0.50697503111301712     
  0.57821251039683763       0.64936753087247223       0.70715809432049059       0.64769320309522316       0.66336732374759266       0.60369625252576442       0.64142961285662736       0.76328744971527052       0.73151554782378825       0.62904262845476810       0.59829005627347465       0.61500378582926685       0.77509617428123356     
  0.84559063704628756       0.79902668823938461       0.76460437894035016       0.52675909329857185       0.34870213275832318       0.54562074767729019       0.31290555046924551       0.56911566603467534       0.97287981588530703       0.55063220074986263       0.57567228003600113       0.59618544387816130       0.52378008829679368     
  0.73377248257487560       0.66988027833462993       0.61191416989274772       0.67585626801448895       0.61426244244011985       0.60345442374963632       0.57684851535775772       0.64618218014125595       0.69470797630493675       0.59817049686543211       0.55662906524258859       0.60030292128327989       0.71447396815781239     
  0.85235623117939974       0.80741474619445130       0.77366854584068490       0.54337199707055073       0.35986813641613602       0.56123490685806421       0.32473421515153511       0.58597703441993731       0.97403726692380133       0.55636821898852917       0.58831745006450697       0.60876164947454658       0.53985258679282744     
  0.70854857995464404       0.62920813892523098       0.52676421407428231       0.70516395421032230       0.56702035912786375       0.75464575961581082       0.70123023929978756       0.76401565282617223       0.69897972681836662       0.77716085898156106       0.67547310292304030       0.63048702278003732       0.62401736045946421     
  0.85882959835567552       0.81524732330529659       0.78162282558623108       0.55942528716090245       0.37253550648527084       0.57782789752342434       0.33661029796531072       0.60303450677002279       0.97515076006052992       0.56205923558033033       0.60289202032386080       0.62183988860094419       0.55565533627201491     
  0.62949901835133437       0.55000459924473244       0.52120809418904235       0.59312765579631566       0.60066432955973936       0.63141711474056461       0.65616564084818807       0.64100637806765270       0.60243598207650850       0.72178940572052130       0.68502855048393885       0.65944592631106957       0.56463824993623268     
  0.86514629435058232       0.82275933591128714       0.78967557828026624       0.57517377866255159       0.38609732538577757       0.59450086913919387       0.35031597032851869       0.62017790930206662       0.97623404866843011       0.56743631255495164       0.61788294922308462       0.63465318782382973       0.57198174253327738     
  0.62835079874096988       0.62935068356338519       0.61490677774429991       0.70056162632908769       0.60216305063924402       0.76547891379978394       0.55923910748724703       0.76173948792563129       0.68702727250566165       0.69200321564606893       0.59374048994496831       0.70236961183195123       0.70831406413123843     
  0.87146439777591889       0.83008656123757762       0.79803061414462051       0.59106587308272829       0.39965980507233995       0.61084082396950545       0.36452795113187147       0.63661958376190286       0.97730230850734168       0.57274349912422928       0.63327832474210211       0.64642378322298832       0.58941405023165627     
  0.60650366570724201       0.61971801675507521       0.56768827103476349       0.64909738453278099       0.65333475240476069       0.69288415015510130       0.68928827166362727       0.61849562105257561       0.64032940091732893       0.66201607829475262       0.66373146173671416       0.68137187207357452       0.68128654197214844     
  0.87783498833633589       0.83749121518495584       0.80664627183569471       0.60745701582934575       0.41351159286352102       0.62720502209373219       0.38013857921454802       0.65133163934369076       0.97835046242338863       0.57816857406797639       0.64861848621342477       0.65859583621929663       0.60749165724940157     
  0.64863878336695813       0.72884625919930912       0.52506222044867779       0.66425160726576671       0.64368332347672164       0.69110903842096982       0.62227009820510670       0.72665372176924070       0.64524332011099894       0.55272217423209291       0.71638474138391006       0.69656480075903471       0.66449016832719232     
  0.88419523559544511       0.84515512347642385       0.81595666098701025       0.62479126951119801       0.42726656209017644       0.64405809613147835       0.39565848993709990       0.66627835587227668       0.97930666645164000       0.58371698318784881       0.66430384089015349       0.67144276986331419       0.62513780599181279     
  0.64651799521411379       0.70251817726616683       0.55483752066054193       0.62312862173994787       0.66439905635883290       0.62344409102461773       0.68775062767815232       0.60000324314342124       0.68367326318785349       0.58812124718384839       0.62231708814380560       0.61287418871072263       0.74955114961065405     
  0.89032724068404689       0.85298675440231464       0.82596833825390037       0.64260229224898746       0.44100634592216698       0.66146927815956202       0.41314556257288287       0.68229530016766793       0.98017431900420915       0.58934700470119183       0.68000573828969257       0.68420711859975036       0.64269692731898265     
  0.71643501843382773       0.68292501113492354       0.53717982895500027       0.70451469584457149       0.60712824296343559       0.67389642873495847       0.66435029318646177       0.69078241674750362       0.61034735955322839       0.58402960262234238       0.82790635822117964       0.63042704272981209       0.62566391350842099     
  0.89609476581319758       0.86041450609342018       0.83599114937626018       0.66022828348765805       0.45445739941707886       0.67952493570672567       0.42988316483509564       0.69626896474126365       0.98100514074968237       0.59508489804753784       0.69589818489735034       0.69866295351161789       0.65970201386338534     
  0.57263876884107823       0.65438601112939987       0.68685861395740722       0.67158118208711848       0.68501212132687406       0.71986193010642074       0.73354585463736821       0.64198586035359517       0.66795912741333352       0.60859425932778166       0.66147192022250145       0.66453623653146854       0.78668699167310696     
  0.90176727985198368       0.86746199680225444       0.84583989998695230       0.67736169887197029       0.47007652488165391       0.69636835083666471       0.44749244544484046       0.70789126738093733       0.98177254966248173       0.60063875758501228       0.71095962608672580       0.71415815331076482       0.67681766480261385     
  0.60593572007635232       0.62864825798118618       0.57787519021512246       0.67679985980770818       0.65946327034017072       0.71731534643196937       0.62121613100648954       0.56043219116762644       0.59961128444826239       0.62507323476271048       0.74154936113809322       0.67559070447606284       0.61875439557727407     
  0.90726332640189422       0.87405979721482374       0.85521697516047945       0.69592279999607953       0.48663148822075042       0.71137324533688862       0.46595571207413677       0.71965674841616079       0.98257092509353439       0.60682410462632619       0.72583864863693082       0.73214159338397311       0.69360990216060936     
  0.55313406958743394       0.68820934814521706       0.77735271627346003       0.63907690047083521       0.57342435240938661       0.63377590360357672       0.70204700066080006       0.56406990317453776       0.59593397294276318       0.62932375252915795       0.63317339345764834       0.60781481964515816       0.73241692194868213     
  0.91283658374278176       0.88011499341854171       0.86410449042492288       0.71525477956808547       0.50439548004122525       0.72681039523283719       0.48555018952457540       0.73194348465185100       0.98337086563206932       0.61343274705622863       0.74005389905103047       0.74776298911090056       0.70997105323341769     
  0.68373137697262609       0.71674897549014471       0.66821784287822228       0.63396371449754230       0.60975922660468251       0.64156046221658602       0.67030790151171304       0.66484429705717696       0.63683055153157175       0.71134440392992992       0.64596147357817357       0.66204385053674375       0.64450052545536651     
  0.91814261314834533       0.88623317729255091       0.87315486379632012       0.73420863704746220       0.52339345883442490       0.74147811603154823       0.50468669061045202       0.74372331784231616       0.98414977142448290       0.62045150377154468       0.75413958579701468       0.75866493329342932       0.72937529218555031     
  0.65377999455599900       0.63674618879249656       0.58273141237597204       0.64727212524393585       0.74672282890383190       0.62061344991269851       0.67127385817349139       0.58643976181855484       0.65399421490219034       0.66923432295423801       0.71294425276794104       0.59914206658830427       0.70320089077014947     
  0.92327993615279769       0.89219631595952387       0.88238671161327353       0.75194989277810109       0.54411866631779748       0.75672065541889943       0.52635113125465049       0.75642603181157109       0.98489728555571565       0.62805061338396428       0.77139945907954510       0.77295853432443407       0.74659507203078124     
  0.70698241557783847       0.62769411213728621       0.76241923933102995       0.71627274813266861       0.71683849184739212       0.71536337027880503       0.56368452115794521       0.64664385909691879       0.66120714346582576       0.68606847834698703       0.64632046066202631       0.59555368963131938       0.66522909670104735     
  0.92820940505435556       0.89821679959099732       0.89118201184724066       0.77040709582054179       0.56688815638610890       0.77441346949251266       0.54791053892049768       0.76983122870562526       0.98561121160649778       0.63624803061888813       0.78750332756828678       0.78738784306991472       0.76568345637564572     
  0.66949532608160878       0.66535875210894369       0.58525284261675325       0.70172944120165903       0.62497766754631900       0.75444035972375423       0.79685375987710572       0.57744135090700799       0.62424934855079717       0.64239835979627025       0.67450990530964872       0.60604833636673960       0.68561869192382785     
  0.93286276791210632       0.90379705693892110       0.89919500223904802       0.78968648137352537       0.58946134271997119       0.79116765696172853       0.57338019475631363       0.78408771518481390       0.98627571473735520       0.64591053890601879       0.80198295843386425       0.80064132422159229       0.78416455393083684     
  0.61140711694485383       0.70865964552094429       0.76477976742320219       0.80250451661794675       0.67045275967981677       0.78885201452747866       0.74087764712745019       0.61819075510271471       0.69800841320864881       0.73207591722445764       0.69131244700448868       0.59485170172639301       0.57233089577352769     
  0.93731756866151539       0.90944733368762043       0.90688236587584603       0.80899605989660417       0.61105125093529999       0.80803151440987664       0.59954836994374638       0.79686047913849978       0.98690850557410981       0.65684427581575711       0.81568748323969509       0.81449607289707149       0.80285791847455257     
  0.71535067903552463       0.75504559785218650       0.66848056750061391       0.76966413786014676       0.76048256456768770       0.67535114979265654       0.78866436946822249       0.68134670070861936       0.73164043975056159       0.75132886079256711       0.62897480806164041       0.64607118330789848       0.69713379746296467     
  0.94127032088274032       0.91544989164598201       0.91454809039058671       0.82732904631891724       0.63329370142105990       0.82489479143710243       0.62417159758455931       0.81171547103877117       0.98763420400191571       0.66715061938132658       0.82955924719627172       0.82872845376486126       0.82195640530343239     
  0.62129082262386148       0.68402068894569912       0.71606245181595540       0.80351897947520134       0.60362695846329462       0.58074087547329367       0.68927346235739306       0.69423790512327110       0.66525550830299973       0.77210495868710904       0.63373164177263952       0.63103942658436118       0.67599607605965262     
  0.94461037029487716       0.92156723280894215       0.92216152505384752       0.84503057690859651       0.65790681612981206       0.84137182718224157       0.65030360928953990       0.82537823849630532       0.98838093409603012       0.67621122742280426       0.84473754089760311       0.84429005146514147       0.84012820954249579     
  0.66141706102368203       0.62797575498030289       0.67566365323405697       0.65114437263929414       0.69045484923633804       0.69132395119984680       0.73940695790422328       0.61611589304888370       0.57135939552949244       0.66914870540985283       0.62074515131880470       0.61426464614642695       0.62439488057852666     
  0.94894550041438408       0.92816516233093294       0.92986533074789079       0.86231595197663891       0.68357693674318520       0.85752570229442304       0.67519192680922191       0.83936663797361977       0.98913788265561808       0.68586854116932827       0.86002520009950267       0.86022562117488754       0.85636313772534312     
  0.62440820982701750       0.82968070413501094       0.62065994641223177       0.77981324195681989       0.78045792849421702       0.72743641257723213       0.65515075206404605       0.64222536201071567       0.68355802493540097       0.66460861653918146       0.62543318088982847       0.65597649043491757       0.66008725590049744     
  0.95349656168328212       0.93475325106390383       0.93709107553764115       0.87805308260287718       0.71158147331314003       0.87353623398130598       0.69762120600181787       0.85367507629886441       0.98988932361088988       0.69635209899582995       0.87467359022667956       0.87540769867159152       0.87176215400467083     
  0.57499634152720724       0.73636336596649299       0.66143297064721107       0.67737820181039765       0.69498930653709756       0.74989564951866938       0.56845034417150986       0.60555510722134265       0.69683507832562575       0.65807198599599115       0.70829277568150895       0.60523552210230480       0.74668063359626136     
  0.95836445883890420       0.94125523136132883       0.94364916792762032       0.89398707302658142       0.74241086941372170       0.88834157351592336       0.72005356742418269       0.87007394799058102       0.99062751942082017       0.70665084500336228       0.88940224942244017       0.89018986733249783       0.88704703901486459     
  0.68745977881934339       0.65282876666825362       0.63100458658403002       0.72318856300007639       0.65222082508542423       0.58142636975783557       0.62327435084210570       0.60210205524882965       0.75500532567564371       0.65374897180203406       0.74882767363348290       0.56645923708359125       0.66434850757607089     
  0.96329016855001248       0.94767754297602180       0.95015768212903373       0.90629484629792767       0.76786468158219345       0.90302259668312324       0.74268986601262676       0.88781576440169629       0.99134244516923142       0.72085067476690068       0.90275059387518364       0.90512744013860968       0.90266474763222215     
  0.83421050840049682       0.70458746666019478       0.71387882332294395       0.76542868102193329       0.57440176893154204       0.62601100549606492       0.58366608271899323       0.51524815866377727       0.63709609138076773       0.70217705485136794       0.62119854828408749       0.66743423744973140       0.67462331574002476     
  0.96840419655606347       0.95375308638382861       0.95640614494754195       0.92021897536712149       0.79132011524397328       0.91720104049805207       0.77009605771056222       0.90510233047271893       0.99215261303197078       0.73573218527770967       0.91631796937461052       0.92006790491282342       0.91948501921821135     
  0.76360447161885681       0.62771853437825165       0.66418172767543004       0.62668237456094245       0.62788955889758458       0.66849908433970340       0.65998037007534505       0.70978664350332854       0.74828635142531064       0.61995608404929770       0.62462959201677060       0.60212282781306370       0.83434158226540867     
  0.97361789472355453       0.95981085879990846       0.96290640942313077       0.93587335661625048       0.82342287030980410       0.93125925182601133       0.79961657850370293       0.92160471501549657       0.99301949655057375       0.75432487909191859       0.92777735173257914       0.93579522644839463       0.93218794707204300     
  0.78502116354280249       0.60343086370911581       0.75391282156897810       0.64521169651116539       0.70127507074797779       0.68378384952619364       0.61993274912483542       0.67385346127852819       0.70443942264220338       0.80940945708952305       0.65697035667537318       0.62491702663922466       0.63726986141033615     
  0.97871537847364332       0.96613697996276748       0.97009791590884431       0.94888140474397709       0.85731176267729459       0.94561682817817461       0.82805595050671910       0.93892801119655434       0.99405974265008656       0.77515795212681426       0.94085565910923441       0.95072973622893919       0.94513467352584490     
  0.73107783613676058       0.74855609042984839       0.72573731808810826       0.73847531737600258       0.65622953438778542       0.65266997516094294       0.62915380031412338       0.67507332728743907       0.74315033851173384       0.71338663780851530       0.64560690927424336       0.64694757629417654       0.64160464380882298     
  0.98348629822311029       0.97335759975158964       0.97747733056444419       0.96145284466523095       0.89233493352819537       0.96031222296245577       0.86119728884960545       0.95258683410729461       0.99504886261860548       0.80520146509414303       0.95562157144437676       0.96357525435589497       0.95691697618517113     
  0.72039160528344282       0.71728497286018134       0.70590852609086707       0.53601774981585848       0.64671386746038961       0.62330205870726318       0.65383872434169255       0.70024804839024113       0.76769270536884182       0.68992577280395184       0.60320438568583634       0.58934808858562548       0.67822333350403008     
  0.98826819099036833       0.98241702930306207       0.98495552073044956       0.97444187673663274       0.92963491452503155       0.97461745579469461       0.89740986392083355       0.96557812916809727       0.99622828473415181       0.84779553410199471       0.97011426888433627       0.97557042672911864       0.96940414452180279     
  0.72644965831448571       0.74703949363376787       0.80016341101597022       0.64690114292962797       0.65058811489681145       0.65113391307134949       0.59410337277879954       0.70252750999997282       0.78669411408879708       0.60498462529413521       0.75592717900770923       0.63306334975891920       0.74400498412836658     
  0.99380429494636080       0.99115261809861843       0.99252813489426162       0.98724663314920591       0.96438097326333228       0.98782215470109735       0.94761291749766541       0.98295997147495418       0.99805853186518434       0.91482450087838674       0.98521200558053068       0.98816221199493026       0.98472853465335464     
  0.78165070039878470       0.74723632382772531       0.93357788465162705       0.67610450564684976       0.74952323670966448       0.65663812169203939       0.66500351456332207       0.65359506155164915       0.79910441204281812       0.56763583992730959       0.78832991591569124       0.65420158866663081       0.69154405790766627     
   1.0000000000000000        1.0000000000000000        1.0000000000000000        1.0000000000000000        1.0000000000000000        1.0000000000000000        1.0000000000000000        1.0000000000000000        1.0000000000000000        1.0000000000000000        1.0000000000000000        1.0000000000000000        1.0000000000000000     
  0.70024534003995187       0.75352893893483563       0.89080801136293719       0.63927205154878486       0.63494612223756397       0.54472417030069675       0.61430375961808981       0.65962506617830929       0.57289946727236285       0.67518739779989068       0.65914204169625357       0.81182630144770718       0.70809836198277587     
  -1.8937377044167389       -1.3657501710383828      -0.67181437010717771        10.347681874432300        6.3711966237887889        7.2543745536836104        9.6850119205463798        9.1754434864685503        0.0000000000000000        2.7007083377317382        5.3895580482361316        11.802503243094694        12.074462496352460     
   4.9985752554775331        2.8609516804506376        2.8770502437832910        4.0790877029218544        12.892995822130183        7.6798993259637562        7.5371242862056675        8.8807954228644164        7.2292197959587448        3.8300155684518802        5.5075164413466045        4.5619003844553525      -0.34369463178631254     
   8.1718975946391090        5.5351632587995718       -1.3542274528521596        14.491748532868563       -3.5191860423808876        16.973356607094917        15.218881865039021        7.9204187702873883        7.1993628851428646       -4.3331588867476616E-002   7.9038130402057911        10.999956054567203        11.845073336991019     
   3.9320671473260407        11.170745590306863        2.8850777752713723        9.2678898337720081        12.695657518817368        2.2464841437009406        7.2593362450976464        9.2841058848263742        6.6168097608605816        9.5817723316218260        10.424383604103999        6.9273594969972940        9.0194127843168435     
   8.4333510589004188        10.860911044725508        7.7958098666484750        9.2787350509922693        11.039132073861824        14.135222099359819        9.2912192281397061        13.084315266983756        4.4742270388214553        10.103648601735674        7.1609369231851483        12.148080802678978       0.38549079669185321     
  -5.9324345029812839        11.826995521964117        10.919859780950599        12.426581209169404        4.0654280141213386        8.1014034322121962       -7.1608297793024951        12.340706141207020        6.3386259261285662      -0.21051661743580313        9.5595829622519695        3.6123499620979769        5.9522436423440626     
   12.194818357896855        4.7641204779099695        6.8828140267884841        5.0915293857993191        1.7564463871584093       0.33767461626243200       -5.8251968238980263        3.7914307768037161        7.3551447463294872        17.025011719525352        7.8961644733340925        11.111943126803091        13.076646611160333     
   10.054776036162302       -4.1086144507949340        15.357773639944590        7.2684789615837255       -3.1809435409777973        8.4592682631671376        10.670294073765568        7.1830741587196787        7.4662052376022574        7.4603364121290294        10.481958050913681        5.1880004803825086        9.0388055625749359     
   2.4395092140377947E-004
           1           1           1           1           1           1           1           1           1           1           1           1           1
   1.7528640553879154E-004   9.3684369882064247E-005   2.2839748572382207E-007   6.5771714678633595        4.2331016916395163E-006   1.4133337320007239E-008
   2.5391686100906190E-006   1.7080595737624512E-006   3.8195605767294756E-007  0.39335143572051073        3.8156372855819970E-007   9.9511093805900078E-010
   1.6337997381761286E-002   8.9330613516908812     
