     
 Collinear #          30
 ME*wgt:
   0.0000000000000000        0.0000000000000000        4.8673088462128704E-021
   0.0000000000000000        0.0000000000000000        4.8673088462128704E-021
   0.0000000000000000        0.0000000000000000        4.8673088462128704E-021
   0.0000000000000000        0.0000000000000000        4.8673088462128704E-021
   0.0000000000000000        0.0000000000000000        4.8673088462128704E-021
   0.0000000000000000        0.0000000000000000        4.8673088462128704E-021
   0.0000000000000000        0.0000000000000000        4.8673088462128704E-021
   0.0000000000000000        0.0000000000000000        4.8673088462128704E-021
   0.0000000000000000        0.0000000000000000        4.8673088462128704E-021
   0.0000000000000000        0.0000000000000000        4.8673088462128704E-021
 wgt:
   1.0000000278144661        7.1741178621460638E-004   7.1741176626018122E-004
   1.0000000026660154        7.1741176817281197E-004   7.1741176626018122E-004
   1.0000000002654994        7.1741176645065364E-004   7.1741176626018122E-004
   1.0000000000265390        7.1741176627922068E-004   7.1741176626018122E-004
   1.0000000000026539        7.1741176626208508E-004   7.1741176626018122E-004
   1.0000000000002651        7.1741176626037139E-004   7.1741176626018122E-004
   1.0000000000000264        7.1741176626020019E-004   7.1741176626018122E-004
   1.0000000000000027        7.1741176626018306E-004   7.1741176626018122E-004
   1.0000000000000002        7.1741176626018133E-004   7.1741176626018122E-004
   1.0000000000000000        7.1741176626018122E-004   7.1741176626018122E-004
     
 Collinear #          19
 ME*wgt:
   0.0000000000000000        0.0000000000000000        7.5455654934472429E-023
   0.0000000000000000        0.0000000000000000        7.5455654934472429E-023
   0.0000000000000000        0.0000000000000000        7.5455654934472429E-023
   0.0000000000000000        0.0000000000000000        7.5455654934472429E-023
   0.0000000000000000        0.0000000000000000        7.5455654934472429E-023
   0.0000000000000000        0.0000000000000000        7.5455654934472429E-023
   0.0000000000000000        0.0000000000000000        7.5455654934472429E-023
   0.0000000000000000        0.0000000000000000        7.5455654934472429E-023
   0.0000000000000000        0.0000000000000000        7.5455654934472429E-023
   0.0000000000000000        0.0000000000000000        7.5455654934472429E-023
 wgt:
   1.0000000174243067        3.0642621576182404E-004   3.0642621042255980E-004
   1.0000000016701192        3.0642621093432805E-004   3.0642621042255980E-004
   1.0000000001663214        3.0642621047352505E-004   3.0642621042255980E-004
   1.0000000000166249        3.0642621042765414E-004   3.0642621042255980E-004
   1.0000000000016622        3.0642621042306916E-004   3.0642621042255980E-004
   1.0000000000001661        3.0642621042261070E-004   3.0642621042255980E-004
   1.0000000000000167        3.0642621042256489E-004   3.0642621042255980E-004
   1.0000000000000018        3.0642621042256034E-004   3.0642621042255980E-004
   1.0000000000000000        3.0642621042255980E-004   3.0642621042255980E-004
   1.0000000000000000        3.0642621042255980E-004   3.0642621042255980E-004
