   0.0000000000000000        0.0000000000000000        0.0000000000000000        0.0000000000000000        0.0000000000000000        0.0000000000000000        0.0000000000000000        0.0000000000000000        0.0000000000000000        0.0000000000000000        0.0000000000000000        0.0000000000000000        0.0000000000000000     
  0.16802721619367766       0.19812351551150353        1.4386726757805090E-003   2.2867526405435563E-002   1.5388055765257567E-002   2.1987803306494587E-002   1.2688517954806177E-002   1.7184189622136477E-002  0.50979392052382178       0.13457489447849502        7.3790311850609830E-002   1.4055774223504212E-002   1.5297662264993269E-002
  0.52483817803276633       0.55275583058359723       0.74466234353161420       0.51592078317493029       0.63647133833310365       0.63500679498999013       0.58592323745964647       0.65380595453610690       0.48393526713399238       0.52308699249684276       0.60387539497629794       0.58962861684567136       0.56553170046678869     
  0.25938382495566720       0.32173897851458816        2.8503572549523452E-003   4.6807296409181152E-002   3.0456504664868302E-002   4.4506999012314918E-002   2.5600665189930066E-002   3.4845052100316659E-002  0.74781884858223047       0.21702545920406197       0.12497003051741908        2.8253837541155978E-002   2.9855745761672568E-002
  0.68528319894202427       0.61853219637818457       0.85632844965897703       0.60641117472707051       0.78488266197401535       0.60733353005225676       0.64498130320437352       0.62049882856027749       0.89766129229467340       0.81258223304908772       0.68274005080738842       0.67321743873860240       0.60443960579760148     
  0.30826299106728100       0.36719561665162653        4.2845016918815343E-003   7.3237511024038665E-002   4.7582809952967375E-002   7.1163610473860994E-002   3.7966063682622730E-002   5.2206704064765040E-002  0.76997237368646199       0.23993042540724954       0.15664199770492074        4.1797678661744490E-002   4.4309429735464007E-002
  0.56486398486714973       0.58798018739553415       0.93905305446621357       0.80092032881439446       0.66410060872587140       0.86240519407891403       0.61597167025453847       0.63810907984224341       0.56787890118351636       0.54670584694272373       0.60250845188270941       0.76419006993762673       0.60719471273854553     
  0.34295146626153650       0.40462170774417816        5.8485911673515720E-003   9.8715948600969994E-002   6.4947936872395765E-002   9.5243437765511821E-002   5.0652338296748783E-002   6.9616322413276185E-002  0.79027918857332546       0.26032405423260452       0.18078919925704903        5.5619696351587977E-002   5.7393303307988044E-002
  0.60315395331932109       0.58118022635014388       0.65451177693467766       0.59044872408459304       0.63122252382007493       0.56791113970968998       0.52733572127938866       0.75398181752140681       0.68755636370603379       0.57387889395882974       0.59946116689364715       0.82451586957700984       0.55533440560802361     
  0.37091272809080328       0.43275279011484047        7.5884326162178736E-003  0.12392810120435958        8.2180063512563808E-002  0.11588518346601952        6.3559560290346470E-002   8.7432815562461866E-002  0.80771988082256185       0.27456558941270831       0.19967714735734199        7.0353693301613909E-002   7.1082053625079952E-002
  0.55103244390263018       0.59935944611236447       0.73954777413500172       0.67218517891699947       0.61837260846386011       0.52717688056873335       0.55937720472821151       0.74204879281837433       0.64215505969547115       0.53524456586834024       0.70009670147314051       0.71373147699641881       0.63904761735182947     
  0.39440075270778707       0.45650058585984182        9.3222365346537009E-003  0.14805420705325895        9.9462897779293138E-002  0.13601145345355378        7.8039644350948623E-002  0.10530915914278804       0.82230321706112275       0.28984737948374084       0.21367443653268381        8.5750200535412643E-002   8.4789317158910096E-002
  0.63137089198439711       0.52531153735128344       0.62598087804973468       0.55573613709696124       0.58635461461595006       0.51622725805093472       0.58036658063117108       0.75193437286146314       0.64412133124777049       0.57030858933485284       0.54584171990277053       0.74161618699974818       0.63590727560260940     
  0.41624232394638760       0.47816149540404390        1.1268734205811022E-002  0.17225332064327764       0.11379090434402435       0.15693547013251266        9.3819296424385482E-002  0.12283087721941485       0.83401827805914130       0.30442089978189857       0.22775302268939146       0.10096166157224228        9.9087002410744335E-002
  0.56788629604954077       0.53488469627970503       0.60422478272834568       0.59464695258858014       0.58866893541969512       0.58013745968340358       0.55482641122693599       0.53246743518490292       0.65929876325232795       0.59363452816598261       0.65953193667852728       0.67843139641911299       0.67956835849036712     
  0.43690165139395781       0.49793028451997012        1.3357598919592404E-002  0.19698666185565677       0.12801639379778418       0.17782069406834616       0.10863520666902850       0.13980372736731106       0.84369811686913510       0.31854098731940322       0.24067689720914662       0.11546935987492225       0.11478223183971413     
  0.60593900905035614       0.60893038623259033       0.83445954776707310       0.59897940051804632       0.59952640957252723       0.63707162511225912       0.55413508148171509       0.63663981781417089       0.63473081674054588       0.64128280165695084       0.58992752552105865       0.72821028759186635       0.57677146375790267     
  0.45526645531927040       0.51687345480416946        1.5426851666556706E-002  0.22101655677354362       0.14229727945304380       0.19873764742372843       0.12443536748483686       0.15594855850086825       0.85181486905001569       0.33196464311767587       0.25322197437966110       0.12974633879096989       0.13150543473387435     
  0.60067035408173786       0.64352618529606265       0.72354047039489688       0.58708276870335974       0.70110921601059262       0.63486482519479415       0.64564711289786658       0.56306118243718872       0.71666912096125479       0.63461334997691488       0.64020779349362800       0.81884035130411770       0.67714222383015987     
  0.47145061621429740       0.53617619131337491        1.7907327717024923E-002  0.24344248985808498       0.15740429960070570       0.21975511457050259       0.14045565131363782       0.17088825357438631       0.85842080794776099       0.34384407252830329       0.26575829027276932       0.14286023352121788       0.14815736835887955     
  0.61978802815245215       0.67546830361615617       0.71397172275722898       0.54953905279144555       0.61879894990227446       0.70932691243039436       0.56758976979293396       0.52250923642623581       0.60540474910132369       0.60357828972074679       0.69912577404578680       0.63987733954820647       0.64443477238774205     
  0.48671268095243120       0.55431552325928979        2.0567067461238445E-002  0.26442844791286924       0.17283090037934751       0.23949891779905136       0.15469456503323842       0.18484750929805210       0.86423959414598295       0.35468190921017329       0.27784208739890631       0.15659203413634576       0.16418576230139961     
  0.65535437038056221       0.66108497306965242       0.75883879300143142       0.59422966526398102       0.58594110829357837       0.65233754850109804       0.59060843040212463       0.53293669875825045       0.54960897686305110       0.69984997392499004       0.67594221186362202       0.81046901381562675       0.58622277761217345     
  0.50290985694979962       0.57186824069604769        2.3500211062084851E-002  0.28472911420976416       0.18970372222397278       0.25852568024764888       0.16920550432001263       0.20120400906079403       0.86932652268154165       0.36431670911445896       0.28949471726002235       0.17117108584852730       0.18094765353482226     
  0.58728641151087624       0.63601125370207434       0.78899682282089922       0.73457731811543103       0.68081342555164148       0.61495766831464072       0.78918960363905444       0.74047019646718693       0.58676203625560441       0.53696308787665259       0.67304585577259490       0.81364338186143670       0.62133764017754167     
  0.51902910643511735       0.58722779991839480        2.6786405746433924E-002  0.30354957088110007       0.20651917594372002       0.27899864703720723       0.18394429146930302       0.22021947946152587       0.87417957999868268       0.37309757298360802       0.30054280920702053       0.18576327515805871       0.19879455930475223     
  0.60593930068038881       0.55723594554114719       0.63088276291850731       0.65045088857724565       0.65285786747042163       0.69093255152849553       0.59911386203473771       0.61894859627673249       0.51511707414681418       0.68204321002857982       0.63603388236656000       0.61073464181697235       0.78630834967745389     
  0.53339675253512908       0.60210768317382779        3.0209745253232806E-002  0.32138645227448936       0.22259924821696775       0.30000169469474269       0.19986982272351683       0.23903429479814556       0.87888812456638155       0.38160806074062248       0.31122513058612727       0.19999008063192764       0.21664856140979846     
  0.69191423228366267       0.65290765978063559       0.72426219677993697       0.57658169919229929       0.66814859994504683       0.58042270707699328       0.58951027912544096       0.67455754002299073       0.54535291532610941       0.61011435352318533       0.68709592299428046       0.60817683553587853       0.60956106024945877     
  0.54669398605769226       0.61522242401172567        3.3776417013448468E-002  0.33982581397193462       0.23850799955668728       0.32171455036763691       0.21585552568611988       0.25745411478874208       0.88364765740690221       0.39023059556602963       0.32233792136742601       0.21346981877837651       0.23536417709051949     
  0.59997273314392374       0.58191523360345776       0.73761253587069264       0.57853261969398495       0.59355858524780536       0.64100245775063391       0.76824250613339184       0.67508960522880757       0.60359855725873368       0.59956180280690197       0.64190843044764079       0.52017019161575584       0.62417992829474755     
  0.55989277730349785       0.62767460021213028        3.7601779243076325E-002  0.35847314997910079       0.25452143916630637       0.34260098846410092       0.23081440141172230       0.27529571046722123       0.88833068860752396       0.39927874267582980       0.33413889620646559       0.22697695437208334       0.25317467133441873     
  0.64482631864178075       0.69212920439083303       0.54692558813669856       0.59213839223367459       0.62034553264891545       0.55085878920497566       0.59992126526272982       0.68016229765970282       0.60120732215320649       0.76964993990841468       0.66789037514833927       0.65875003200812743       0.60488787298779179     
  0.57312059399265336       0.63927458524039482        4.1958896383301705E-002  0.37653175043439230       0.26924437832763765       0.36392779534495417       0.24467408648479738       0.29185183140918303       0.89269230533413713       0.40817193492764448       0.34621765538032784       0.24019712348488917       0.27036220089749530     
  0.63133181677589234       0.71503863685687463       0.56349825302844514       0.65205006143684574       0.69019787382721254       0.64417220501872496       0.56847906880011345       0.62357962367465802       0.58480724033032416       0.53120490918235541       0.62796346458380814       0.66848083747788545       0.73768385545405180     
  0.58584264108338413       0.65013622160027595        4.7086791652685811E-002  0.39461219616474291       0.28456048580816490       0.38503168885597094       0.25897162942410584       0.30676423795076291       0.89676326295500752       0.41616203531150020       0.35808726383454270       0.25410949519652831       0.28877488451672684     
  0.66532568624327548       0.62157136091304055       0.64143441682618996       0.56534917598596679       0.61167923905915611       0.70303006570284055       0.55522081766687903       0.73209280868949000       0.61877271685023150       0.69318422734978358       0.62528887705745473       0.65622012980202371       0.75204159456316166     
  0.59738721078453572       0.66055705395374320        5.2116071418085927E-002  0.41332214631007164       0.29791368722285899       0.40854872523183006       0.27362976910249354       0.32061259464735914       0.90055966506319474       0.42372852475986345       0.37002542495484320       0.26918028952354722       0.30781218088594148     
  0.57125463728388981       0.59902495169517833       0.59898313032311723       0.58911914788112896       0.64467083331293673       0.66337694981999829       0.64482748304594495       0.60253374319350528       0.63451699230589020       0.63358156377781527       0.69612376568486289       0.63485732543495321       0.64901792972104488     
  0.60857864540886675       0.67095476581817926        5.7455012215222610E-002  0.43175503303315627       0.31219148373792760       0.43064391604940772       0.28888676406838248       0.33413132945339657       0.90406238832622166       0.43145821610450835       0.38295448393930454       0.28459335572209415       0.32728243897859471     
  0.56949136949014645       0.64239619870723308       0.62423220443769223       0.63122031368480969       0.59522141341987178       0.65287580205654772       0.64774619347721651       0.64044768315096423       0.58463220819463224       0.72113334231805237       0.53769293225795600       0.64551402556550730       0.69629840501642071     
  0.61965277414388320       0.68171634052488383        6.3255794135816390E-002  0.45027780396325351       0.32769729255140867       0.44808657966947851       0.30498118190079260       0.34819414948839050       0.90736209316442107       0.43941053051597179       0.39700329700687664       0.29663155280119335       0.34726792463308337     
  0.67933903871720469       0.65655116431021932       0.64519190187378361       0.59436752524352254       0.59634575458936934       0.60276285968042220       0.59692887900184899       0.56384043174003740       0.53754439365889006       0.61720647093475955       0.84273540215630738       0.63178315217774850       0.75586323865831961     
  0.63062879575766895       0.69280947271417481        6.9273740515945051E-002  0.46847037752072590       0.34294959700643807       0.46650828560650193       0.32198537552989781       0.36416143373588988       0.91050554766834524       0.44732087207505272       0.41108419089629422       0.30972015109666945       0.36598819655617154     
  0.62962481665013648       0.70777020678486779       0.69582724753967884       0.66715342218807894       0.62639355055925805       0.72825065050215365       0.59774216031652883       0.62496707052083034       0.61698543009319484       0.64550821897370125       0.68710441043529069       0.59376193308411196       0.64691363734597640     
  0.64130119563931887       0.70396153756685054        7.5702066046009667E-002  0.48652241289509329       0.35824143602955916       0.48611062245532666       0.33982532213432792       0.37950386140077275       0.91367099722057632       0.45465545411748365       0.42429186701556959       0.32334541773218339       0.38300693616708176     
  0.61129506069253203       0.66527514242812602       0.55172412593804310       0.76992475305190800       0.73991727286088493       0.68102668935195276       0.64721586365253303       0.57836922307743188       0.62029078682494254       0.71620950346256540       0.62496570869330392       0.64172454918171007       0.59434973330627727     
  0.65131162996733549       0.71432030521550149        8.2284248923348791E-002  0.50516001792572229       0.37225044746949565       0.50423399447572170       0.35730774842331137       0.39447567105049874       0.91681910236646635       0.46155768880254078       0.43716610784713383       0.33707229824339086       0.39920181595344600     
  0.61161473606549877       0.62088626753961507       0.57102771524246809       0.67305803876657266       0.63493708043569974       0.60460860427253083       0.69238728061051724       0.60317093771679242       0.65626121412485727       0.68329193593252924       0.59073152931610651       0.70709337045978293       0.65563864724016918     
  0.66119053895945878       0.72387799765789751        8.9688137319408071E-002  0.52310988268451586       0.38604535650101746       0.52075575986142797       0.37397281706032037       0.40755022226001258       0.91987080741888361       0.46875653400909667       0.44964194251293899       0.35195444028581824       0.41548577328287667     
  0.56435779596546132       0.63780870676926282       0.64607325968753460       0.55481102915777036       0.60133474879885251       0.61012652360010766       0.64232043078506085       0.57034670379606744       0.58814608381333455       0.69807272409014043       0.51749771298532998       0.55200640584292360       0.75772520960124701     
  0.67026463459485208       0.73276369893928461        9.7675243758199345E-002  0.53990442749970857       0.39937488929645620       0.53734423761111105       0.39065636547246291       0.42070591667302398       0.92287835596458656       0.47614961513925486       0.46303718604043015       0.36675435958146346       0.43046765207615745     
  0.61479618176904072       0.62290122206961951       0.63370365676709428       0.61706755000285074       0.63824198975018531       0.54813780801611489       0.68613187580665436       0.65497798824333253       0.70171310865152359       0.72937797222322831       0.57748114809757822       0.56084231472470003       0.61611411496252400     
  0.67899048922474337       0.74105125995619092       0.10660518513089254       0.55645415819390220       0.41433052402860199       0.55352651419247079       0.40846942201954761       0.43609698415278370       0.92567599275966062       0.48400275580263241       0.47769629867908764       0.38111837453032460       0.44475665400066350     
  0.59701940917010043       0.62051623383020238       0.60434399989441112       0.64014556704233727       0.59525543361259070       0.65512766768483000       0.59304417274140608       0.61543353561539216       0.67355859170104004       0.71130891295667387       0.73417539397978393       0.57351787687774880       0.52820553768196499     
  0.68772081380561778       0.74963345910246881       0.11583147937294636       0.57233904824613002       0.42994419502015596       0.57021195760127030       0.42701152519863200       0.45132700823060973       0.92802876096796538       0.49139221302514779       0.49252896746307273       0.39608108564122479       0.46050270162416118     
  0.50674054806803404       0.58315149639134611       0.56635462635441713       0.57083697084497786       0.60704449132170313       0.55896474771713178       0.83219527614014921       0.58839348344128051       0.55096222023888564       0.67850650661020273       0.92453980820278892       0.58877592498679376       0.64928596268856653     
  0.69678635568104197       0.75848726010998602       0.12787389785011710       0.58842199135450590       0.44648271835728909       0.58905980689787873       0.44682980305754721       0.46695505073806864       0.93046672558679422       0.49842512551158602       0.50868559085130161       0.41176336701221589       0.47536586783799523     
  0.72742341816573097       0.60070293460136492       0.67893064937309056       0.64533440555250632       0.64328893971605627       0.82747968453798670       0.64586759203721122       0.60782823083299375       0.62348481168481384       0.57688539388447224       0.64061894960548138       0.73096483701333403       0.61096070122982338     
  0.70568679832336489       0.76736083632410101       0.13967613489475755       0.60437707162357646       0.46261236974771602       0.60746145759448655       0.46628424535525309       0.48250104637188285       0.93280870167298036       0.50556069201783926       0.52385111013509367       0.42829289686966682       0.48825394833431707     
  0.74158767549258420       0.63896071163690604       0.70390118222345688       0.60538943727105921       0.67641401904967324       0.67436041630011878       0.81429572268902073       0.62115736665245735       0.58646430231935753       0.57721584736466380       0.59381002562883201       0.58295453754104709       0.56252187606229243     
  0.71447912156179183       0.77606852168649076       0.15185509394533125       0.62070696328942032       0.47867812164265217       0.62344061648852300       0.48237327908550054       0.49850222779461723       0.93512476403493927       0.51256948548821946       0.53841147518898147       0.44398420672317107       0.50292742124684287     
  0.55193447285330266       0.74131830115819841       0.61970900411333840       0.63573251101531136       0.63710132303567191       0.75725839370471126       0.57390789187436397       0.62268909574759035       0.64648165685580217       0.61549818632581643       0.55555485777022207       0.55460554712188237       0.60198242248413192     
  0.72258139458445703       0.78417849093946412       0.16378192223446433       0.63772442342716851       0.49515345252139453       0.64110432434879017       0.49959625956610426       0.51487945374934596       0.93728188241518373       0.51932247769661299       0.55413677332031364       0.45900958444753998       0.51734991736906255     
  0.61620691703933028       0.57784521290919588       0.59041377981224941       0.64251926307489282       0.53862067932008040       0.72135746760021169       0.61295570288744583       0.65408255253410719       0.64638405897442619       0.67508693055096314       0.53257743936472457       0.62299887932762243       0.54752649328715652     
  0.73039261143364587       0.79190474597414628       0.17589062224211857       0.65353022596696453       0.51074906818303967       0.65712926616965084       0.51611553314222647       0.53149269833647039       0.93940286923304328       0.52606867681146563       0.56856976193643749       0.47359847479671219       0.53296978285395491     
  0.55286023733036005       0.66889381718572161       0.56361438604152336       0.65637129792145399       0.61763315198216728       0.70455514231699612       0.67560644407320458       0.58483485295878035       0.58986304220722008       0.61043139253965462       0.59302346521994065       0.56411852757740910       0.67853004773181358     
  0.73929738412437329       0.79955110050443123       0.18805370925897394       0.66778038145899210       0.52595303714579045       0.67228439968123221       0.53210643524136403       0.54837656819446079       0.94144469484975968       0.53288829127742854       0.58242949425074619       0.48833621122821613       0.54932217560776520     
  0.61777392077342363       0.65117228122912652       0.56304788572854914       0.62163902368065249       0.56724073982284973       0.62769095707043920       0.54665612718392576       0.66261699926866402       0.64252118525239832       0.52468882602753886       0.57282343201538122       0.58073420653594543       0.68399252776701336     
  0.74770873459730847       0.80631168503894390       0.20065191447796593       0.68188328686534128       0.54112473880299639       0.68721468301727595       0.54781647486343332       0.56542062853772357       0.94344686563254443       0.53970497456061994       0.60208874124112877       0.50358604556234654       0.56560961980695490     
  0.65201405769436016       0.59417778312766878       0.57419568372381913       0.64612116537440512       0.61792348807009700       0.62397669118343868       0.68338426775130967       0.82122715193521068       0.65973502828916375       0.54847792595837574       0.81828422219863250       0.55212500569720857       0.64737667709217339     
  0.75528642873896590       0.81313032752781278       0.21352485222746034       0.69600045466281601       0.55554291766643082       0.70142524880808987       0.56095277699821311       0.58263878773819333       0.94552583354254927       0.54644376963691466       0.62233334664988860       0.51941980491524486       0.58142977813078489     
  0.62499347992837628       0.62033408353607655       0.59774069907005678       0.68601946707747763       0.64415915261235679       0.63091282041438546       0.65619762535797910       0.68633558471981815       0.58673457459591982       0.55874708374715765       0.66744850712269232       0.57738081571558519       0.59775286625993873     
  0.76301131658350674       0.81991724670238986       0.22742514028083111       0.70971335542333969       0.56930827056263700       0.71424448409953534       0.57518411944729264       0.60006582506375650       0.94757979967609518       0.55308682620306349       0.64062547310728413       0.53575481939654701       0.59625631217309438     
  0.60755362547498493       0.60091116015416612       0.64382384357439737       0.59033006330689231       0.59381787181100421       0.65816750819160341       0.73545941577694474       0.71325355207687879       0.61932687716478463       0.63104641776252934       0.54821077226561932       0.65273621435705731       0.73927667179045364     
  0.77106590354322979       0.82705518147667345       0.24350947217183688       0.72324266114846303       0.58323361943054142       0.72695809674502199       0.59022950300599863       0.61700657878463294       0.94957156416455579       0.55947153505820357       0.65861854410929377       0.55259720250926514       0.61123855572349628     
  0.66293108910442422       0.70617183531092220       0.60127179323480895       0.73464393296956487       0.61759084036581380       0.61811678984423757       0.56524683230664940       0.60847278759841306       0.59931958626551163       0.59096559377454971       0.66262788421948882       0.62069989890084953       0.57313058756265756     
  0.77936576476464814       0.83390568459561953       0.26062432724065826       0.73696031132144924       0.59789096976692380       0.73876047421347868       0.60607240520738392       0.63314716157085504       0.95143929253195902       0.56549284440991521       0.67589623550392530       0.56989562413410022       0.62621050495858632     
  0.62393702839206422       0.67669705708763539       0.55428689350357818       0.64914031602655153       0.58831231515941995       0.57736099453332435       0.60696899507430069       0.61593452505305413       0.61805163711514777       0.73465242346494763       0.66274876162078233       0.60969701565929058       0.53305416470523348     
  0.78747355365049476       0.84094436481868795       0.27874183853349527       0.75018875990526401       0.61252039293700911       0.75063106756018738       0.62080322901449536       0.64954287586548687       0.95313159160948091       0.57179243616310649       0.69238860159117888       0.58609959973403569       0.64099422420136565     
  0.67076207688584044       0.67847191051449651       0.60956194419829490       0.61581798956763489       0.63246084530481672       0.55882440710131809       0.71086294712681997       0.63075630190068444       0.60962514954024050       0.72711338102395329       0.61568295777234405       0.58401547527057640       0.61248530451030025     
  0.79550599457041393       0.84760468138321232       0.29707280273861042       0.76286083376311975       0.62786114861158615       0.76201309307986953       0.63586607376154725       0.66712641889870739       0.95473749298462096       0.57912860077178874       0.70839307594520395       0.60123564232824545       0.65655025069867501     
  0.67899919041097834       0.60962430571325210       0.50970099472687880       0.60271700705655873       0.56609495927411191       0.56959141389893020       0.63901146541416387       0.66531772098196207       0.61583700723244506       0.57748288451321528       0.54136703210303261       0.61179325939636564       0.62929548694014137     
  0.80368235481464323       0.85472444812994963       0.31636805644314886       0.77464204400322367       0.64397655518726005       0.77217279605978095       0.65188996717549375       0.68480692179129454       0.95632066059744103       0.58612495671571974       0.72533390287766197       0.61563408665196795       0.67260806253071537     
  0.60953347969636762       0.60400391606744386       0.57002225969188292       0.61407625417343292       0.69687736011830093       0.62362606813762034       0.61955193110269779       0.57526353902440730       0.53839321707972820       0.60832664109381451       0.59006863379744812       0.61187285381633583       0.62518865874074803     
  0.81218114034460498       0.86140328282458456       0.33602471294770953       0.78598485325506851       0.66052614929271580       0.78136631166118109       0.66750934319159794       0.70048665713297109       0.95809589575559562       0.59341390430066376       0.74188672896797170       0.62929659793036308       0.68936055896634285     
  0.73617719808161053       0.56861785050202263       0.54490062908521741       0.70679492163063629       0.66948057775732484       0.58808497674135118       0.66031203022285723       0.64438841924106161       0.67562816628083644       0.60355054714377299       0.72728855198404341       0.55262726422624919       0.57637575105770422     
  0.82109369068063220       0.86818070241132095       0.35670130124316013       0.79770375611124911       0.67637035123094724       0.79190791357401225       0.68299893818646662       0.71587740661843369       0.95997346586621912       0.60047454837469683       0.75673968956451543       0.64319442585977038       0.70615291700994010     
  0.64547222297491658       0.63173927768824312       0.59081351243241653       0.66114511387720032       0.54071355962040124       0.60813361574092561       0.71649578311574624       0.62276064542277054       0.62585238006676602       0.69514591647327562       0.59684743776836124       0.64969271477811308       0.68474870570300139     
  0.82859423623014672       0.87497038734049237       0.37756025423946105       0.81015761093375849       0.69397154672079564       0.80261972323100694       0.69934183600421995       0.73034581654641140       0.96176811494140613       0.60772716887100042       0.77168345779246006       0.65744646880761626       0.72221778817157922     
  0.68468565095400380       0.66492245955719498       0.54267234981804591       0.69216754176781148       0.73969176160786465       0.52351694667022852       0.62743093869668909       0.64816276556467067       0.82511715430994759       0.64165046628413058       0.60538655735977298       0.65632930694415781       0.66627268211299673     
  0.83584258860033944       0.88180638977051806       0.40022524407172722       0.82303355265403322       0.70993021205154139       0.81290295262206835       0.71316952870924544       0.74421224660400875       0.96351749109717921       0.61537405422031644       0.78727360565946924       0.67173191513758679       0.73824562481347455     
  0.64101740087728065       0.66006048400206929       0.64815886440261994       0.64878732720987620       0.61834608140659897       0.56379703054026686       0.56981972749008514       0.53881269904881546       0.60827078028500858       0.55303437213186901       0.59585353725023527       0.62461743029508421       0.58977078806827765     
  0.84271965671890547       0.88869439615172363       0.42492088609254214       0.83484442065322007       0.72560854479056924       0.82378137586713696       0.72679230633562997       0.75783364874329562       0.96523939264015624       0.62362052836606463       0.80252681839240092       0.68625452184470537       0.75467341116135012     
  0.56086159516534495       0.70459657736819514       0.56787890118351636       0.60480541347210504       0.66264728541050921       0.62158492157341394       0.53616072537568549       0.58842973454024750       0.71701858530380491       0.68177849522455325       0.55130905689373777       0.61959515215843397       0.58130140108298001     
  0.84927693436527418       0.89551043223765792       0.45058106963090117       0.84557484972148778       0.74103682796422254       0.83441814256975444       0.74169901808508698       0.77151414620475978       0.96682470967594081       0.63226530015938054       0.81720933674304752       0.70152500440092069       0.77110488640858876     
  0.60164621043173938       0.66228543576320797       0.60668466074402749       0.63520789095137209       0.63285804047155092       0.53824302208451558       0.59479469905425419       0.64036064347630195       0.63951244260002849       0.71650607954585943       0.53298585230941808       0.80635487363878278       0.56186489855556476     
  0.85737083992038954       0.90201206472406026       0.47640548007293926       0.85505998308953268       0.75606415118022141       0.84416620046863844       0.75506793095694680       0.78545871653220578       0.96833590812954939       0.64115619445379191       0.83134526310485979       0.71828495226252143       0.78603101206538561     
  0.77538295149540215       0.68467933253368873       0.69272952331455351       0.67058629617813581       0.53545987081363045       0.62630598203612509       0.54827115019905526       0.63321896283333057       0.76913761866044661       0.68785634114794147       0.67383454027205270       0.62882867386394159       0.59460969613605452     
  0.86568084161095504       0.90825673366073700       0.50257927121648971       0.86423684360370623       0.77116093962749388       0.85401496699738033       0.76784482827552381       0.80011967735578915       0.96967656204684172       0.65024129701979416       0.84523230657486503       0.73744084600038706       0.79971255369189032     
  0.76779439641298974       0.66563795650051250       0.53427724571062618       0.54826674169722289       0.66963280394840774       0.56092166548658451       0.57103059975345138       0.61809940809605679       0.63692202753477156       0.74910468665326346       0.66399394428597369       0.63080373709393689       0.58794870449449210     
  0.87297989922448604       0.91441403179901204       0.53117707942397152       0.87426470908383935       0.78591915391630163       0.86374819736080521       0.78193385902698320       0.81499528438252722       0.97108961679052852       0.65935966095052989       0.85880665974210557       0.75910864871624217       0.81312006619485422     
  0.68676525886274242       0.74656372218314648       0.60140953233419492       0.55606225024712819       0.68425726665576347       0.70948239354908060       0.63380655260965935       0.61868551563990792       0.63972106994084854       0.62731607237569587       0.56161733316293705       0.54454095747873821       0.56455283741041840     
  0.87938348935354094       0.92020982071734592       0.56387605191069057       0.88492245102657108       0.80023444932776489       0.87469148013609777       0.79662325828362657       0.82990845727290619       0.97250758976231866       0.66840783408447557       0.87193228310408544       0.77776779198597168       0.82609696019326095     
  0.61737959099834405       0.71588784737157340       0.60375557276209424       0.61863392548624885       0.64394336426680654       0.66211781491696797       0.66054503617628801       0.66007644633987561       0.67660146111469299       0.59628725508985148       0.66457685226710750       0.61318808995339591       0.59433338936172242     
  0.88599561564260276       0.92596140067450861       0.60027754899658803       0.89650308227279552       0.81713192120418943       0.88588592794274046       0.81181470269393285       0.84373284889721678       0.97406937859455234       0.67805983327403052       0.88497802124488856       0.79491564599629383       0.83885271516353621     
  0.54898439381093922       0.60620200283858527       0.65817355896855101       0.62183741384416391       0.66250761898021204       0.65135534690065933       0.69251850843506069       0.55096632375061338       0.70418131256109950       0.65562717252855807       0.72837561106212689       0.65003604031396134       0.69182531497221822     
  0.89256773863753458       0.93210491172180854       0.63785933721324428       0.90864120827105510       0.83454799923589318       0.89730493669933820       0.82685513295649837       0.85696375661806934       0.97573761369060796       0.68848466499454952       0.89767728074507591       0.81162184719088615       0.85348477176287274     
  0.63038328525456100       0.69063223416048181       0.62190208304905492       0.65858912471842301       0.62922204012558702       0.67821385246946053       0.64719583397591196       0.64827612194812323       0.74599406706097526       0.68764480829326580       0.61687975136473261       0.54108478077053090       0.51643089185396651     
  0.89926035577280472       0.93793086166937567       0.67786229554078703       0.91947046517701569       0.85242651966318483       0.90857544445215199       0.84314091310804706       0.87138479960956039       0.97737187304995576       0.70027537554986552       0.91088004844685511       0.82973192244943117       0.87027833399448340     
  0.61245553740913228       0.59609862774787414       0.60133055077528252       0.63299390966030988       0.63473208529728198       0.69606592152998270       0.62559562804009783       0.65787450361308153       0.69177707656946774       0.75145020792046080       0.70040579475911213       0.56142791550584492       0.69010139801423265     
  0.90663609422192848       0.94307773566800179       0.71536512656174067       0.92876673349247041       0.86815212910225459       0.91935147387682303       0.86051738715597614       0.88685929808870945       0.97896056349108096       0.71331869664532510       0.92323876239308023       0.84664972506819547       0.88628960247861888     
  0.62192072735032145       0.67620361935189555       0.57598539291751583       0.80152176668386477       0.68085839842469442       0.66453386107550394       0.73072618155098468       0.63555684376182753       0.58623973010924990       0.70559718768089896       0.73932783239079314       0.64757833498516715       0.58708139628092815     
  0.91437232814525748       0.94818498306956356       0.75283500946500426       0.93792781637211331       0.88469739816189719       0.92997438698248180       0.87843432796454057       0.90042052146079132       0.98064440127015962       0.72722629460328503       0.93375029295568679       0.86525640415027194       0.90246128806509884     
  0.66194608234508368       0.61570054968300636       0.66452310155486727       0.61658474491279358       0.68373815991861142       0.56605153076166403       0.65033415705626896       0.58841035627660154       0.61047748858468642       0.63616026751050858       0.66661694655398662       0.53331705590820078       0.59720986547572574     
  0.92205351561997639       0.95391340283771375       0.78377854567375294       0.94679851659440706       0.90172068806930861       0.94055610718285299       0.89598442959189029       0.91463876102045139       0.98231529692164254       0.74305366239933546       0.94422767450473966       0.88516108840549745       0.91802347621528080     
  0.68456379149813251       0.55741993011234114       0.67218856941842076       0.62191775427185314       0.64483686960583453       0.64989918023670923       0.70566582079693529       0.63867833340542346       0.68727285308870389       0.73349791116629626       0.61791917072662395       0.69581254270114479       0.71710673810914161     
  0.92955627417804476       0.95988407274534848       0.81355427607632158       0.95541692555441315       0.91836329577241871       0.95118498075846825       0.91333155776938568       0.92917450712146843       0.98399248242617876       0.75970528647473390       0.95433704785800000       0.90351103579078540       0.93242250759975387     
  0.63779489085908880       0.67587095722512869       0.58306962238752347       0.59604303691002436       0.62774566898982676       0.65237008458939572       0.69736037106604709       0.60298000892163772       0.68347586798512761       0.55992316733688596       0.55110783594517831       0.58017265913933413       0.67165544633854690     
  0.93738144848223071       0.96551925091923352       0.84675407905776823       0.96494438177984154       0.93473896095025555       0.96145865771814443       0.93103671012478972       0.94465027887230968       0.98609533339672739       0.78006396828331470       0.96477619624731603       0.91984382409128462       0.94640919760740816     
  0.59936607294006861       0.55515060600468680       0.65965888087370506       0.63159064690541911       0.60838824285475224       0.60700992973151635       0.73518316050265553       0.70064811368309743       0.67392247576343511       0.52161471974742668       0.59523780687383654       0.56444818427950971       0.62731209036289859     
  0.94864551494480653       0.97090381800155534       0.88712472020866684       0.97437495998100576       0.95075304039467323       0.97037388116988499       0.94912139771100290       0.95906267293971503       0.98851023157810425       0.80247890860220616       0.97380632012210100       0.94158165108952541       0.95966021552056191     
  0.76528058079230454       0.57275091429169833       0.61652334380059304       0.71227080130079246       0.58162080298377417       0.58599721685057904       0.69488319656670738       0.68754929263482556       0.69552467602897550       0.67410324563616997       0.68233704151992736       0.55332433742757703       0.73741695671769669     
  0.96091858621690218       0.97631044687882051       0.92774087198139688       0.98362579361794766       0.96715290459398151       0.97993286183093642       0.96645977576176956       0.97272457830875281       0.99121016827766173       0.83180359367157153       0.98265394977258702       0.96160929267481798       0.97257395875088759     
  0.70191575399154749       0.61338221654743263       0.61821347277143734       0.72172720244016186       0.69005984620658856       0.62656582262240523       0.57119814004008895       0.59472179841766337       0.69865343180129780       0.60704486931734913       0.58347772125646891       0.66863906391544370       0.63241632411419690     
  0.97991608552771603       0.98635093656623318       0.96532729239377890       0.99209342588491711       0.98359473188174218       0.99000136968939489       0.98350488218329146       0.98613269236868972       0.99505941111254725       0.88525680473131663       0.99067522305514943       0.98092061031127165       0.98649423462595320     
  0.85445528327350717       0.69360409563687031       0.58311394581672382       0.71298261663420048       0.60143516595934332       0.73818879929504633       0.64533578417769000       0.54760986130879596       0.64536596930791434       0.52880200098955443       0.56947321087063085       0.65276358887035402       0.72059514623335741     
   1.0000000000000000        1.0000000000000000        1.0000000000000000        1.0000000000000000        1.0000000000000000        1.0000000000000000        1.0000000000000000        1.0000000000000000        1.0000000000000000        1.0000000000000000        1.0000000000000000        1.0000000000000000        1.0000000000000000     
  0.63815792499651425       0.60830235353420870       0.57679790704975564       0.63528225818287531       0.62592526457259967       0.67421915915945563       0.55787682822674212       0.70787972445471603       0.51422861057452318       0.51043850298601867       0.56778447245113106       0.59267818066829836       0.70970380384746112     
   8.9556662891979073        1.3770643942967380        5.5793682785212457       -3.4905491011152203        15.953912644246937       -5.4301898174189382        3.4787642504611278        7.7162566519254581        7.5226167241557107        12.040659121993146        9.6723435186085744        4.6892110388701820        4.7711904256766440     
   3.4811232204677376        6.5599891793217751        8.7162678348384972        6.8713603901763900       0.13213912961752899        2.1393876354081991        12.856317705512669        7.9897483141747694        3.7428737719614467       -11.190350134465575        1.5614849167684499        10.852339907679250        6.9941101565914163     
   2.9394655860150611        1.8920371545682304        10.395524729550104        13.680803995534795        6.8051062685849280        9.8860687041053623      -0.12305361716301727        4.3173187049044106      -0.33621454031632581        8.0895856471712353        1.1907512065396959        8.0049585600976361        3.4851218539430677     
   9.6729301622207426        11.473719379052930        8.6755897002945002       -5.0897362179543340E-002   4.7976213660612537       -9.3223251158678302        10.764705039131002        9.9478762698042313        4.1447598570448676        14.082126942431925        9.4519498639243427        11.846171765089709        2.5483153833121892     
   5.4258558056202775        6.0884436615754636      -0.74623366646146050        1.8516849322164428        6.7042761433161520        4.3890769088623696        3.9513066662490015        7.1872540901565678        3.3866018843536030        4.9683041480029715        8.0881827143954883        8.8289843282291738        6.7976797646311820     
   12.513953658629600        6.8746747450083339        4.6780373867732816        11.892122430701750        5.7816847356119121        10.253023155579296        13.550787815207016        3.4080250026270380        5.1380972300354149        4.9764814549388117        11.865420328137096        7.1263868722268242        6.0554848234315211     
  0.34141018699216019        2.4833244373777728        19.678055980840572        7.9591133115138764        8.7600840077396480        14.535915048121682        10.739979710863881        14.906795927650387        7.1989046546879738        4.3191467920230915        1.2980309330210931        9.3668132366790182        14.696379788672575     
   17.396282117644429        14.110159382464508        2.7042650458527198        13.505631524136477        11.215744398865471        7.3853472485010423       -1.5969930872462492        5.4086142313314296        10.936675612926843        3.8417116099591477        17.412051710331092        3.1427308570309407        8.2129218536786937     
   1.2486729885300121E-004
           1           1           1           1           1           1           1           1           1           1           1           1           1
   7.7770241024781672E-005   2.6333767173165452E-005   2.9392103337077053E-007   6.7872637892587999        2.4920854217895205E-006   3.9949197508309422E-009
   1.1770119665700342E-006   8.6842553767411341E-007   2.6913168190476050E-007   1.0165141958064570        2.6895942160351157E-007   3.6772846380655246E-010
   1.0332225478723879E-002   8.9365643418744671     
