     
 Collinear #          60
 ME*wgt:
   0.0000000000000000        0.0000000000000000        2.9282821406961395E-021
   0.0000000000000000        0.0000000000000000        2.9282821406961395E-021
   0.0000000000000000        0.0000000000000000        2.9282821406961395E-021
   0.0000000000000000        0.0000000000000000        2.9282821406961395E-021
   0.0000000000000000        0.0000000000000000        2.9282821406961395E-021
   0.0000000000000000        0.0000000000000000        2.9282821406961395E-021
   0.0000000000000000        0.0000000000000000        2.9282821406961395E-021
   0.0000000000000000        0.0000000000000000        2.9282821406961395E-021
   0.0000000000000000        0.0000000000000000        2.9282821406961395E-021
   0.0000000000000000        0.0000000000000000        2.9282821406961395E-021
 wgt:
   1.0000000211084155        1.2374036997914949E-003   1.2374036736718642E-003
   1.0000000020232405        1.2374036761754294E-003   1.2374036736718642E-003
   1.0000000002014873        1.2374036739211853E-003   1.2374036736718642E-003
   1.0000000000201403        1.2374036736967858E-003   1.2374036736718642E-003
   1.0000000000020139        1.2374036736743561E-003   1.2374036736718642E-003
   1.0000000000002012        1.2374036736721131E-003   1.2374036736718642E-003
   1.0000000000000200        1.2374036736718889E-003   1.2374036736718642E-003
   1.0000000000000020        1.2374036736718665E-003   1.2374036736718642E-003
   1.0000000000000000        1.2374036736718642E-003   1.2374036736718642E-003
   1.0000000000000000        1.2374036736718642E-003   1.2374036736718642E-003
     
 Collinear #          80
 ME*wgt:
   0.0000000000000000        0.0000000000000000        8.3188645135239213E-025
   0.0000000000000000        0.0000000000000000        8.3188645135239213E-025
   0.0000000000000000        0.0000000000000000        8.3188645135239213E-025
   0.0000000000000000        0.0000000000000000        8.3188645135239213E-025
   0.0000000000000000        0.0000000000000000        8.3188645135239213E-025
   0.0000000000000000        0.0000000000000000        8.3188645135239213E-025
   0.0000000000000000        0.0000000000000000        8.3188645135239213E-025
   0.0000000000000000        0.0000000000000000        8.3188645135239213E-025
   0.0000000000000000        0.0000000000000000        8.3188645135239213E-025
   0.0000000000000000        0.0000000000000000        8.3188645135239213E-025
 wgt:
   1.0000000075723539        1.2207618635261738E-005   1.2207618542821331E-005
   1.0000000007258099        1.2207618551681741E-005   1.2207618542821331E-005
   1.0000000000722808        1.2207618543703707E-005   1.2207618542821331E-005
   1.0000000000072251        1.2207618542909532E-005   1.2207618542821331E-005
   1.0000000000007225        1.2207618542830152E-005   1.2207618542821331E-005
   1.0000000000000724        1.2207618542822215E-005   1.2207618542821331E-005
   1.0000000000000071        1.2207618542821419E-005   1.2207618542821331E-005
   1.0000000000000004        1.2207618542821338E-005   1.2207618542821331E-005
   1.0000000000000000        1.2207618542821331E-005   1.2207618542821331E-005
   1.0000000000000000        1.2207618542821331E-005   1.2207618542821331E-005
     
 Collinear #          68
 ME*wgt:
   0.0000000000000000        0.0000000000000000        8.3945900904218011E-020
   0.0000000000000000        0.0000000000000000        8.3945900904218011E-020
   0.0000000000000000        0.0000000000000000        8.3945900904218011E-020
   0.0000000000000000        0.0000000000000000        8.3945900904218011E-020
   0.0000000000000000        0.0000000000000000        8.3945900904218011E-020
   0.0000000000000000        0.0000000000000000        8.3945900904218011E-020
   0.0000000000000000        0.0000000000000000        8.3945900904218011E-020
   0.0000000000000000        0.0000000000000000        8.3945900904218011E-020
   0.0000000000000000        0.0000000000000000        8.3945900904218011E-020
   0.0000000000000000        0.0000000000000000        8.3945900904218011E-020
 wgt:
   1.0000000303953240        4.4709477197485956E-004   4.4709475838526950E-004
   1.0000000029133904        4.4709475968783113E-004   4.4709475838526950E-004
   1.0000000002901346        4.4709475851498719E-004   4.4709475838526950E-004
   1.0000000000290015        4.4709475839823591E-004   4.4709475838526950E-004
   1.0000000000028999        4.4709475838656599E-004   4.4709475838526950E-004
   1.0000000000002900        4.4709475838539917E-004   4.4709475838526950E-004
   1.0000000000000291        4.4709475838528251E-004   4.4709475838526950E-004
   1.0000000000000027        4.4709475838527069E-004   4.4709475838526950E-004
   1.0000000000000004        4.4709475838526972E-004   4.4709475838526950E-004
   1.0000000000000002        4.4709475838526955E-004   4.4709475838526950E-004
