   0.0000000000000000        0.0000000000000000        0.0000000000000000        0.0000000000000000        0.0000000000000000        0.0000000000000000        0.0000000000000000        0.0000000000000000        0.0000000000000000        0.0000000000000000        0.0000000000000000        0.0000000000000000        0.0000000000000000     
  0.19571271777425447       0.12936137947632798        2.6766203021326769E-002   1.6184680002752902E-002   2.0534208979806595E-002   1.4610643473804837E-002   5.2371246405778761E-002   1.5428152207512952E-002  0.61232144469293637        6.3823943890701618E-002   7.1026129023231480E-002   2.8748353165604756E-002   1.6011224136829694E-002
  0.61882295708240398       0.62463777666261300       0.53814506901812142       0.65612495306792795       0.61304132305861314       0.65657032622149525       0.61226908519953815       0.63117495405988866       0.54096583734876380       0.48624766936647762       0.73406119126299763       0.57729596810299399       0.65851289358347564     
  0.33072828502126361       0.22438744358081161        5.4239551007434897E-002   3.2271612472941504E-002   4.1905573808670056E-002   2.8844640432723678E-002  0.10193602053235772        3.0379520750557130E-002  0.79812870447311546       0.10167225385445082       0.11713849013729270        5.6482291351510595E-002   3.1864216076250972E-002
  0.75957405029569836       0.73667575989445278       0.55337045959105491       0.59539432044941354       0.52478669062521155       0.57059241377096426       0.61823708505872610       0.69172870383267449       0.73470716571739092       0.80212912492292987       0.62284559206155476       0.83637278681285421       0.58312100930072319     
  0.40963154929161344       0.26769853852190284        8.3403043328648965E-002   4.7513205616306807E-002   6.5312797259791291E-002   4.0984117803081144E-002  0.14690064534241176        4.6738629637614222E-002  0.84513730838503276       0.12248982720419969       0.15066155064121811        7.6572756950341214E-002   4.6913133268016959E-002
  0.66949805477526980       0.56650164450555984       0.62705773816617005       0.63830948990400616       0.64785405345650315       0.58331478996069053       0.58610284782285038       0.57729325326348502       0.83722100581109882       0.70896247790052591       0.59247628430199994       0.82521550666400001       0.59089509011997809     
  0.46919339993132519       0.30736099761265567       0.11434317151329003        6.4161739429170167E-002   9.0507722249583297E-002   5.2971040869071929E-002  0.18195898384408760        6.2410562662377871E-002  0.87492234895012089       0.14014187400497893       0.17917956033977284        9.7352649288717716E-002   6.2533702371138214E-002
  0.61926051804546800       0.57180637899703657       0.72726475803275115       0.63717593291788743       0.65087103288750003       0.58459796486999138       0.53572167414213068       0.60754674626207461       0.64391364029209475       0.78572564802357681       0.59421464316799344       0.72446286905580015       0.61509405904855041     
  0.51492050322273542       0.32729297319999973       0.14388072037342808        7.8670413388437568E-002  0.11377449469534814        6.4133814473818607E-002  0.21009420854929034        7.6516935826179286E-002  0.88869213434203465       0.14991518142574817       0.20175933195776505       0.11816430597089159        7.9061888102617078E-002
  0.75522603562214885       0.52876572930586097       0.56864147809485255       0.63074686065403773       0.60669454321941951       0.68552190345608477       0.60176466700092646       0.53126744035636397       0.61203694830264455       0.62636970362676847       0.62775816913821314       0.72000570404394204       0.57915878707429447     
  0.55015829529512994       0.34886843366065379       0.17243984014404110        9.4947943234415966E-002  0.13543047340748590        7.7297071441912210E-002  0.23937841534821030        9.0576969487169715E-002  0.89990860784676618       0.16017169646775112       0.21957580203195959       0.13862861311572489        9.5802166243692186E-002
  0.65284310005407598       0.59022139003509122       0.63040194779743963       0.67685216191097552       0.61617901463184610       0.54320813803261858       0.67762243552850077       0.64757982180274765       0.58084468926835642       0.59582115982950801       0.69386478574560395       0.73857360416562434       0.68015821313936242     
  0.57913234311399397       0.36971226701576426       0.19844905561067841       0.10990516918379907       0.15629083548850028        9.2279009036006415E-002  0.27253763235839640       0.10399988732080796       0.90820912664256437       0.16798003107952894       0.23488652116729433       0.15779675329652343       0.11318094442555640     
  0.53324831132029282       0.61882099003725510       0.61349182739158725       0.57389075311627702       0.53983239160708363       0.80243048641303671       0.58618569917989782       0.73662138260374177       0.53623467730401952       0.72430226985935597       0.71155427687720829       0.68295015195778286       0.70319550421497035     
  0.60472104765359258       0.38763532827256852       0.22298875073910845       0.12520440529112317       0.17589451428610908       0.10723084217343168       0.30337803677999520       0.11730724790948652       0.91563586581789458       0.17526222481289955       0.24820808709077527       0.17727770688137734       0.12988179531011762     
  0.54094670138901335       0.66172553298316494       0.60930699977335911       0.64896035947855912       0.63118333024053952       0.56422446280522842       0.67950713906408333       0.60500642939557592       0.49682115047725772       0.56129946203822312       0.63031803467289826       0.75810463044070109       0.57129160686323066     
  0.62813763041079340       0.40319327165800362       0.24549419890348509       0.14030100744031843       0.19535542952625071       0.12166128805772769       0.33067979411253273       0.13092121394816353       0.92275192405358719       0.18232067637948138       0.26030421654204272       0.19368189966582822       0.14420252884455870     
  0.59226845865093658       0.58619370949588778       0.61633549871161841       0.56463632565845812       0.67476952801855150       0.60734951950683347       0.66514065295709657       0.61886968916195517       0.58492181189602255       0.59143563450566727       0.66138493173054114       0.71802276282723221       0.62283010704002073     
  0.65033678232009595       0.41846379799853450       0.26821508192716897       0.15425710419809030       0.21458278670971928       0.13595978876293408       0.35834105223132751       0.14500698821259669       0.92811820593828220       0.18848358649564553       0.27165070295906812       0.20789140176571877       0.15920589595993478     
  0.65870005383575458       0.59841783177417007       0.69540761472749157       0.59758759719373800       0.57855723756226618       0.72833049582269682       0.68516413687239475       0.56880359305289796       0.61620360665340435       0.64892879395445291       0.69337053112770375       0.64901006241595094       0.60269722883738952     
  0.67063093386122363       0.43405840540152230       0.29029112684246489       0.16823640650575428       0.23377332507791060       0.15058518611580840       0.38299893435247662       0.15843848727355828       0.93281843523221475       0.19539665838620485       0.28274110019804882       0.22248628229136475       0.17400260732235159     
  0.62143692188029964       0.63666474243025772       0.56422457359613321       0.60358199310038163       0.69222173580939073       0.68316232449227121       0.61805929349911704       0.53612234323880126       0.54780996606192911       0.61418866017067819       0.60668836728537201       0.64901604653146472       0.59931283662230428     
  0.68914696204769488       0.45036841842000075       0.31194059758866716       0.18269780734275506       0.25287575971458909       0.16549239829747686       0.40813966150506309       0.17139736211871939       0.93713654183781969       0.20196634781683717       0.29386586679084431       0.23750213915234966       0.19015829993629746     
  0.55752124609423193       0.70367987100837270       0.61190473928634337       0.65284759725797314       0.68376601060811915       0.54443596433917396       0.64649997375424795       0.60325438840705392       0.61648705534262238       0.66391085675919737       0.69047685584814800       0.69579039433166090       0.54204036182020265     
  0.70543521201070214       0.46445500789735861       0.33445973371905863       0.19775120163687060       0.27149534544593967       0.17994562251572335       0.43266622802530436       0.18478760535692679       0.94100546633723881       0.20877996174988633       0.30524821821425091       0.25246128615399471       0.20566713687028329     
  0.67019373003003790       0.51546061077351146       0.53966014450323296       0.58172319912555204       0.52064796262783508       0.58664038777056082       0.61107631565738829       0.59178588774137231       0.54858732269233035       0.65058948161638563       0.62839334551209725       0.62130342831333540       0.61179820559309883     
  0.72002201628266060       0.47742261882325615       0.35684988415815622       0.21258508123295772       0.29032246127889472       0.19490227231805221       0.45617660879619720       0.19786800843925140       0.94432055543452487       0.21584141510311136       0.31722918312995757       0.26774929865881497       0.21973378008021147     
  0.65237443831676456       0.61534887693029605       0.56379132697205259       0.54519599817457676       0.59256894235089574       0.56573432423940373       0.57441411394917297       0.68094391645617258       0.62337152788017158       0.66086696836822689       0.66924507339157235       0.58403118911073859       0.54414617268272258     
  0.73389115642617442       0.49092747951483279       0.37526054746704279       0.22608282491603707       0.30933916503662101       0.21027568847480185       0.47685454635692182       0.20977780775383492       0.94736722997045653       0.22286545101819827       0.32971221472921863       0.28195339452734458       0.23338256570008065     
  0.54528042199148385       0.65409061382115252       0.62948831874842315       0.68124419628628907       0.64002813452354057       0.58406731146428015       0.59556213613518771       0.53599553009257817       0.63381957561519775       0.79996754457149777       0.65100108043496385       0.67292528520652684       0.57068845679912417     
  0.74704284300026247       0.50450339240700537       0.39236361597831004       0.24061439676256738       0.32807776458444848       0.22513627125710864       0.49587614290440468       0.22251298775665734       0.95003407064500889       0.22900626985990707       0.34193502314542717       0.29510145095609219       0.24786315603557280     
  0.64658612401520144       0.66959001600391255       0.53787219135151676       0.64312534008352673       0.58780607519547379       0.65481066846001690       0.68360944828418901       0.59321627977289215       0.57886848116968426       0.68036032185228279       0.59248955457819485       0.61971086544312204       0.58382268751389843     
  0.75956762517128518       0.51659596846153177       0.40998685317770234       0.25553174378453697       0.34690054635529327       0.24097200984942574       0.51443826199661746       0.23591485524512634       0.95248960045140185       0.23444903230543418       0.35319006159671373       0.31034878819401962       0.26338987768981947     
  0.67293549270936626       0.62211937905372705       0.51363979311606878       0.66055356062280723       0.58813748133993182       0.60756020919037068       0.50694790662165135       0.60625466865795263       0.52765428046868457       0.51658560908604256       0.54912456692103595       0.66548787679298516       0.60231678134941169     
  0.77083063079820913       0.52921704161772898       0.42620426741249046       0.27025433582414027       0.36600888351288646       0.25583478487966199       0.53219994260885128       0.24948887636141281       0.95487347203934458       0.24002137932216605       0.36486706181738615       0.32569777267166317       0.27902563859654245     
  0.64557449037985837       0.61828512162374094       0.60002051149105684       0.60491443017983848       0.64324595731381029       0.59905409141100319       0.63890393617570995       0.57727189053992845       0.61500033600219839       0.62496496492059994       0.67462075982684166       0.59610241538666064       0.63860670216387971     
  0.78091969420832807       0.54237721111387094       0.44195425776723452       0.28513101506895228       0.38632960811232364       0.27044753138973165       0.55191172335416117       0.26394063459413547       0.95723715429130285       0.24600172543511484       0.37680267409389623       0.34187570931714284       0.29475100823616224     
  0.51838735532629820       0.58969350929887976       0.52278544407207550       0.54295378492579494       0.69150526773276133       0.52437091221311982       0.61427013304126954       0.57188919014981632       0.66149576852276071       0.65246296196619336       0.66457945020963660       0.67336323083646121       0.60224517777596376     
  0.78986976812702803       0.55548448753546031       0.45807069563103148       0.29955116568409429       0.40731758395035261       0.28463161082525834       0.57187237276915082       0.27879081802244254       0.95931538777291636       0.25199881934261209       0.38877112599455066       0.35743379846128392       0.30977319601817105     
  0.62841590398648028       0.65217413857612538       0.57222602682471879       0.64957914844352338       0.65936966874149727       0.54096583734876380       0.63544776889102828       0.60178434570025119       0.57723294241466605       0.76962838959809909       0.67462811338157258       0.64667920509379673       0.56729860777324514     
  0.79856764611547326       0.56826442476683903       0.47431058522208047       0.31219144211921951       0.42414635050092780       0.29917764511371914       0.58760744860384739       0.29317091150401142       0.96120375590570528       0.25770674092713647       0.39963979159146362       0.37300308368307811       0.32482055206920013     
  0.57891075904269940       0.66738105582132501       0.57896949754225180       0.62585506282954417       0.61828203164647477       0.62465451755603962       0.51565328525620979       0.58686826469388320       0.51642145302954701       0.59177448602659943       0.65920822081634689       0.57629181811249386       0.64671851127800029     
  0.80695318750457257       0.58013524268221306       0.49083560663096121       0.32417994277694845       0.43960043511043922       0.31356637888318212       0.60385438544994263       0.30670712882618922       0.96302340807486631       0.26350029323987517       0.41036059383988061       0.38807772199770590       0.33869276744758153     
  0.55880718661100703       0.51636304607173023       0.55069557271044711       0.54768414462558190       0.60593520749024521       0.58106878039490462       0.63174747308018164       0.60898228257247933       0.56229794300308245       0.61764043159093474       0.70136182783452361       0.63690703759370282       0.62017111262646651     
  0.81516815613366633       0.59191715554581426       0.51273112104609009       0.33640635083899528       0.45557979868651127       0.32784551254785771       0.61801325995592127       0.32122419688467346       0.96470145601965951       0.26968036033548665       0.42042036972808272       0.40337745874478226       0.35310981162484967     
  0.69032260401263945       0.62827775636393635       0.60994501506826226       0.66941152669256943       0.59379240085008922       0.52111434660601208       0.64132071477814545       0.63719240346716155       0.63503560817062021       0.59699864468631125       0.57067951839240894       0.59150727566188233       0.63437479934748564     
  0.82253024227925442       0.60513146404105400       0.53233476940890623       0.34784194777814920       0.47178230491176809       0.34131226174798834       0.63117160323521226       0.33623815019854630       0.96628619961240669       0.27591827915472744       0.43053787154989370       0.41961484036917762       0.36759248806017908     
  0.57730913193643962       0.61577827386371697       0.66740882025006465       0.60022398238829089       0.52001380099713423       0.60767539434849727       0.58318167067267812       0.61398242051059804       0.55588486420518302       0.63883145654639950       0.57092901002000529       0.59939586100545750       0.66407109450293955     
  0.82930573260386842       0.61896558539728408       0.55208849387294434       0.36337797863048554       0.48450777095541264       0.35827167001244287       0.64358341527090024       0.35209289938606797       0.96780768524051941       0.28211007098277968       0.44121015793067547       0.43627059720696143       0.38123111556826694     
  0.59542105291387981       0.62513301931211929       0.60530617602671966       0.57033809041980865       0.69650810302616228       0.68298288523794826       0.61189715782121068       0.71235840441585307       0.63513800981800206       0.60148934311632063       0.59330603452850872       0.65421141183898612       0.64481698336718851     
  0.83586960453359105       0.63168827755178014       0.57220808113985244       0.37754083339676558       0.49856064400909794       0.37603010880477805       0.65784801561947082       0.36590699795823622       0.96921209154622967       0.28820779140097014       0.45204518125288928       0.45222316791308437       0.39487998213300129     
  0.51310175405051828       0.70168674851397361       0.63927713355136018       0.63551573910789583       0.54396779661422445       0.67983858788381346       0.65190045044699585       0.56348101937925055       0.70859911479644100       0.71349466279024709       0.54096583734876380       0.72767212916895585       0.57235352401406570     
  0.84316329383222766       0.64360230150895548       0.59179651598183225       0.39502186624659530       0.51047908335887815       0.39267651072846166       0.67197038097146844       0.38009837493942222       0.97050384527231237       0.29424475375502779       0.46470809245795436       0.46893964412260669       0.40772097754472858     
  0.50373060285442373       0.60533495724631992       0.61898601360110372       0.63017932269746890       0.55523882486442055       0.72790103329347966       0.54520259835903517       0.59704319253317661       0.67603889505364978       0.72394212200560037       0.68673943927955372       0.63991472617517919       0.63479495015370213     
  0.85060372266507400       0.65458077976579798       0.61144454506718404       0.41205229186841691       0.52329605011369751       0.40874196309250693       0.68591643308632144       0.39527843487155834       0.97168025678907421       0.29994889103508576       0.47869955916579543       0.48423211600697202       0.42079661899700055     
  0.57532535730064527       0.62828600946145974       0.57563358070717630       0.65881405845097885       0.57206343403738058       0.69764291156711233       0.64695771338435892       0.67186056890657875       0.54377495646955964       0.62086370932573243       0.60978190055550685       0.74560696540276317       0.57936139071855985     
  0.85766330392760026       0.66503902592812558       0.63049516971614705       0.43066662476488832       0.53678215432152088       0.42622766294170816       0.69953544577681381       0.41037058826339545       0.97277604420566999       0.30550892766926341       0.49326125498263546       0.49844231668050043       0.43397110806379735     
  0.61461396028183668       0.63437840076235963       0.71261739974536054       0.74133902604842161       0.58756199568716272       0.73044681954274560       0.73748192480571384       0.64150500537112798       0.50286503169789987       0.65580980319238380       0.69640048725811132       0.59250964232028625       0.59559946450495471     
  0.86422573960753368       0.67527662371375718       0.64800980181657764       0.44883744499176281       0.55038434769953537       0.44484181622778157       0.71256213418875969       0.42770979107452434       0.97381761748986839       0.31107860980432595       0.50813977454218073       0.51181366976833242       0.44649963303762408     
  0.65045203589119405       0.63498278023394528       0.54230265349167162       0.65540625134410702       0.52235761138629855       0.68767853960786396       0.60246861992514356       0.57466106586513943       0.56763799467634979       0.58646065773228495       0.70089479381539155       0.56565932335088986       0.64252416916027377     
  0.87028701452527857       0.68567927588489108       0.66526810267375980       0.46549901740392025       0.56385579547878129       0.46383937516005136       0.72467943537066770       0.44407028366470203       0.97484427214503877       0.31674129168090021       0.52281451973562076       0.52535699476059217       0.45887162500352130     
  0.60556834075727928       0.64077510939024795       0.61512143222672866       0.70647270755633707       0.65233200518884016       0.67929013426901352       0.61793067894492937       0.67851322393001179       0.55984619366361787       0.66494283831182344       0.63645133062519232       0.55414046584201726       0.61520102200880700     
  0.87628288416196853       0.69597939661828956       0.68096023911167780       0.48293188537350451       0.57697690612177321       0.48307778663708978       0.73592017408664123       0.46173287481522590       0.97588589533946979       0.32267023534689776       0.53602763408215859       0.53801686106712321       0.47081660677450410     
  0.54338454035674277       0.65375195552524035       0.63706624029514325       0.66075850447561268       0.72233947696021616       0.74649482664339639       0.56877061814284091       0.59141481500962345       0.67573612388098658       0.63738035319051323       0.59745007168085684       0.54651220717870364       0.65985691967066085     
  0.88215637066861208       0.70612163657595861       0.69644351134967875       0.49854728711467367       0.59108435974718376       0.50131897805406778       0.74654834597219610       0.47927152706371040       0.97692831984095940       0.32896808381896386       0.54942720544138890       0.54923974270791664       0.48306178824480983     
  0.64496159454810509       0.54864674694268822       0.63844911910865476       0.61097352112942271       0.65214812106341524       0.68860408093594494       0.57066351283379657       0.72441657290159533       0.60035426872911657       0.71636123847688837       0.64059305205452122       0.58994228065890453       0.67455030713492803     
  0.88796388202756504       0.71630313959206937       0.71067945430573287       0.51391561031903987       0.60569522602240999       0.51861923216668504       0.75706226192080384       0.49530120762364105       0.97794918043952417       0.33534102698667112       0.56300403045977709       0.56116160981384300       0.49437402135906056     
  0.58352469991079758       0.62995153224885270       0.65240866789953755       0.67065549726281692       0.60541435004391497       0.70203053731235454       0.71775696956235047       0.68497244803845725       0.58246088799357076       0.65656866947401360       0.64758626229492355       0.65556785612797552       0.60860435727282647     
  0.89365810325298112       0.72656387220990948       0.72502271931566376       0.52814333569892058       0.62045989823328496       0.53600152985159899       0.76791006131568285       0.51111129256459953       0.97892497211985496       0.34224200599588883       0.57709550523482256       0.57276471021085740       0.50568122884466171     
  0.60864124237783268       0.64227884958746717       0.64744221700447757       0.55933238491949633       0.64292972286422290       0.70415546707592136       0.51923411380011864       0.72647923132104619       0.67964991895397298       0.62719679680616491       0.57430867498186178       0.60344646087451814       0.58492901809168352     
  0.89933667989975297       0.73674138670058076       0.73855551946302689       0.54102455593503662       0.63497976228709929       0.55294415892660354       0.77876279658602188       0.52721341788765974       0.97983360922102525       0.34917807117547089       0.59171296104325233       0.58479660219453000       0.51762086000146512     
  0.66304566855959268       0.58926812210797508       0.60352915940701635       0.63100133723297258       0.58694729901712062       0.67189700479611603       0.58055126466011653       0.67595747784919968       0.58395494916452217       0.64486187895909375       0.60558663917112321       0.63484586170737978       0.58796563793123235     
  0.90468576505423670       0.74636501666750588       0.75206418353031301       0.55499015789447237       0.65041956581779170       0.56980012622269105       0.78885169338315708       0.54427787327748656       0.98069277792498699       0.35592920407614370       0.60732119856001110       0.59835546031941478       0.53062671963595631     
  0.60488541881131574       0.61264626299156411       0.64811119047273669       0.54640927544732965       0.66140002681793642       0.59557378820933982       0.54161330454158263       0.59519136643951176       0.55982236652736139       0.60382791181444906       0.65351665597237873       0.78112671673373801       0.71553342766352002     
  0.90989170336320790       0.75566430210688773       0.76407290530025729       0.56899150135950438       0.66540555964867631       0.58795436369743592       0.79926688496889131       0.55996313801213204       0.98152268659351993       0.36260710692635939       0.62412279491828648       0.61239805477201403       0.54387964593438842     
  0.64471650937557146       0.64901327976286916       0.63243159437967900       0.58457691290544611       0.61026650791517367       0.61574435808442840       0.61954041576101859       0.60727678913204886       0.61863012279535590       0.58844796569306390       0.68297157863349522       0.59483136425062333       0.59473567406641847     
  0.91466754620807678       0.76485772427731924       0.77535704731166100       0.58405765575260493       0.68148525605875909       0.60678558634395796       0.80930001027869070       0.57424289353705960       0.98229029096779175       0.36909320511104271       0.64087989891206820       0.62695546343346997       0.55728913283366099     
  0.69248423232401013       0.63201640399962200       0.61366926930496013       0.59497312414032244       0.59730997558284327       0.67838141616769920       0.57917340379043492       0.53886784188760550       0.59983844636545081       0.62813287215738545       0.78646714555589592       0.61625907970209914       0.63593644465150956     
  0.91914521890054690       0.77417326783808538       0.78642403964636542       0.59834287044650858       0.69779797407159150       0.62499091814700403       0.81949290176213596       0.58973973090761045       0.98309637306366593       0.37587664413530864       0.65736830321980444       0.64173481125892184       0.57071384401638281     
  0.57508232619293576       0.63404859766191912       0.76259196548825259       0.60093835377036309       0.75936864725331077       0.64604774812265309       0.72473758051569004       0.65869728622423840       0.67192849651952147       0.53218579560000068       0.55358681811700394       0.55735742142915490       0.60838622933287501     
  0.92381376150819139       0.78343591024264669       0.79754838766491631       0.61465275382791762       0.71404226258984083       0.64263815318087969       0.82938163156702682       0.60606129532620945       0.98383236022663889       0.38315815784129248       0.67358681427348366       0.65589079210002244       0.58517094953022586     
  0.59521746290683430       0.61401351767024059       0.64139031765073773       0.75336277384315642       0.60714232685569480       0.58854404497057855       0.53047438493724142       0.63502228511345615       0.61309913992910825       0.55980177924444940       0.54793842496292722       0.64920733369478212       0.70943043526562577     
  0.92839575152342846       0.79263410419655134       0.80863548194564872       0.63099606183177326       0.73000362755325354       0.65997620673443547       0.83943021020968156       0.62180952946088097       0.98454614338097912       0.39091625796924617       0.68986077828936432       0.66940083388377658       0.60104528350729391     
  0.55583270708987553       0.68999024084666327       0.66280404211383193       0.63492617506860327       0.59642647372767854       0.68785257936751676       0.63114740757572974       0.66234839784926236       0.68873626467990634       0.60863224971987850       0.56244605001892223       0.58506212221631548       0.61236980167853716     
  0.93275080221200124       0.80192662506540480       0.81995751934524885       0.64661411336066232       0.74487408270561661       0.67696966606131448       0.84923748219953532       0.63703719763466049       0.98525614433755893       0.39923864075595350       0.70634556100524826       0.68249476074560489       0.61750393199387454     
  0.57208149084613091       0.68799616025615673       0.66765233616881314       0.62872344828362658       0.70375447670467051       0.58600141671559458       0.64028515194929714       0.61744772786514202       0.55945019471011936       0.62016527588347325       0.58906808157644142       0.59766809328100545       0.67584148193940285     
  0.93688051567089059       0.81102904101411122       0.83090316306962353       0.66148083455588325       0.75954244667345416       0.69472342835212686       0.85872325396370941       0.65200003543148932       0.98597003361788516       0.40809113077762516       0.72239473797651632       0.69586030998085435       0.63614774288512910     
  0.62767058469048587       0.54802384645106061       0.59964484023030229       0.53720277510760928       0.78301298902869820       0.66775931500555397       0.54452675283905594       0.60829457955769028       0.59131998572168576       0.58172630784497092       0.74466570437510693       0.58739495570496481       0.71218131000570584     
  0.94097127421339832       0.81984447584434161       0.84137870492807787       0.67787896837311268       0.77405823829553999       0.71112475095602223       0.86763263761989196       0.66680738488611779       0.98667163761060905       0.41707703403079643       0.73884543841773309       0.71047443910755170       0.65366346093039740     
  0.59653273205313040       0.63234637029122176       0.63907964881911161       0.69598944155609610       0.67284388328383149       0.68782412430142703       0.74297747131721148       0.62749148781871733       0.58555909101885095       0.66944341997900580       0.65631194419409888       0.64912620415308708       0.72654096561466375     
  0.94440593107356241       0.82868638368399161       0.85222407226812513       0.69516592205312300       0.78876264263466067       0.72679716636018554       0.87602708196049961       0.68257138211616974       0.98735872894674104       0.42610303539060429       0.75584191912204790       0.72529296458877945       0.67253412787960165     
  0.50347316095766159       0.66913873905326426       0.70605838416703681       0.69330138067594549       0.62726723892716285       0.61956677217553191       0.64869841463030620       0.61520982111784106       0.66915178642441286       0.67885560018943247       0.56705947768007114       0.51439180475807833       0.74051080989170204     
  0.94774221112887647       0.83728916154548771       0.86313958050959694       0.71127531683567380       0.80309021919122192       0.74161074863440313       0.88439147138336216       0.69831109893397592       0.98801664044872861       0.43533575262356888       0.77336665147895578       0.74015381515970791       0.69185410186061247     
  0.62653391062304020       0.68118658017473577       0.72567574248042954       0.66746669508207845       0.65513254678807065       0.59927614765621040       0.64199526412342256       0.60989800221254176       0.73023838583201106       0.67674157191483708       0.70207905964441475       0.51287754641602457       0.65930283121167377     
  0.95124398074795580       0.84476635470207417       0.87285761262764805       0.72664144648640872       0.81655747953218272       0.75640714981010426       0.89310536296447096       0.71397192059512893       0.98863763005508909       0.44403630224353358       0.79230174920244434       0.75475210490990241       0.71083971210094277     
  0.61787097583643347       0.64568352397591378       0.63681053818648248       0.60672915638423919       0.65174350801375813       0.57684725348192489       0.56872072683573460       0.61621532593353956       0.85180176298410304       0.62006332714609225       0.66488067439550291       0.52901929310994511       0.61491949848993244     
  0.95465523121067597       0.85230172462360121       0.88175973829042098       0.74284360872994948       0.82939468817779471       0.77110668664328919       0.90124981069635990       0.72991655192073135       0.98923474342506856       0.45257792852788609       0.81013286521760564       0.76943740813358463       0.72877869870154133     
  0.62513865333184448       0.51287754641602457       0.59591227666325930       0.77922836637858794       0.68045591742876732       0.56678575091203653       0.65141457187780849       0.64290324948881861       0.63465357199334260       0.56363090553480122       0.63380754745267598       0.53335236193785873       0.66745019632547142     
  0.95800486734478096       0.85994238630087727       0.89068431754665023       0.76020309011326281       0.84173142330154271       0.78608013154190548       0.90895486642530721       0.74558785360030144       0.98982108051342288       0.46192924264448165       0.82634781527276702       0.78309532771877211       0.74571338838624857     
  0.60147726693801662       0.54138291073414258       0.55132648047088439       0.60823966231559212       0.60935840493855109       0.63316681903189598       0.65896174892308534       0.70167554420711054       0.64511055556929553       0.63447671721599830       0.61221318018644122       0.57399410252673133       0.58219915897368402     
  0.96104969190753653       0.86824445981685638       0.89966737006972075       0.77842504068562812       0.85409953189162047       0.79890100350916871       0.91647976574036571       0.76200264033735354       0.99039790819922202       0.47177735499207446       0.84265833706390891       0.79710313052472503       0.76404074601647454     
  0.70111051999368168       0.60478707099202789       0.68439762861441777       0.69784080822575478       0.73641587422856436       0.61008878761717045       0.62989000477687673       0.64002131924088546       0.60426642063951486       0.62160993320464508       0.60088543111035442       0.60284804637064426       0.62785405812743911     
  0.96394520698286379       0.87709691730099681       0.90798046617433392       0.79690830882072838       0.86737186194368299       0.81160776067153195       0.92403154843924862       0.77892469413933252       0.99097766892738792       0.48197703222842120       0.85809497995308037       0.81059993434073119       0.78170301227919736     
  0.60827285219816429       0.64798337757456614       0.68636812308442596       0.56890401139642854       0.67529895105679361       0.50492106086065214       0.68635298280162749       0.68322118651737918       0.66523125033125075       0.59925447854821212       0.61763406013643374       0.53857121132689956       0.61106696420208406     
  0.96682703358460276       0.88558685984373897       0.91550009848602465       0.81583228284057108       0.88099298204969534       0.82459799231062769       0.93161097213384603       0.79674048872601777       0.99155428296392822       0.49278706658376298       0.87288843872316790       0.82554436063846481       0.80049881454715055     
  0.68528920415715100       0.62618101735511211       0.75344894101637816       0.64626234616255396       0.64890527749995464       0.58765697333921552       0.58824681080181085       0.61977648208085934       0.66055693266253090       0.57757813384449841       0.67593006061646277       0.57116194662334219       0.72710137876881864     
  0.96973240520334958       0.89428529016422131       0.92288149806114472       0.83500662085246624       0.89309727426064578       0.83867263706217265       0.93896543906471530       0.81428218677252207       0.99212751010928568       0.50485433027653781       0.88655736072271862       0.84027713869840692       0.82025954094444187     
  0.75648135010244788       0.63044762432923895       0.59088383671375067       0.65704990126532103       0.60208092022528847       0.65877291730511411       0.62552694801119280       0.61865890075510077       0.63083681178303475       0.59263685470975824       0.56035083942349107       0.54227549330618663       0.60105317072120945     
  0.97269021590992222       0.90375819329451401       0.93062793812168587       0.85309084216748599       0.90411131044735249       0.85303384347293665       0.94576326409592659       0.83207844220754057       0.99268496033422227       0.51839758406653846       0.89988384161817958       0.85486491671134213       0.84021174350831751     
  0.71459470342465914       0.66859961695935854       0.66148545538460957       0.67081670688094064       0.73983298852291557       0.58867205010243784       0.59292892286762100       0.64669926494213048       0.61647393929960359       0.69067548219738173       0.58655350860803990       0.59164754107184081       0.64172123342927412     
  0.97552499484479072       0.91325423189147004       0.93862561448618897       0.87178574482499926       0.91522351088828302       0.86811507758096484       0.95236880214035924       0.85043349143771330       0.99324079339090154       0.53136644846482972       0.91308321445651197       0.86998281168896197       0.85999408183850634     
  0.65030431466141336       0.75117665528260846       0.64100306044404920       0.64384408524824788       0.53841076454690850       0.66946034874138793       0.63830684874857324       0.65160079280142125       0.86409286594497625       0.60184152154339221       0.56731818797460487       0.57990022477823799       0.60621279682471141     
  0.97827184367186704       0.92311014682707482       0.94684932751080786       0.88873552620252139       0.92621415544433816       0.88376550499668927       0.95946762975199928       0.86910097942933329       0.99379873385543038       0.54843802442268408       0.92517774003499986       0.88749604129213322       0.87958886067494624     
  0.73398088006144224       0.66119463199211914       0.66695923624500519       0.60135635975938773       0.59962101258452827       0.65873046975367289       0.80401106818574630       0.69130856395714646       0.64966869000002103       0.55394666606991005       0.56815183303471783       0.63105941216650652       0.63189028157647109     
  0.98103373369486024       0.93293194992855977       0.95552962937923491       0.90583405220914659       0.93761078838082146       0.89968205906567689       0.96666166035257894       0.88772356581539036       0.99436828102118380       0.56709572573695177       0.93706446529459009       0.90467472284829709       0.89888051803494762     
  0.66631571085586050       0.75138576013748537       0.62440997121934927       0.69010858155257526       0.58242279346698989       0.62213441445093443       0.68381213337721380       0.65240220768214274       0.64682627088727507       0.70054761099496887       0.64800349664448254       0.65523017166181685       0.63483615636999091     
  0.98387033503382382       0.94273266090294472       0.96405823125017509       0.92338494027425266       0.94878927448893646       0.91607564321268897       0.97295434907289946       0.90621908207312596       0.99496554130129944       0.58942331057447728       0.94904417818533227       0.92148191572178439       0.91761192293637994     
  0.65047897768923890       0.59789123361888097       0.78983239143576989       0.58257239738103472       0.66213591934305949       0.59959459984487007       0.76422236890285444       0.58455370990016853       0.64533538751913866       0.59664296265954975       0.62153223221899090       0.61922012254435443       0.67344837220154208     
  0.98648337739994574       0.95264113238972037       0.97180459445466760       0.93973864704517573       0.95931658352888327       0.93236049540815125       0.97851570377347719       0.92476532251639099       0.99560488767517752       0.61237065248862488       0.96008712529417128       0.93892378723813363       0.93558813593290824     
  0.68648073268455012       0.67811935787625233       0.62156187229424920       0.62855130294623951       0.62372701052427348       0.65038179564309784       0.74198648857942717       0.68294254727431181       0.75695539884231700       0.58888922403913302       0.66678028790407617       0.69854278115470336       0.70102404734868540     
  0.98907607679710485       0.96269773640201062       0.97902206326153407       0.95538160206941192       0.96927770427355731       0.94961472241488820       0.98383879727780665       0.94323906389619006       0.99630300770248204       0.65009226448169166       0.97019705370764664       0.95427630170952482       0.95237271794084466     
  0.71875864370033504       0.60334173750897679       0.75467241872002722       0.63372201360154723       0.62328073649554472       0.69320980091142015       0.67574059347142890       0.76101302041721630       0.81069237219002255       0.58031199588661841       0.60567230444997200       0.66072770709953055       0.71772802275767167     
  0.99201016098423467       0.97351456459899266       0.98610786074702172       0.97044438133927691       0.97935101824897020       0.96754575341755567       0.98917110404175856       0.96270931331862242       0.99709560270712139       0.69935735625491058       0.98015565535348204       0.96941821372744807       0.96876080504559536     
  0.74823986002588638       0.64994335935956016       0.69401632696807203       0.60100228149401702       0.60740187885939401       0.71846311552251130       0.64588578727236778       0.58383510180738019       0.87934948940093305       0.59118482504387748       0.56591538785182993       0.71059856573041635       0.66864337692123177     
  0.99579809976367151       0.98575522652285796       0.99264074027307680       0.98531565840354751       0.98950480883245584       0.98285303744877828       0.99449099550838260       0.98119996147323774       0.99847345927799180       0.80310073787239433       0.99008197377623319       0.98459900208813345       0.98454170816060038     
  0.81031940938920910       0.81634814438467840       0.76036648464290901       0.58827698428472475       0.79833463818403327       0.56747187720229098       0.80869738850642081       0.80803035165268766       0.87982545515524513       0.65926551469631611       0.61432532060400724       0.61872978239509779       0.59978380186611935     
   1.0000000000000000        1.0000000000000000        1.0000000000000000        1.0000000000000000        1.0000000000000000        1.0000000000000000        1.0000000000000000        1.0000000000000000        1.0000000000000000        1.0000000000000000        1.0000000000000000        1.0000000000000000        1.0000000000000000     
  0.87851385679888472       0.64882779740033314       0.70886543206487773       0.68173730828514378       0.73123478892257254       0.61639246183133456       0.74766065305751139       0.63675616176154570       0.59188232985307676       0.48624766936647762       0.54992847080467100       0.62805995509483903       0.63028230283320774     
   5.3827865920721401        21.209145685443293       -15.826935877043324        4.8406996002204439       -6.3511550610836975        8.3667940896246087       -2.4613532692024060        14.119630451659043        0.0000000000000000        5.1208176077469263       -3.2992662637627141        9.4290489199132761        5.9381252016205854     
   6.2462027113526508        2.8318241569012392        3.2074880685990044        14.684036483564036        16.042747101078216        3.0445070861403281       -8.3545367497906842        4.0887102144576799        7.4570974158002397       -3.8465719403823013        9.1150501595674776        10.422487731021533        7.2033772332378012     
   16.650425615363687        2.8610990849411628       -4.6742042431845148       -7.1013036273997585        5.7464406548510656        2.5781753715045750        10.183133603553955       -2.3246690612663490        8.3957380212471850        6.0998688168392361        8.5474552308763769        1.0459846221190763        5.6091075572447702     
   9.3538462099909321        3.4786566061623470        1.6553880367154181        16.617795979682793        4.6358397523633741        17.045572860858556        2.6142907585897688       0.17686136621833284        8.5458086095342107        5.0532316408694680       -3.7724598588952460        3.8012070977700767        3.8807123753971791     
   7.0117028201822880        4.8023163614934550        10.581199687815912        5.8659176804103463        3.9062889875544227        3.6454687014653020        6.5203790373175803        2.0252226756975085        8.5040359194720274        8.5568566701559590      -0.78169070855326339        1.1835288649985978        4.7951835528914915     
   12.259432040697256        2.0332775807038264        9.7651122944901143       -2.7475484051922829        12.588947300550808        5.0226888178416935        3.6220869541156340        11.493102547504428        7.8620086691456423        9.4331139140278815        3.2789647028789202        8.0021592168601465       0.26942760083384715     
   2.6848809441984285       -4.8946422125314859        10.495254399305740        4.2015493095589447        8.9013914263594724        1.3869811779203804        1.8703401267643187       -1.0373508552560597        3.5261832275397951        5.2176390824141476        7.0318717742186942        3.8395689237427630       -2.2649353251814341     
  -1.2181105246784392        6.6112892560362866        25.681807342540832        6.2542491758501582        1.3235459769173235       -4.5686574188872173        23.100317530636147        2.9557040128336420        2.8386408007641575        9.9635653339913262        3.3737673614702248        15.607236574282330        10.026605696033554     
   2.0442188424816678E-004
           1           1           1           1           1           1           1           1           1           1           1           1           1
   8.3701366330147495E-005   4.4559672635748151E-005   8.1757843060596950E-007   5.7169469132046054        2.9910589058836421E-006   7.3262962742256856E-009
   1.0417219924300952E-006   8.5028144082399476E-007   3.3945181344130448E-007  0.40078596457431476        3.3923417225385354E-007   6.5694000939021388E-010
   1.5107579957867963E-002   7.3532834115689063     
