   0.0000000000000000        0.0000000000000000        0.0000000000000000        0.0000000000000000        0.0000000000000000        0.0000000000000000        0.0000000000000000        0.0000000000000000        0.0000000000000000        0.0000000000000000        0.0000000000000000        0.0000000000000000        0.0000000000000000     
   1.9719016327876801E-002  0.18062053858960475        1.3649828512761857E-003   2.7864145913062775E-002   1.6569913350538361E-002   2.5479232061457577E-003   1.5804643318761254E-002   1.7030747863684852E-002  0.34901561902340950       0.14873353182857038        8.0091247295314347E-002   1.3333603178618021E-002   1.3291561195499442E-002
   1.0430199967838207       0.82056439752708132        1.4518114386047971        1.0125215990967034        1.0764364784266425        1.1801413531489113        1.0740718667167395        1.1278365906729935       0.81556285634691295       0.84977569747985748       0.91299968810857657        1.0154520537182723        1.0079322320291253     
   3.6152452931246193E-002  0.28164415363800793        2.7082045488730716E-003   5.1974051558611831E-002   3.2923713453741218E-002   5.0360193745295177E-003   3.2376193314577764E-002   3.4790127164859450E-002  0.49261237815938175       0.21036102313170657       0.13627255431399138        2.6941397500308412E-002   2.7259109826762641E-002
  0.94244303325189438        1.1115131014584252        1.5626188739701115        1.0180819342403669        1.1924715298992954        1.1512777301647616       0.90800738442803042        1.1557130929711872        1.5219006245624227       0.95466024955166939        1.1133658132719322        1.2911089489843235        1.0483449676672134     
   5.2200184801482044E-002  0.33475070800655315        4.0922231885985663E-003   7.1870633652064558E-002   4.9214650118003064E-002   8.1477730664737472E-003   4.8461751913732906E-002   5.1911072205138437E-002  0.51995908995635143       0.23842188870957237       0.16920259797749251        4.0282267079804264E-002   4.0422376153955303E-002
   1.0203955447180106       0.81990084627425697        1.5682061467702617        1.0076877975657685        1.0919218278500584        1.0641264031016779        1.0026206398116013       0.87690834747614066       0.92830274299921267       0.83200241515633511       0.90191173834276939        1.2093479849039241        1.0463465421043721     
   6.8336772282056119E-002  0.37515587886542140        5.5641592581026113E-003   8.9651823882732962E-002   6.5334308013979922E-002   1.1387746143996636E-002   6.4371139764701421E-002   6.8355394641006831E-002  0.54582161052926526       0.26020580418065870       0.19319063044407034        5.2799001217061353E-002   5.3591868518475395E-002
  0.98001812670338551       0.81425580914208462        1.0460725929430450       0.94504851811112767        1.0056131910269901        1.0055281001744485       0.88723625982860632        1.0125672150594831       0.94493313684854996        1.0384911763509261        1.1398513267895962        1.1553576000009007       0.98926383783409388     
   8.4770147779444430E-002  0.40809211678256202        7.1440973136269034E-003  0.10584912661206798        8.1902664250647170E-002   1.5060682196260786E-002   7.9838226888466340E-002   8.4580694284155905E-002  0.56788061449686100       0.27912786411860785       0.20963974126864918        6.6115626135773695E-002   6.7416768354671863E-002
  0.97252340544265914       0.94177636309739632        1.1820774347800005       0.86815246281969305       0.92414272798207642        1.0057616966947558       0.88231113546610063       0.99947561639470006       0.92637392785219608       0.99355540465308623       0.95460974970966550        1.1672242200674465       0.93866734286934206     
  0.10141196201529398       0.43726529942635484        8.8308817710048264E-003  0.12133021107368680        9.8406200788299689E-002   1.8755662849898543E-002   9.5903728054207354E-002  0.10113083865526877       0.58707355009973772       0.29548901268868150       0.22484190922588404        7.9145800949570896E-002   8.1057182742741610E-002
   1.2361734973357184        1.0225601682454897        1.0937096027766537       0.89117292766894096        1.0422936040108364       0.92821092935295324        1.0009520595558066        1.0597884022135491       0.98322935328810002        1.0947960445303611        1.1142235568418508        1.0688402531098973       0.80223286358582913     
  0.11787650231861153       0.46431428484217951        1.0694428011543765E-002  0.13618312168754795       0.11398115222626563        2.2600228279976861E-002  0.11232029628957899       0.11832816769259663       0.60420571266030698       0.30895288701807144       0.23839645743554305        9.1755121676549117E-002   9.5970374318922275E-002
   1.1314604246731197       0.87977115921252880        1.0262512832094650        1.0220624001544085       0.97147121327395247        1.1010175143715888       0.93956930959974183        1.0114564261870476       0.95442839706015925       0.93275127009172532        1.0193836029278962        1.1444829644977521       0.99587524961257379     
  0.13374810364623368       0.48874516496199977        1.2761370670690844E-002  0.15116749073987432       0.12931384262847934        2.6513406354508162E-002  0.12901386945115312       0.13489587189362282       0.61963865297833753       0.32202381588957651       0.25087960868521381       0.10412325695437515       0.11157695861837981     
  0.97105946560131895       0.89117842537747638        1.0056699106242164       0.96848435715505776       0.89547634343940186       0.94390961213168278       0.90596038158557213       0.87470473313195474        1.2053177074269696        1.0244960350550525        1.0153406932018283        1.0876515056439986        1.0771106965395532     
  0.14769637553971579       0.50983247950460697        1.5173814937074415E-002  0.16621173870032779       0.14415336403694864        3.0639231721993992E-002  0.14435028203130298       0.15054451563131996       0.63328071459985169       0.33476104371205256       0.26159523065021589       0.11638663410977595       0.12769983409202679     
  0.96703494956396330        1.0019325193017052       0.95107734020111834        1.0007566625561157       0.84367691428341507       0.99336793325597839        1.1749316125785607       0.90018749823202593        1.1495620049006554        1.0954561177911037        1.0262343985732998        1.0014953745430828        1.1140797863107812     
  0.16080999881947286       0.52850122466211891        1.7783787285098194E-002  0.18109485247324356       0.15974272857942987        3.5070837076806270E-002  0.15824025487463719       0.16549157408779097       0.64565690260858510       0.34668267617996612       0.27273079258122318       0.12893127118251604       0.14390419887682587     
  0.95875142244942724       0.87932125937410266        1.0032038828798138       0.88461086121000665       0.99289135136197448       0.90939747942106597       0.89261630167140849       0.99309424047348083       0.97911638926814815       0.96720083767962872       0.93311290651586964        1.0977666707692064        1.0296902458235697     
  0.17455267930022880       0.54645799914508397        2.0636244080701922E-002  0.19485831401526751       0.17505706552343658        3.9694420526406211E-002  0.17169020778577573       0.18087281760662041       0.65723029092680219       0.35754040856630642       0.28361143313541165       0.14221515351352620       0.16037544559595923     
  0.93563565382082448       0.92246290019017696       0.98920483579310792       0.95768262853019037       0.88997531537710495        1.0628933898823230       0.92198199620782351       0.88729342839199543       0.87016227869914564        1.0277100665227126        1.1039255348618904        1.0079471170502652       0.89581765265965008     
  0.18879295657547931       0.56355754697081595        2.3691625420017900E-002  0.20709223060197729       0.19046141444977846        4.4675234748548343E-002  0.18885569490695078       0.19613275910432879       0.66851767783521954       0.36790848444702690       0.29432961937717539       0.15592889791364742       0.17735381554075130     
   1.0413771300794414       0.89848679538410425       0.99155722679825964       0.91993400104539258        1.0000031668346381        1.1129968120486957        1.0114189480728391        1.0399679819530754       0.92089989180386256       0.96091102674856976        1.1937604867170579        1.1842381016659209       0.87096806780212310     
  0.20242769565259847       0.58007655625201615        2.6960470721866907E-002  0.21902395021369755       0.20575030918193238        5.0062826498401124E-002  0.20481122994466280       0.21121762043536321       0.67945042749645890       0.37753744886871127       0.30441214534935601       0.16992118756731056       0.19438933663003499     
  0.96719720943556953       0.91242442680612867        1.0906892675969750       0.92930622123631212       0.85863599385520617        1.0556680619251895        1.0245934830326646       0.87464340729615597        1.0034028764044358        1.0047305707472922       0.96718633596074588        1.0139789579447565       0.97405148323162738     
  0.21617120619983629       0.59602905162043829        3.0374559024536268E-002  0.23110672191372220       0.22192086106088674        5.5500330895076118E-002  0.22084648236078441       0.22621958647567886       0.68923094757858983       0.38636194493883541       0.31488524031548143       0.18409995339340299       0.21120160418313383     
  0.97303601128690442        1.1345941400816455       0.84449614633680092       0.88386665452935087        1.0107356188188104        1.0020662452030706        1.0215903178307737        1.0701222838359721       0.93563565382082448       0.97797194356742367       0.96565631125918550        1.0380108424741763       0.92248921840080789     
  0.23096556081518543       0.61133184739990665        3.4077901856677653E-002  0.24327952159632543       0.23780527972736937        6.1223856353271010E-002  0.23633841270377823       0.24133761894409425       0.69787146636837294       0.39462516358376648       0.32531390295274687       0.19764651151801546       0.22851370101974372     
   1.0313298256502488        1.0592934808289165        1.1062759819951593        1.0139011436095049       0.99837475477313098        1.2011002706516816       0.89891372383183987        1.0493356635147522       0.95660582897296631        1.1782909818830869       0.89848667917451241        1.2401758901019106       0.85950715889747997     
  0.24692605496197251       0.62597014219732505        3.8157072027325600E-002  0.25530908080945419       0.25268624203295259        6.7212966451632633E-002  0.25132011916463676       0.25669819945454270       0.70579472080942440       0.40267578598054621       0.33519514832113984       0.21114555496563933       0.24578904290299949     
  0.86950527532327626        1.0617967706759592       0.98883681471618234       0.88701536065026387       0.93697650024151846       0.95460752777163294        1.1804371754631000       0.98273928566455704       0.94922471512673900       0.84824740902702578       0.93139062444114762       0.92016815809777808       0.98500618014670216     
  0.26324558271818888       0.63999285185793919        4.2540127428254013E-002  0.26705201396995037       0.26756944925350007        7.3354335133172535E-002  0.26685403312880140       0.27262182992898931       0.71335427839804799       0.41037117942167051       0.34554901419234557       0.22448521029260229       0.26212525999460240     
   1.0534275040441083       0.90640476039595419       0.91580675242099918        1.0325641511246793        1.1243674170478775        1.0702173826405088       0.98259499491673608        1.0523800885021299       0.76221639209881697       0.88931052878573424       0.92213393580595548       0.93274058450693431       0.89978589435765388     
  0.27880010039716707       0.65357454263753323        4.7335258398793753E-002  0.27888771479798674       0.28269047060749469        7.9474454466911926E-002  0.28253270303849459       0.28926938349723880       0.72102725741274043       0.41751172871830966       0.35647721015446437       0.23829675958508481       0.27858168064799155     
  0.97367918934839470       0.96338804873978845       0.89454940705927588       0.84507897602567106        1.0158589126346285        1.2061943260062642       0.95901138814786402        1.0903438978235698       0.97842490201509935       0.95154411153525842       0.89124163263708400       0.94427649083059151       0.94035957415034133     
  0.29376209228137123       0.66662791186330905        5.2748952404731785E-002  0.29145183351875731       0.29795684003717687        8.5860133568286173E-002  0.29905883512769915       0.30648695101665496       0.72874086736766452       0.42472498751261584       0.36789087439967527       0.25245368747255492       0.29424495049184707     
  0.84437893695625843       0.88069874125798564       0.94555145712789035        1.0602737393273016       0.91224619385061267       0.99641762133417699       0.99435272637041172        1.0501192396385934       0.94436673908887270       0.92214914667717440       0.94748974283806997       0.89828228225205708        1.0115196197908871     
  0.30912342169978946       0.67909442640521211        5.8853233008952420E-002  0.30409966522828646       0.31375806123185290        9.2796598436636124E-002  0.31547254795010871       0.32327418751525094       0.73629683295420845       0.43215157869565429       0.37941149667113799       0.26756787239491303       0.30936110974694553     
  0.87725572217326719        1.0130206201191791        1.0402826453786460       0.99346760452797656        1.1399683236165612       0.85549975088462360       0.95151058115160481       0.94314092765724211       0.98496705088134129       0.92097580201804852       0.95991006157474090        1.0987127914592385       0.86587454025689070     
  0.32565817338351688       0.69148777233565406        6.5502993666568449E-002  0.31577095207341654       0.32948618845686961       0.10045035163672540       0.33171772843876129       0.33928582268018631       0.74375375638441132       0.43938094563396146       0.39117743304754449       0.28344937226566397       0.32421587751806002     
   1.1071186633586119       0.98186547592680173        1.0474812576920898       0.86320026939278205       0.85487454946311348        1.0492014609056670        1.1259893026800913       0.83529902804301104       0.91859511033926844       0.84176126452179345       0.90153944811329578       0.86129428685723197       0.94257276285809544     
  0.34171489233670616       0.70341886271533427        7.2558613669677946E-002  0.32714693259243194       0.34444999249028657       0.10837073408542090       0.34742846357794605       0.35492349314679139       0.75123374317892455       0.44658438768034225       0.40379003380496187       0.29982281007814798       0.33822124563968192     
  0.96741610179150028       0.89894491961023415       0.85677492335374839        1.0421406593171858       0.93563565382082448        1.1360117791297208        1.0513407265509240        1.0334570042110867       0.87790040555663351       0.84384878828380094       0.96016989385795815       0.86236350405036288       0.92865258605194057     
  0.35783637151430603       0.71485228021438729        8.0127287104074310E-002  0.33881394490974354       0.35965231134388709       0.11600628083596831       0.36294443142254873       0.37074502279644000       0.75862185891492806       0.45340659926982640       0.41703315625100962       0.31520787431243952       0.35176203623985064     
  0.98590852543889973       0.96129397790049009       0.95967999345330846       0.99939098830252293        1.0030481448327366        1.0186527391761442        1.0586000000403808        1.0330381989560966       0.95374504822697204        1.0106581232758785        1.1095952809715084       0.93882265153111522        1.1247246548515120     
  0.37462324217754239       0.72595588326180360        8.8285586862765691E-002  0.35087276853326577       0.37532016602900270       0.12356058419570377       0.37812309246371195       0.38705681549193466       0.76573526578852391       0.46014487677312693       0.43113864891892495       0.32997911169075678       0.36639966340185887     
  0.92921504263823695       0.81347356845027341       0.98939609962399555       0.99692744592539695       0.92281898529387030       0.97324206562870730        1.0232713739480752        1.0127850906801199       0.87375536346157001       0.93687408638391234       0.99641027766581436       0.88928288874819861       0.91120115041052852     
  0.39202121392850120       0.73645386513046607        9.6804317391067166E-002  0.36310630622560469       0.39112371396387496       0.13204369775701758       0.39332074763948510       0.40309841765188537       0.77255435280386109       0.46715749280955177       0.44567231180014627       0.34526603912929632       0.38148873883514117     
   1.0794271528744057        1.1168538781399602       0.95668810819555083       0.94711340273100142        1.0469721114616561       0.94876149115815855       0.96563499304540845       0.87696285826577647        1.0749911239251611       0.95680582963372995       0.93901749789924338       0.89213640690620388       0.95931448420291776     
  0.40883648445499660       0.74646083707039046       0.10600590028381222       0.37526180834635925       0.40702684860785998       0.14100934320446545       0.40827357873120251       0.41840143508670163       0.77914763890217342       0.47431686968465769       0.46048349608507033       0.36143385799397892       0.39764686013490469     
   1.0544692019592106       0.99631374298204167       0.89619479415183623        1.0395908821775390       0.93154938041604640       0.94579183368796083        1.0790819670075757       0.87995624287891461       0.89899646859344617        1.1531905058865799        1.1042036017885826        1.0186607060679442        1.1530199533242522     
  0.42456855534292842       0.75580912469678274       0.11586244091059472       0.38747182455626611       0.42344998892661362       0.14975908717680866       0.42306814898381034       0.43412410894509029       0.78552872930005380       0.48168821471509909       0.47485859802849628       0.37742594508526894       0.41350886089678895     
  0.90231718854380483        1.0878629346993516       0.96887842170858773       0.97820206046769609        1.0263297503377911       0.92039931316921753       0.91294269243641823       0.93016447721773221       0.85119091591826901        1.0357355348163919       0.93241384326285559        1.1681065439083465        1.0287845405024854     
  0.44036717979536577       0.76478315178884848       0.12634624323558663       0.39977805688599372       0.44057459615774902       0.15861344121594750       0.43796218017515920       0.44997110116226602       0.79177310280994895       0.48918887031846814       0.48927919433461053       0.39315280835714594       0.43018893039717043     
   1.0637914234770149       0.88610459078023440       0.85091503923326084        1.0815320341749790        1.2004819281709624       0.91837135431749450        1.0094450967898334       0.99439767861012851       0.88733484495390791        1.0543347179769802       0.89396092995370113       0.99989353567944728       0.93634093846668809     
  0.45572963861536564       0.77289704728440567       0.13665997152290713       0.41285680918350615       0.45755079174280683       0.16792291830944467       0.45379959734582659       0.46607213934039760       0.79803119876562889       0.49623470547123810       0.50399980993480975       0.40924172904987038       0.44681591150287259     
  0.96951190317854152        1.0372335804485364       0.98504862326591924        1.0386069490199989        1.1900784669144802        1.0856721634398931       0.85972151751625026       0.95588375792230884       0.80855575584195960        1.0641776265762779        1.0615593835820649       0.89428358609304315       0.92830966984871077     
  0.47082193584465759       0.78066326544066800       0.14773872508916255       0.42608457628396251       0.47334963243467787       0.17841101586235830       0.46972793347260505       0.48167689034824007       0.80421849413887836       0.50290577221064159       0.51998001497975688       0.42482910747414332       0.46336985151129811     
   1.0360606761584703       0.90863547181201609       0.90198804798169752       0.94309904247872778        1.0051155491919193       0.84220420888801539        1.0167204122550508       0.91173194798038604       0.96638510987623027       0.78594542060777861       0.93561141392252867        1.0263780275274066        1.0136792882400518     
  0.48590481222377796       0.78875874038351590       0.15951509327255248       0.44046153447727010       0.48876849785601029       0.18963908772681981       0.48534802928507292       0.49654982593444164       0.81013067695990904       0.50945478761332252       0.53548937268070673       0.44000280223054600       0.47958012428020447     
  0.96109238118982210       0.92356044885350908       0.91616241174418866        1.0886977671482929       0.83190220893265510       0.96735027385221206       0.87568391897191122       0.91126178060534402       0.91030607172317834       0.93569271485737926        1.1156038901610119       0.92611449825822389       0.94870053953751099     
  0.50058863743432036       0.79676144617042610       0.17210586706859754       0.45523981899574500       0.50420137979827440       0.20133795819054515       0.50041938316353307       0.51151819259180031       0.81574298964014358       0.51604079129058200       0.55029454813686507       0.45589238877274163       0.49562521856397357     
  0.90580809429278686       0.85981442480413706       0.92439404648140622        1.0499978175572933        1.0830825369302948        1.0596134120579423       0.85050877358776567       0.98405245751940262       0.92449892403823797        1.1101680576957311       0.97543915719707419       0.93373425850567005       0.95167333336716153     
  0.51615574911669937       0.80468378769816118       0.18482212102383255       0.46957925960264330       0.52017646511840654       0.21333769077403045       0.51459946362336417       0.52730012097431500       0.82121245057439951       0.52276541314866676       0.56507734329040193       0.47196852995702943       0.51207984730860412     
  0.92949408422074664        1.0595532126054548       0.93713276706388626        1.0764811035845172        1.0659672257782804        1.0114122413032665        1.1057504806978133        1.1135106798203525       0.90230345345182417       0.89890808422883328       0.88705512500155281       0.98607178033993892       0.91371799209122917     
  0.53201094625770173       0.81248596874903822       0.19832390409132297       0.48414435886061635       0.53665083966314486       0.22555101056883400       0.52911422627083082       0.54290372984747570       0.82668651269384130       0.52948771892818525       0.57955646062470267       0.48817314356508057       0.52869575589001072     
  0.93574095602963325       0.82184975232879476        1.1398824898758948       0.95456990346636339        1.1723591687968520       0.84944691591966826       0.91203875976997750        1.0316301064100513       0.90714185756406651        1.1274436741773988       0.95898558320912464       0.97548088896560592       0.93028582627565248     
  0.54752492929829644       0.82011706789979399       0.21287415979593100       0.49880521914758896       0.55325635694860698       0.23820522175118258       0.54493945096414209       0.55827700353229892       0.83213751149623327       0.53634417615540753       0.59458260170349697       0.50413449549410050       0.54506268921877121     
  0.97262614220735832        1.0296920935984797       0.85505913415737211       0.94010070871829798        1.0455050422759513       0.95178491768376927       0.96417197740760030       0.95782997398958403        1.0004703446233749       0.91986676998564498       0.94325997729404054        1.0807548755222078        1.0975823738124941     
  0.56279671690383704       0.82747295150149403       0.22817944768259257       0.51319376149518070       0.56973273869324559       0.25157017107117435       0.55955628898541321       0.57400244855440641       0.83740905143394229       0.54342895300442129       0.60847306860943862       0.51987172968094097       0.56103684252754638     
  0.93022269368060773        1.0201975545987374       0.96563243238636465        1.0022782355321636       0.95806278964046254        1.0012195970558193       0.92008094109838601       0.98931572388705702       0.80038662416169382       0.93747169366841576       0.81019704643012758       0.96943506670473945       0.84521915327401886     
  0.57810787756255710       0.83453454889565692       0.24414454311012410       0.52822482570451612       0.58407800152473677       0.26557771248246159       0.57334247139571959       0.59062734507491965       0.84259695520449607       0.55077470544293994       0.62232707665474429       0.53551274157610129       0.57729966327845483     
  0.92717984965074096       0.89734618043061221       0.99543840072977841       0.94611851308093997       0.98997856255199634       0.98845674968562625       0.89913997969891535       0.88831676155745076       0.88907043272459874        1.0954641056992440       0.91280725356114079       0.82924242516466473        1.0337479749111300     
  0.59295693964272012       0.84151662210828537       0.26117088098175306       0.54316232851749657       0.59845216349911257       0.28014202808072691       0.58770328386449133       0.60727420365823792       0.84785954377086459       0.55822464779385694       0.63638798585558376       0.55147844989569372       0.59428700995886385     
  0.87914012551068765       0.87029387484625476        1.0021093307616153       0.97142458200242343        1.0629695320708576        1.0444946950218168        1.0011788267051038        1.0312790981151763        1.0006503147387795        1.0055929938700905       0.85385045178742314       0.79583244903262607        1.1713414170843768     
  0.60933313054525085       0.84859658638561430       0.27873747018244305       0.55759018432145369       0.61315750000056768       0.29384351272810433       0.60300755954724172       0.62320465975336370       0.85320899665902106       0.56554811680902317       0.65117064907181832       0.56739439901660838       0.61078661165928894     
  0.99883888374521113       0.92781041349033633       0.90419577278700669       0.87026378408538840       0.99773812119121341       0.88472308764519747       0.98366784903869675       0.88919705446955422       0.83366955995734981        1.1133649357906614       0.87308817466108035       0.85400922848822913        1.0066084080149580     
  0.62575110715565074       0.85570134846953350       0.29627428038888537       0.57215640147420443       0.62896089752118800       0.30823649605581022       0.61913809711080403       0.63818504780411534       0.85848804962367498       0.57243843425964613       0.66708767920060719       0.58249309987977838       0.62697439339631789     
   1.0531118459659079        1.0395350654543594       0.88189284837308002       0.88691467289709291        1.0414040275102139       0.81926532014682329        1.0215814356546991       0.93971902493570236       0.97405875268914832        1.0411483811318636        1.0609127581071665        1.0192580685645172        1.0074085439846219     
  0.64098062089478691       0.86290750310714481       0.31515512464384066       0.58657970148609118       0.64492598310042959       0.32359979604273342       0.63446473990149632       0.65310417614867944       0.86363396322097097       0.57909990177142967       0.68329659483152183       0.59745743907944249       0.64311652025121990     
  0.96687427905424483        1.0384743921947419       0.83576569216805652       0.89319089045081301       0.95147657632387350       0.79855375937902928       0.88379892963155748       0.95349339291959900       0.93523616318924774       0.96152065552002774       0.90555792242011068        1.1406425329246805       0.84770402337476469     
  0.65622955132899863       0.86997256851956850       0.33544752956722190       0.60056089476014585       0.66071412553738007       0.34079671934196287       0.64943014910460095       0.66813807184882001       0.86865595315194710       0.58581798504646354       0.69904521915701912       0.61267875567195729       0.66023451157088620     
   1.0919414795294071       0.87151621754148634       0.85647998231882061        1.0297912586765952       0.86533189727667714        1.0666190914459177       0.82864280261309486        1.1010156675628473       0.85381980198186791       0.94143718279723743       0.92460015399889839       0.98450518703104939       0.99338749787857061     
  0.67078078524460449       0.87682577107066229       0.35747361854519533       0.61444632925435749       0.67635359592737543       0.35951120488830168       0.66438552477327650       0.68384653543181295       0.87351012656554483       0.59273388754078349       0.71505782694689846       0.62780641276829707       0.67867893282739855     
  0.94948230343662865       0.88198736218653240        1.0738628154095395        1.0211659292507820        1.0010445901933627       0.89916823670013490       0.87784474200971774       0.96456173266527900        1.0113302906259845       0.98641357294859056       0.97096912495791887       0.93248861126347460        1.1324212176394801     
  0.68574912789629860       0.88356025898980428       0.38054733017748077       0.62797232177897888       0.69132278243335832       0.37849649644934447       0.67981392594326884       0.69912084197257673       0.87823445432485214       0.59988951369299537       0.73206533820554398       0.64242565432375720       0.69744671853753304     
  0.84315730410913137       0.99067078918903839       0.85172033497120692       0.86582625552426984       0.83773049317797821       0.90443472862515839        1.0209133054730857       0.90744847914118953        1.1040011690678990       0.96924339340989563       0.90892459177642371        1.0442022673033289       0.99190417637522155     
  0.70198478410956722       0.89010651903086990       0.40472414515686111       0.64275749262931881       0.70540183261154377       0.39839014753425706       0.69573543450020969       0.71464282734646289       0.88287443996820125       0.60700655514993418       0.74852107087097364       0.65656068852632354       0.71614695822177077     
  0.93850314304446114       0.89994233507773014       0.81401218801865194       0.93135853488717169       0.88792027697863096       0.88331348924261144        1.0856981626516251       0.93806948972350024        1.0618873831033897       0.83460438639590884       0.96267152112146592       0.91096450877187252       0.90527539465913931     
  0.71777547791965668       0.89655350876851281       0.42834934006742609       0.65878544440191800       0.71918653805072097       0.41866832718277475       0.71227702513633939       0.73037621344204329       0.88742331608369396       0.61405978993874788       0.76391041863997067       0.67059624946084717       0.73376797330891219     
  0.99439357543893336       0.99594042638404601       0.92219026904799639       0.94424199794993358       0.86996641798718266       0.92467253234389135        1.0031380900304698       0.92555000048379976       0.89805743026138141       0.94006006914370366       0.91907281136813401       0.93157307944272860        1.0356784037943807     
  0.73299795848172056       0.90297299888602389       0.45267019721648544       0.67569829576990614       0.73346436584059993       0.44008734217124262       0.72872427039300647       0.74668473264827873       0.89200710091613788       0.62128221915513082       0.77925711768281702       0.68458457581142806       0.74936923133838929     
  0.98612407346399000       0.96112545597425958       0.87362802641857484       0.98282385765703306       0.98936071605836118        1.0841083257572448        1.0779077406614896       0.99141723526864700       0.91129099610873998       0.97026142812701810       0.95714934115819728       0.83813505965938073       0.96362242781856944     
  0.74797718225901544       0.90943326180533990       0.47803885478916985       0.69330641649299429       0.74873732250812619       0.46251171092560345       0.74471261910581876       0.76294993703509129       0.89673261555063866       0.62897018145362438       0.79522047863322110       0.69871480279890019       0.76442360986137148     
  0.88859995946470949       0.94692041104041946       0.91401955226112874       0.99022623599804049       0.92727847821195086       0.92856429217006686        1.0176606717298220        1.0119685084813808        1.0730209405176709       0.95561507452191963        1.0485726997478655       0.90034836751605452       0.90047069825901105     
  0.76261557206814889       0.91579803129572501       0.50583560796396154       0.71051737948540239       0.76394863877017161       0.48614428760746814       0.76095507028975395       0.77888919624526176       0.90151509964561194       0.63713312590929150       0.81100972887788125       0.71423683690548534       0.77921394021163415     
  0.93804698217947990       0.97459779994520013       0.87579085367811982       0.99464615557249658       0.96617461032362817       0.98009400343301056       0.93582209155568519        1.0436995212816442       0.98038485640115802        1.0545654357527534        1.0144391212331607       0.89132048092767557       0.83600901491685031     
  0.77766717378006545       0.92188186159150420       0.53554287928263478       0.72723907315820080       0.77822894702950540       0.51168719713799482       0.77774163061211721       0.79445556210650792       0.90619876288650980       0.64580252027824958       0.82622012114069199       0.73223015987458262       0.79512761814403965     
  0.96522386564045204        1.0599013833377131        1.1051476110770782        1.1190160312601605       0.88074108445378585        1.0214421292367584       0.92258606055811165       0.88740738123441121        1.2263551116751266       0.90471061344032844        1.1333862404126105        1.0568325037368729        1.0207316289317205     
  0.79310646202651225       0.92716811280108669       0.56565065583578100       0.74325662843140261       0.79291634148298673       0.53902647371302170       0.79491401253083693       0.81039036847318802       0.91096512050632106       0.65496583915367923       0.84065894208170078       0.75132296141860966       0.81094589849957077     
  0.92716470779432525       0.95081743837727362       0.91170285168594578       0.88750805612467432       0.96894898524730844       0.93402152861289933       0.98642276576106114       0.91643667694489617        1.0137934439379914       0.96731776458795504        1.0150122630624465       0.93534004829153883       0.97411923674612066     
  0.80862957504726174       0.93203020130720693       0.59636893958607629       0.75989691952534488       0.80708966718122610       0.56725865802839692       0.81133535287410763       0.82585280247647141       0.91587335045592166       0.66454483867440906       0.85415649646449010       0.77070230794664940       0.82677322945903498     
  0.89808128023131584       0.99714877586855799       0.99435145387757662        1.0022019383584657       0.91854342962004876       0.85590292123067013        1.0292205309979554       0.88544803981095865       0.87142760636994498       0.98731711526998789        1.1013954571037059       0.90839019843176894        1.1377918857112028     
  0.82539345566074240       0.93693278021605564       0.62915671146708529       0.77837752306661834       0.82293463620217000       0.59684717017727607       0.82724007458872506       0.84078975605548800       0.92064661741934828       0.67452196992003310       0.86663260085337535       0.79009258576370212       0.84140945574119408     
  0.94782564362060351       0.95697028888268987       0.98814765691452822       0.96538173539719829       0.96696032155569545       0.94490996801376803       0.96080191975624540       0.80707257886563422        1.0914067502537192        1.1332864325680416       0.80728035348272831       0.97261324710042196       0.97210871905677754     
  0.84183420267703013       0.94187743606209784       0.66277275543882397       0.79725180974040166       0.83874889576128342       0.62683016534171676       0.84333562843797383       0.85567077524270396       0.92541633269864099       0.68486039066700388       0.87986506789847818       0.80984620663036577       0.85601078488471549     
   1.1352657497190863       0.99995470335045744       0.91264716417126901       0.94277456640651502       0.91747795359528928       0.85208335368684140        1.0073709044187611        1.0626854426745398        1.1404773781380886        1.0492490707462068       0.96056609149385042       0.88256806211952044       0.88101024232532388     
  0.85820384423238372       0.94729781090784915       0.69752652611782395       0.81718293204512260       0.85490764866478575       0.65829951618671656       0.85840229958656644       0.87051937467531193       0.93063668616203421       0.69523790375474681       0.89295363092774682       0.82932306485741725       0.87091172057536059     
   1.0947267105397500        1.0071277259950431       0.89648518559148649        1.1544793521424828        1.0476360436524248       0.78412270003093931        1.0154819876994505       0.98513240911946121       0.94951452803744585       0.90864089986774832       0.93870842914009778       0.92038604049388939        1.0700978425010097     
  0.87452305818278186       0.95264491297788390       0.73037207653250780       0.83696381470760750       0.87032782897943739       0.68994060987771844       0.87315104412190570       0.88486121372516802       0.93614569118619728       0.70595002249153593       0.90612409816121042       0.84858958286596764       0.88688325157900771     
   1.0717963569340023       0.94836595378567812       0.84837268370619123        1.0459534923614884       0.76208733709903409       0.89941700958333537       0.93684861313057499        1.2485846628546815        1.1668947991394640       0.93309173877857565       0.99038876411739807       0.96329114755977274       0.96533412241325600     
  0.88913496567327877       0.95801014823891306       0.76321070119465539       0.85721079000421097       0.88593705546594415       0.72248409310710415       0.88815588571782955       0.89789416293019431       0.94155845015940387       0.71704728371571325       0.91827961547593895       0.86740151485601424       0.90146915950386142     
  0.99699148949936478        1.0565068531368473       0.84017864065012104        1.0556795472993357       0.91586730732122001       0.98936688671735162       0.87959070783855853        1.0325187410417365        1.0593057958496823       0.94472646228173440       0.90428853001078491       0.90084005655477084       0.88729996511060782     
  0.90477436688153268       0.96347542471109970       0.79803743512355130       0.87728224215185069       0.90128747868563730       0.75662017439430973       0.90366804680075208       0.91040091370299803       0.94678259069999793       0.73012552843905365       0.93046247047682329       0.88727215468664511       0.91534101777033450     
  0.88500439860916336        1.0900033695523410       0.92561344371298093        1.0411782565516450       0.93760483144786211       0.91101761013894078       0.87244156078337620       0.89039719527486438        1.1388510134326879       0.85664497256161853        1.0116634966749913       0.87947290800853273       0.90314726288958957     
  0.91933961548329202       0.96843227904027640       0.83304875608221451       0.89770004258277647       0.91771909855581668       0.79416947385801451       0.91988081833674740       0.92277339085995513       0.95162092263693021       0.74462019738814045       0.94185637893442986       0.90667206907182507       0.92838576721946853     
  0.91757711866076275        1.0795787556755931        1.0142033399547383        1.0352299382936250        1.1091996039510041        1.1735373452299069       0.93352001192784073       0.92663947688034964        1.1889755831348634        1.1177630867753261       0.96828054903736549       0.87953799797343946       0.88634620548492304     
  0.93341767488235061       0.97360099677267453       0.86778828492097837       0.91801902785552203       0.93507043472677520       0.83388565030880779       0.93602500110051079       0.93685629958597838       0.95672477251919497       0.76132698111592356       0.95283613282444202       0.92563484291890574       0.94140132975320001     
  0.90840163700052345       0.97922931083563403       0.96583034153350256       0.97783331925441841       0.98451244816892280       0.86283336525439980        1.0327116147441706       0.93287878881428110        1.0023720711843171        1.0535938007937382        1.0056390728812887       0.82712217472061678       0.82451164213566186     
  0.94991252145666683       0.97929707362867824       0.90222881681358991       0.93792669366762738       0.95162298305662052       0.87498229735969923       0.95254226483950599       0.95349661624759940       0.96295521441989040       0.78141795305809014       0.96357554309726112       0.94388452204475026       0.95640104491617839     
  0.86909892697654634        1.2614478512846583       0.94510536824342595       0.89034830942857102       0.85775108104212072       0.98127839678142748       0.98374173530153497       0.98169328631575892       0.98831329767953491       0.95035028482022688        1.0383677120649721       0.81815496578407976        1.0199238803210418     
  0.96553950088044838       0.98470603108807553       0.93669952685149904       0.95838076315659260       0.96843465928346384       0.91600054727212432       0.96935328253417596       0.97061417601830291       0.96892080410340886       0.81012267772499025       0.97406117389422608       0.96205760393227613       0.97086829474494163     
  0.96012517019080035        1.3538898267152648        1.0689923817050226       0.92483852725159865       0.94030282151372546       0.92867902417115955       0.99736267866305972       0.94163765865212279        1.0679709005189280       0.93084598951567543       0.83997455002199362       0.94761071467260205        1.3566785183132355     
  0.98330557700216681       0.99220173534696765       0.96922491925535093       0.97876815539999984       0.98383904898631724       0.95761959265944618       0.98483170438970336       0.98555026210336449       0.98267996669274871       0.86582830042102765       0.98696407217276005       0.98125511505150131       0.98574501465526043     
   1.0087438122138785        1.2668051684591677       0.97058577942105650       0.90427324879805338       0.91109258539341698       0.85404338070906216       0.96234473829338352       0.89057675112619483        1.2119561753538055       0.99291469627674256        1.2870596361086548       0.95327718118536531       0.87537484379672525     
   1.0000000000000000        1.0000000000000000        1.0000000000000000        1.0000000000000000        1.0000000000000000        1.0000000000000000        1.0000000000000000        1.0000000000000000        1.0000000000000000        1.0000000000000000        1.0000000000000000        1.0000000000000000        1.0000000000000000     
  0.94374120823765628        1.0341219503160046       0.86378536948703222        1.0195221753564063       0.90722146350541866       0.96061420931998165        1.0093967720861878        1.0688992397602166       0.87834730363851266       0.89328308754570951       0.84505588080335847       0.85368538822225104        1.1420385856144877     
   3.9416532067352574        10.508075904146052        13.417088641841081       -3.3393293982183301        9.3512228616898891        18.763531153494998        10.787378724493569       0.96245030550342203        13.255312025439681       -3.1457485577809705        1.4783434923780208        3.3773430312541346        7.7340667910515490     
   5.8234746730370608        6.3408148884571220        2.4438729458146007        8.0089192828917444        11.066241751442316        10.349305375746207        4.0639328237909913        8.9597359241452370        8.9403528013985998        15.839979938703213        9.9213536529235142        9.1200731317427994        7.8700214157871118     
   10.369687355273820        11.364652875327858        9.7441978425382949        3.6083241470631178        11.395869617787813        3.6206486516358636        9.3196490088283674        5.6185949599962246        12.664095726239420        6.1326415099027507        3.0242375944278606        6.9539244700723275        5.9187948745041776     
   5.4217661831383008        3.2976194133432477        9.0716854158927198        6.2703547427050106        5.1289479905315476        3.4653225064443247        4.6454950378541069        12.545892091712730        10.108005988020565        8.4401780153046282        5.6306070257051068        6.8689833626725454        3.0871297382099865     
   7.3456113718295972        9.3239084281857814        8.2991143461975252        9.0362161760626982        6.1890885571700700       -6.7679524388435501        10.055093011990364        6.8151194661529733        6.3128571666323978        10.048309412160378        8.8380188554224510        3.7480035333404849        5.8558554132109872     
   6.0416192939871936        8.5270998073826352        4.6292661084766813        12.098871778748785        4.6702310248745302        1.6342157584810690        12.934313462925585        6.9560057936530519        6.4419466687599796        1.7015335811716150        11.030383876365351        10.721742107713229        7.3616642852535463     
   11.020415429989312        9.8358986626259188      -0.40600390572174150        8.2217239617634430        5.6078068358763158       -7.7715645275639558        4.5094275352383546        5.0026337475122391        10.147974806650371        6.6310145451793954        7.2037684359842773        10.025466766541250        11.301274219358060     
   8.8066152556731048        2.0121453869594785       -3.8621996343803944        14.031326356701172        3.2973608927594729       -18.305652373477692        12.068194654895340        6.9181991721862559        5.3616424706068226      -0.67178875105958535        5.0689150901057705        4.9247125419192459        6.4592532128455549     
   2.6596286077373500E-002
           1           1           1           1           1           1           1           1           1           1           1           1           1
   2.6119012177584763E-002   8.4576359436405197E-003   2.9727992397679938E-006   7.1787403990081211        8.0668858955280530E-004   7.7025241965662020E-007
   3.1082245741114427E-004   2.3803476027300333E-004   9.4562680370161056E-005  0.59432244293076331        9.4502504581095599E-005   7.4667199208503324E-008
   6.2768699368708275E-003   7.0381179767956512     
