   0.0000000000000000        0.0000000000000000        0.0000000000000000        0.0000000000000000        0.0000000000000000        0.0000000000000000        0.0000000000000000        0.0000000000000000        0.0000000000000000        0.0000000000000000     
  0.18376042972777118        8.4179590519683715E-003   1.9668908389265483E-002   6.3193330849096443E-003   1.3042030517364737E-002  0.32824325628959428       0.15023027817350237        7.5433862965609569E-002   5.2772092259093115E-002   1.5850103824469466E-002
  0.45633935569839129       0.58285330933193913       0.60981671571711982       0.51660706812746304       0.47318615738677511       0.44767637544745009       0.46564324796277978       0.52417194909639941       0.50373966360929079       0.54005543781511478     
  0.31385634478802754        1.7132192665426371E-002   3.9516937495780891E-002   1.2495189769802274E-002   2.5863950710572705E-002  0.57029765074801220       0.25082092609110196       0.13744210707105908       0.10212884922441652        3.2424654579262024E-002
  0.55010736281166006       0.74589562180882185       0.62616483540623746       0.67816004200174662       0.48267859801075791       0.67222111462853418       0.60414327618864483       0.60206932522724910       0.67855049870102890       0.49516805875506131     
  0.37742496837800982        2.7156534869707552E-002   5.8825976224004775E-002   1.9785475010768737E-002   3.8731126183957867E-002  0.61632183163286147       0.28727260790510539       0.18469116793582219       0.14166080816573526        4.5967908149979891E-002
  0.56968744955842043       0.67313829314520457       0.60054342151972562       0.55762435372264607       0.59099122848261998       0.52173862306889573       0.47072958272883342       0.68193939970542372       0.55991225739331618       0.51327673321950540     
  0.42581435930245992        3.7435718787595204E-002   7.8290067742906422E-002   2.7211774245806664E-002   5.1870043034204588E-002  0.65263841079585905       0.31551117522460065       0.22211460388424759       0.18006720920125130        5.9157085075679613E-002
  0.55388894270835742       0.66049731132881662       0.72379288998392521       0.53377029918229246       0.60472871481561374       0.56305198657012290       0.47955388964092571       0.56744942393385156       0.71415206291293831       0.50481165034374498     
  0.46066973660924532        4.6377852184012934E-002   9.6698967291178203E-002   3.4447662288905542E-002   6.4764061274163717E-002  0.68175544283237777       0.33568211624942645       0.24857165415190263       0.20824072570421986        7.5248569871921897E-002
  0.57870280769037996       0.63227896391522920       0.55712686707055581       0.55760358404895083       0.58588575673700438       0.53073344263302025       0.51290306057103907       0.55380528931268935       0.55797597857296666       0.65614997123982000     
  0.49164631423959382        5.4775396282300881E-002  0.11364371551288122        4.1808482772181146E-002   7.7962870566249842E-002  0.70139581597006495       0.35445139142872800       0.27105850159377665       0.23777118918847437        9.1244438261854854E-002
  0.50377941162843243       0.55054129941521579       0.60397357281364938       0.53397281257484930       0.52439847052453326       0.53073327208581700       0.55565236005676200       0.57049081294000270       0.61408685458682666       0.56813745197338206     
  0.51935000975031331        6.2693463904967842E-002  0.12989929694446714        4.9223684769867763E-002   9.2127794225512843E-002  0.71892930495178664       0.37168789805614444       0.28985007248864292       0.26464620687715057       0.10785746239981051     
  0.50910667450616620       0.51790044586756701       0.65249854704434962       0.54226245047765242       0.54851200773695930       0.53131946217876458       0.51424511604752088       0.58485268237013199       0.58530487739717219       0.60628360457907582     
  0.54372799531116223        7.0163330634996607E-002  0.14537996678190157        5.6815245714961951E-002  0.10712806774409070       0.73286080916904950       0.38851117889293701       0.30645787953934095       0.28977753341114487       0.12442095012100508     
  0.62639641592399720       0.53041194871084552       0.63741800934970916       0.58491556055967264       0.48774158702494663       0.51558288078875170       0.53815676854613703       0.52036111309304511       0.53983389010706651       0.59098169111883081     
  0.56642131222066039        7.8694403421832482E-002  0.16083272203303425        6.4700984578575760E-002  0.12279830348662463       0.74676541938342955       0.40494827144890211       0.32208307932757768       0.30996696943789276       0.13948384640938166     
  0.60860169560484778       0.64655664905577481       0.58700621789955176       0.51921374641557316       0.62944429501824817       0.52232982406993933       0.58200641103326345       0.47272334692468232       0.53899143995185894       0.63914051717765608     
  0.58406684371944384        8.7366718743343591E-002  0.17627438532681192        7.2547847867867679E-002  0.13813630805494057       0.75951796380740899       0.41931621059995766       0.33831115635784303       0.32944754114354957       0.15499774759677415     
  0.60613501604904607       0.55896315498741145       0.58951793192706692       0.54102682084488940       0.52202800478306188       0.54520606531070170       0.62084733031265027       0.46471108601523542       0.55311040496992303       0.57367087793074056     
  0.60111791803629666        9.6001153431973185E-002  0.19209526979174879        8.0928715235772164E-002  0.15331976421514013       0.77243171301448843       0.43244199592255744       0.35511302076356854       0.34762865128114251       0.17024546778407973     
  0.54804874003374437       0.54907892050912743       0.62791450766600843       0.57513826642365273       0.55575893245279551       0.58289424710556159       0.55620885273513265       0.49832793811335163       0.47390112377768373       0.63680246314201239     
  0.61728230523232419       0.10496301188546582       0.20793123037039798        8.9066530966607008E-002  0.16860696911662748       0.78336238642684042       0.44422209225123677       0.36963861718715069       0.36607359797384642       0.18554696626212924     
  0.52905692122960335       0.53930356176946359       0.57621511138105763       0.56935671156157552       0.59802756663810575       0.57857528789883783       0.59066000568082322       0.49227771393809744       0.46667939379310291       0.53615579684279757     
  0.63237896983571540       0.11422001077163964       0.22286098216165290        9.5225407592957431E-002  0.18399085606684759       0.79356573455331536       0.45599482823993814       0.38604509813821825       0.38517924305176271       0.19390976801643009     
  0.53460694029190281       0.55238481266138184       0.59212597980951864       0.50108025300388570       0.56886107756874604       0.54298528070446650       0.50682219763876601       0.50839913576274753       0.63637740745963101       0.51855871626589334     
  0.64555123816953219       0.12246386043421216       0.23584861575609384       0.10219667179676868       0.19852921610410823       0.80215629507491681       0.46691502397003742       0.40765133292663086       0.40439173007849305       0.20258976122481925     
  0.49822125728749705       0.46494260451074365       0.55321717084061761       0.52248755219870180       0.56947920388292472       0.53072098838849957       0.53298114300475508       0.58922311954951023       0.49199549507154544       0.44767637544745009     
  0.65868856305018253       0.13166007543728786       0.24907706134179150       0.10988669512093362       0.21271966524066654       0.81107474014764891       0.47857098459159708       0.42748664310530654       0.42415041300559858       0.21248205927285466     
  0.50158426259517153       0.52301564097181086       0.53024929257679898       0.52334697929460194       0.52785954194572660       0.52172763743930906       0.56200883874261653       0.61444832444241759       0.60600630454397586       0.57596292245970904     
  0.67141571284235513       0.14067703043809657       0.26276538014482909       0.11799686240716174       0.22789552456966644       0.81925647753219122       0.49076036694195757       0.44496554400715221       0.44332313339229706       0.22308461165831939     
  0.48604450971634416       0.67177974769472670       0.52241660851381289       0.60017880150961556       0.54745280348160363       0.56184919242704823       0.57263736661345788       0.63016457205694854       0.66690511956096676       0.49262309128184351     
  0.68379118013459550       0.15222505702074945       0.27693717416543823       0.12652853428277688       0.24340286900448768       0.82736086646811136       0.50286347301388756       0.46223678989982758       0.46185363127287848       0.23421454719586876     
  0.51134878765238245       0.66158669465478614       0.49718690509198826       0.52374100930052647       0.55943191166579720       0.49073426858841340       0.67691190886817720       0.51868168266727133       0.61188602041167639       0.57060400538635658     
  0.69572843949753371       0.16440304304498943       0.29201337189390941       0.13908138069740345       0.26078690340079652       0.83471671144362625       0.51329715883401372       0.47841138291625063       0.47974670440309336       0.24718376518830285     
  0.56257718959966152       0.53955091001858679       0.48926836320704431       0.63957489411856261       0.52484128286371656       0.51852905152584239       0.62023267895595735       0.49875880567925107       0.55329256189105636       0.52684935315158299     
  0.70705508964562214       0.17696189599311790       0.30724963687143930       0.15185472597042457       0.27667987853945070       0.84187108125153531       0.52371890836132040       0.49389634068886656       0.49588700733079888       0.25937901055146062     
  0.58059709703060736       0.58384610594025610       0.50144507352291889       0.60562279655584283       0.55123959412690038       0.54132128931967294       0.55302249905676004       0.66763423715034098       0.51162479447697462       0.45790163692035246     
  0.71797579006623624       0.19000822295248312       0.32228400144722807       0.16525011764571348       0.29179433518335873       0.84875257806901028       0.53442857302462243       0.50861091161241367       0.51190649033879132       0.27378595707271008     
  0.58919603344945781       0.52378746591573533       0.55904638785489857       0.60367614277602710       0.60116079786240129       0.49377296486772393       0.55883486479127320       0.51111716632856163       0.70051469513084841       0.68933284765312219     
  0.72838035244222132       0.20241193850904626       0.33737641992486966       0.17801716798993145       0.30672933686420673       0.85557596422686399       0.54576845280601882       0.52257123387033655       0.52757893660528110       0.28779900735180047     
  0.56214403703584415       0.57084249208677440       0.59143326844987520       0.66303308385180504       0.52451978081980588       0.51828326230874444       0.62365749243669555       0.59062238291337554       0.58994380422032000       0.62318881618439426     
  0.73767774636367967       0.21402676726977077       0.35329029714917182       0.19168895795227819       0.32200754150111344       0.86193263589192637       0.55794636874337655       0.53453737712722804       0.54253223287031982       0.30367898353277495     
  0.47346578062566919       0.50222226416844595       0.59526499127922161       0.59285112002451956       0.52813236853801926       0.54156805228577087       0.52149034160057317       0.53224774616771642       0.62477059928060752       0.48904091467609534     
  0.74677312333880130       0.22725784344746031       0.36929081324356788       0.20568304398044776       0.33814315714741278       0.86802013737778616       0.56927269532423130       0.54692359007657865       0.55562936282928521       0.32057141048519733     
  0.52114841226228048       0.85528941119639423       0.60305572206158164       0.54640746635393800       0.54680231936228618       0.59488697586912598       0.60075630084482479       0.51534222392686668       0.49334549523269133       0.53948616071588684     
  0.75568715162026612       0.24174799684353748       0.38352314754862060       0.21867647264766910       0.35560386168521652       0.87379679763874774       0.57982320296217049       0.55943263026505918       0.56894454712425835       0.33615557243989469     
  0.50200333737614122       0.73643225138480140       0.53715713617704697       0.59723201662126024       0.56514612489681904       0.57332574732258401       0.65223106770998207       0.53863434149756195       0.54109439891234712       0.55449997362632020     
  0.76408460920422183       0.25620910517110235       0.39775474192882698       0.23052198190366091       0.37424430062893693       0.87935541569097442       0.59001386386615473       0.57314239412150358       0.58356020894278782       0.35194549091955701     
  0.57704191874884236       0.56475049553657708       0.53990501954778314       0.62757737881016618       0.71328944156373353       0.49082256482053660       0.62844922991387919       0.60777174280198332       0.55375848650709392       0.74559652731499815     
  0.77178290564005625       0.27092446904839601       0.41136945935002933       0.24261589449346502       0.39278687095955106       0.88439342107793639       0.59865536336150127       0.58771574787182201       0.59771141836391939       0.36553542785849735     
  0.53353716038211052       0.55150972331407155       0.57909051395426758       0.57748377178098120       0.64765289178628949       0.57948806765886796       0.64011402220165226       0.60390040934975320       0.67653776532868526       0.64408296708889179     
  0.77938621539452835       0.28513143878936159       0.42537916363718808       0.25499591795889115       0.41085144442352811       0.88870811431445829       0.60703066454672883       0.60183785532927481       0.61305010913690849       0.37929164070884286     
  0.48504698805301050       0.56481181209520315       0.52656904005098548       0.56862939947184665       0.59117535341880822       0.54022702421927626       0.53942480464565479       0.61753537015397308       0.60730038321060353       0.50863601078809306     
  0.78680450467856378       0.29890800206482676       0.44024111862915188       0.26863563953274383       0.42784618452503287       0.89287997780420092       0.61459395651463178       0.61550360390359948       0.62804419515171328       0.39426070064728297     
  0.52458772563997402       0.56666526122463934       0.64016450904582878       0.52862248505884135       0.60717323586020566       0.66969908038109272       0.52421832037616689       0.52861178891142702       0.54848741654922395       0.57577113515230116     
  0.79439927932410026       0.31266076073182608       0.45539063236254973       0.28269624112550756       0.44316818661665930       0.89695588375857072       0.62219452996627045       0.62940773797645866       0.64145163293485008       0.40971976335241361     
  0.51286860945010071       0.60705721692677461       0.56493533228639248       0.56134051372398874       0.65317253918109297       0.57227717957413171       0.48698013801382056       0.50033803913284458       0.56696417119085207       0.57643999726701389     
  0.80205894973142755       0.32793675390305271       0.47081672623294513       0.29704045905131926       0.46047228989598821       0.90112939596521391       0.62981503908091097       0.64351188211797838       0.65412996214075669       0.42444403097537936     
  0.54497763793039744       0.61171991728948749       0.57801966863940402       0.56392226624623876       0.65190390229666684       0.50200666804534666       0.72100599432611534       0.51301474391749857       0.65898443920083538       0.57798305572138620     
  0.80948262722369568       0.34301659801556700       0.48568502117455764       0.31216750495731271       0.48090679228774241       0.90537138170853071       0.63785841807858967       0.65727919917345679       0.66509807696600443       0.43870255540306990     
  0.51692867878796067       0.58410281743699355       0.50127884928764666       0.57250613151555829       0.65310834471895829       0.53741220303723980       0.54383971990524804       0.63382759878163009       0.52576438259664626       0.47909155909123396     
  0.81692743491457342       0.36011595956268538       0.50013180955759773       0.32705068291204825       0.49995543291485622       0.90958083624216657       0.64595361223608239       0.67143358831329325       0.67611464265350540       0.45274377025658302     
  0.53788928903105349       0.52321895557140830       0.56110130101734590       0.54416662725221776       0.62281941503929528       0.59064538321306170       0.57900873011090614       0.59871900149862478       0.58534229111244318       0.61622980652149162     
  0.82416347625836439       0.37600101948293441       0.51484548576676725       0.34280121159187388       0.51600489791744431       0.91345317376866453       0.65431508323994858       0.68574376859583686       0.68710096799230702       0.46738969960090926     
  0.55850111365524979       0.57339854746873931       0.48334321445791156       0.64324111703096609       0.61093960717656637       0.48295952039143181       0.63510456603070309       0.64260555120987906       0.65690618889052843       0.53941402542967465     
  0.83023438149968087       0.39305247262999748       0.52980843396627397       0.35878880390862589       0.53270435507938485       0.91741895227723325       0.66299358829945554       0.69628776383798097       0.69830603927162505       0.48251027136034419     
  0.58327628140589638       0.53959204811892636       0.67569221879134167       0.55401764632651984       0.55749396343883795       0.51231901636982657       0.54752624932620220       0.58256963334644218       0.65829111752689051       0.57040991256073614     
  0.83642110255949653       0.41013100384600432       0.54513834501882652       0.37399385126489665       0.54918454576140463       0.92089850311323551       0.67118794544117233       0.70690831627879047       0.70986103216345509       0.49838840876880119     
  0.52845082023707712       0.56834698569652964       0.55496387606100794       0.66873984130837250       0.55002984872750915       0.60714189873079871       0.60082592842687055       0.54074771587532355       0.59231915403961877       0.57528412612809776     
  0.84291347015569307       0.42762059247531586       0.55988204058616542       0.38956001769053816       0.56563363020574742       0.92443511092353281       0.67886897873599750       0.71829314811859402       0.72115403370575004       0.51456732099998181     
  0.57737670443265143       0.58459343423961552       0.56870264255721459       0.58400300328872945       0.67432678227897735       0.63541759339475679       0.60719872739158398       0.56332483000476075       0.57003432003153509       0.53798548970874838     
  0.84917739753089727       0.44565469656697138       0.57601295805544939       0.40441595220712867       0.58229833590220204       0.92769369752633912       0.68641312225955120       0.72942577497918826       0.73254484211982007       0.53169096305334584     
  0.59715794430376012       0.64220777712712596       0.58052560520335983       0.47980765900901112       0.57582638204295766       0.51871939458817462       0.58496548687316208       0.65535581619077143       0.61117577301369741       0.56942855255626446     
  0.85599219461698750       0.46437101592809799       0.59254419310256312       0.42057973901172874       0.59964300953951855       0.93087965139294870       0.69372544005877956       0.74084301878501257       0.74397740212881869       0.54958115818757736     
  0.61308328786188426       0.54206661184090255       0.65905501203715511       0.58344922576324743       0.58463597195065564       0.52775407713395339       0.52727387070831233       0.65015785688803696       0.51506659907250596       0.61345202857458292     
  0.86309410135803821       0.48356806911709460       0.60902892048194879       0.44029014928435872       0.61696702116461166       0.93398696926039537       0.70075896516079650       0.75221144504224446       0.75604367414477769       0.56697092676026706     
  0.59320133309289724       0.53567825180485451       0.49874284634812255       0.59634069169759996       0.68037823457551805       0.59320305355509562       0.61191896773470422       0.65298311316947699       0.49131075999433987       0.53165513032505385     
  0.86945253070046780       0.50163349885916719       0.62577477015183247       0.46071049396489905       0.63348645579167462       0.93704142805339385       0.70809386900717464       0.76418266619347242       0.76824399616665795       0.58398688574149871     
  0.52834164722221277       0.54326268453387638       0.56280365276790878       0.67108712277008997       0.63163329886287012       0.59249190410809949       0.63913099120373107       0.70415730614621563       0.50839843132384843       0.55220414792566286     
  0.87577992824050921       0.51978424008375868       0.64283241888432174       0.48314412324940537       0.64955883890401145       0.94008359115339601       0.71535595956652309       0.77657532743426116       0.78286177128416878       0.60071444314107247     
  0.57646154418082651       0.46632536461605839       0.66430580996753774       0.63114217373794113       0.63618866672395846       0.64340919585110179       0.61231223806879409       0.58719950178295532       0.69382851610549989       0.54525638955174727     
  0.88221056184854307       0.53790442460505639       0.65991472981895660       0.50539539245206477       0.66540595270358194       0.94309317622860578       0.72190093142318423       0.78744411829523064       0.79714445253061927       0.61701616558014472     
  0.62404448257648870       0.55841331309873443       0.53635251428776098       0.60272960842530887       0.59328577855089026       0.53531318140418105       0.64871779105059124       0.57128245464066263       0.62234236702760981       0.68904895386360487     
  0.88846332044400111       0.55641327216779046       0.67678313739853235       0.52794475336060354       0.68073004802622605       0.94581436664027918       0.72874582439563707       0.79721297929800838       0.81015423991783708       0.63364739114320734     
  0.71607677212978571       0.55688444705271511       0.64676317525773652       0.67827134391955057       0.64321534479315701       0.50784712028922485       0.71564996844305284       0.65892798327825319       0.53732296161367343       0.62202361948804419     
  0.89446742122896550       0.57687415941934650       0.69366792302293823       0.54994803482400956       0.69546699725639116       0.94854115125522487       0.73584569014728829       0.80621655206771514       0.82235894467322057       0.65255520249295162     
  0.54172427875247164       0.50818680427811580       0.59073044237613936       0.67216215596629136       0.54100665375672563       0.64423749558498777       0.57390173199944838       0.59109506566855918       0.54553300513573999       0.74043281731128907     
  0.90038246475626604       0.59687236641174735       0.70825757989602389       0.57120807299950160       0.70964608456880163       0.95068268645463827       0.74260878383511075       0.81475089781329812       0.83211945370396190       0.67186690632456425     
  0.59824935026548121       0.60853416088236900       0.56071573311916179       0.61818843107038768       0.52663299955504772       0.61328389790547455       0.63489358885281655       0.57418390447231960       0.52505184925884274       0.59539762093820536     
  0.90609759323689187       0.61878015558994903       0.72139344957588647       0.59247967021062520       0.72386916502603016       0.95283893693882604       0.74993113643922060       0.82377202142188388       0.84225123960210102       0.69236494533241955     
  0.51491735918372705       0.57026283447284154       0.49035511296924100       0.55872472323803757       0.55961837368840017       0.53688130919347643       0.62933913067435232       0.56754894257772803       0.56279030173904510       0.58074494758926909     
  0.91148903039194873       0.64056499935232158       0.73558861959654054       0.61219988894758048       0.74006026670127290       0.95506172458507455       0.75719280794621568       0.83295768931636038       0.85041528571908975       0.71253452486787028     
  0.63577782912901470       0.56706916075336367       0.57550712627082790       0.63453926066116717       0.53563623213536615       0.50745604785377352       0.51446400220472854       0.57550922036144458       0.56026027705463577       0.60477061512977970     
  0.91671936248806241       0.66415036763253832       0.75063180201067103       0.63233824647806980       0.75659530205062631       0.95746546028497004       0.76513819560211394       0.84191470886696751       0.85936155815042703       0.73129922229122046     
  0.55267742735933467       0.79507127520523002       0.55658181777124383       0.51681601720456993       0.58562301366693092       0.47878545810859857       0.58190127905220368       0.57614536235234171       0.58446211103274093       0.56740619933898384     
  0.92141026686169669       0.68793254438936668       0.76549716456124861       0.65502770169300029       0.77154273464172352       0.95961930006315543       0.77276969533418960       0.85067908959744820       0.86871969160150941       0.74972382564469131     
  0.56467825439251584       0.67229922573311984       0.53053719782783093       0.57453606982518945       0.61518873593922285       0.58346004035834098       0.52462604378559363       0.52523223106340111       0.67567518622522205       0.54558189990731587     
  0.92599886596235059       0.71348872562314014       0.78040353736227885       0.67699222609264831       0.78587103865650043       0.96170974726564640       0.78030960109122727       0.85936475427187353       0.87775194690287139       0.76723604323937311     
  0.58705680064169863       0.61786155553177713       0.59691425026623368       0.50500414096146096       0.56929296814355501       0.56732317326206816       0.53564813208810125       0.53902905080872643       0.53882369712367506       0.54454286785809713     
  0.93039328047924841       0.73927794526937740       0.79362899650224084       0.70232653042982018       0.79981398836534345       0.96405713248064706       0.78781300743057714       0.86824611591738521       0.88608815337426128       0.78422691136532297     
  0.62555298988800478       0.62635252811009456       0.66641052430687553       0.68353082764655515       0.55057120949789085       0.55207047965202405       0.55821368027872342       0.51279103880511734       0.49523807340342962       0.63146629425004563     
  0.93473140891781281       0.75917675440710808       0.80683606994158341       0.72702231133312878       0.81403517667577341       0.96632117894341207       0.79506401083475708       0.87763641798198089       0.89430236392658358       0.80128965353367521     
  0.63862776212155814       0.57994073304188165       0.54807873785149652       0.71348822738241968       0.57345679882454548       0.58027292132681840       0.53228587527423898       0.51384648459882321       0.57158469659097777       0.53324972632132017     
  0.93894807985444639       0.77945998268009098       0.81996970624719978       0.75270713545751156       0.82937301124638840       0.96905146867601388       0.80246143055132846       0.88708722606846513       0.90251768747672423       0.81859435697901539     
  0.60734428522872830       0.60924718670306655       0.49517187390191203       0.47360742115301008       0.52660176271542514       0.75492868209448616       0.57106519396624156       0.54866247488983411       0.60430847704436186       0.56780204633551112     
  0.94321086683693334       0.80170843118606550       0.83375650452779226       0.77846607244743471       0.84521838359539914       0.97156606895803510       0.81045905331686530       0.89622641878412812       0.91149470157791090       0.83602473875458949     
  0.60666982139816572       0.51424511604752088       0.48689091149330860       0.65298498051223797       0.53306235506701005       0.61286055977797682       0.63613517654602336       0.61599814434448319       0.53460240722938279       0.63017130588481285     
  0.94783622622196861       0.82295785096536589       0.84796437691937110       0.80433360217399530       0.86043611777211060       0.97432104580359868       0.81873802938499707       0.90529095958806050       0.92128019203547051       0.85354988655681374     
  0.54708601294549508       0.53400102049636344       0.53121970574102340       0.58136941444174273       0.56161958910539211       0.69098605038217786       0.56884795063408033       0.55505641958352026       0.58137101782392198       0.59377410092913530     
  0.95251734880137162       0.84298485064750373       0.86181755627047696       0.83059215701337996       0.87606665161091635       0.97702785662174652       0.82782575902181543       0.91455862481919692       0.93159281575343256       0.87093044697665045     
  0.67205169562964606       0.44767637544745009       0.59186211146745105       0.53436091134872787       0.47323525590727972       0.60023536644466768       0.61692666842417188       0.63736326785874353       0.66418822915627618       0.62322287709354751     
  0.95802905859323473       0.86274403261398269       0.87667071066977631       0.85563375494160376       0.89064189352779188       0.97966996472439594       0.83767020243034340       0.92357214444619329       0.94024040382359098       0.88601071056233360     
  0.72558792227280622       0.46340934140372808       0.56188677862366954       0.55195823118537890       0.54079554348805747       0.81474319176355181       0.66189504667509025       0.58069226521634931       0.54737064815461911       0.51337873183589933     
  0.96340460635565905       0.88216692035298261       0.89121063872394901       0.87967099083258693       0.90448445750339224       0.98229172614993365       0.84793114203195075       0.93383823521513520       0.94882454452392373       0.90112039332047411     
  0.78260834991841666       0.49995300105123852       0.50258273406492238       0.48543027928402738       0.55317015252334933       0.72909466412214241       0.57522767855415813       0.71774439607251572       0.69012408345938181       0.63411037284178162     
  0.96911018987260866       0.90130807648779221       0.90684099779653560       0.90202253515659137       0.92293306815886222       0.98492768020402632       0.85926080397662996       0.94448990602964167       0.95764865050376125       0.91648761414387314     
  0.69978841702005501       0.53961603862851770       0.56550306937078665       0.51848313088918985       0.72954558188495844       0.63097353861809780       0.60279859181374773       0.56987624264388004       0.57557406806328215       0.55455809006251189     
  0.97497694534221802       0.91894526313978864       0.92385938672841506       0.92341036535359233       0.94173336664381080       0.98759409339979931       0.86980845097723669       0.95507719623641274       0.96656423213714227       0.93202721889359441     
  0.60482725789018521       0.51530969545695060       0.63118200461941998       0.69068870982629094       0.62728212036709086       0.68489598931940154       0.52313364438442678       0.61820820732289772       0.60321520961767949       0.62242815383009875     
  0.98115190325359569       0.94038786824667242       0.94356147918823163       0.94232794173120316       0.95574736022457263       0.99031461163441503       0.88807972524030165       0.96615810168464678       0.97492085329829614       0.94906499772113273     
  0.96836537162590497       0.48847810414517950       0.61870713661080534       0.51153256467189978       0.58244899179071929       0.95240225602380879       0.67352916833970344       0.57242841104601627       0.47971185350148488       0.57223348256591811     
  0.98743473063205789       0.96165790987523958       0.96267293092970008       0.96093867937076261       0.96968636575182476       0.99287418295449315       0.90706769961440703       0.97749834487432952       0.98305790070835708       0.96605265030146081     
  0.75125899810947805       0.68434275152541890       0.67873287752899303       0.52809877000858707       0.60604083015786503       0.64792582841948199       0.64632380498703235       0.61133218404825496       0.60178035082418957       0.55993110762523923     
  0.99358107569914222       0.98106000041246655       0.98134692734672191       0.98058311997956715       0.98476089307478420       0.99613238252314973       0.94556367065073998       0.98873775887704818       0.99152188025405796       0.98266720283915299     
  0.75171633296731588       0.64515467114073144       0.69165092176444698       0.54401445911353408       0.52697659761875226       0.87838737246321719       0.53731727333636414       0.69170705667238186       0.59680818472917219       0.68026676114256390     
   1.0000000000000000        1.0000000000000000        1.0000000000000000        1.0000000000000000        1.0000000000000000        1.0000000000000000        1.0000000000000000        1.0000000000000000        1.0000000000000000        1.0000000000000000     
  0.49560879246916756       0.57241572193021817       0.63475014983905653       0.58196621970034046       0.56156908271996453       0.54197311459751663       0.44767637544745009       0.65109464237359460       0.49734100583047924       0.72312530978037537     
   9.4927851249620012        14.892767599641848        7.9313509835348137        8.4381712775817128        6.1833634704462366        5.2188169622313705        11.359605030262950        7.8082321622879167        9.2739739284952165        10.401319674189061     
   9.6392715663966211        10.900771163584380        9.6678200174093227        10.846060189125744        13.069356501680032        5.9194722812418981        9.2801470657830141        8.2779681294103948        8.6335528197031763        6.6445866102961890     
   11.455477352568074        9.2183684608334531        9.4591419816713280        10.952349087220764        10.959335255231027        8.3593290049760789        8.4759150551597848        7.2653578603015152        9.5416409185078130        8.7332110373795704     
   11.932300655789513        6.7850312943055338        10.614245541420754        11.237572974178532        8.6920385815227075        9.7527322538768946        8.7647874478732248        5.8367688571767902        11.965449111875893        11.733759325284609     
   9.7579726911758140        8.5347364370356598        8.4720757443885759        9.4576968886082966        6.9751110191149870        10.904360652269800        10.496592607571916        12.449357281423501        10.281484137200531        8.2762336192812391     
   9.3045038829075377        8.8863557005738976        12.596295164411726        8.0482025750008006        10.222495598159929        10.751375543204777        9.9646354504187435        8.0126381983369654        6.8867248095998477        12.241896895978607     
   6.5447923069414653        5.4591144893947225        6.8225457884622100        7.3895867654910532        11.253459779062185        11.983686586017868        7.5480982335165940        10.175802335193932        11.413120002001978        9.5242188169323807     
   9.7994625928838257        4.7391733582693947        9.4471801231099199        5.6828668087872769        9.9153661500425674        7.5422902413711421        11.728329637344853        12.701228232327523        9.0234335371924743        7.6969814771611169     
   4.9926086425941547E-005
           1           1           1           1           1           1           1           1           1           1
   3.3052927284881080E-004   3.0394844388595226E-004  -6.3696997154713129E-008   8.4743139599908357        1.4329804473194943E-006   4.5333300072627087E-009
   4.7562665482991321E-006   4.6471914329441237E-006   1.4536914927222701E-007  0.32405186247010914        1.4536745862683188E-007   4.8253854209156090E-010
   5.0000000000000001E-003   9.4965317130275171     
