   0.0000000000000000        0.0000000000000000        0.0000000000000000        0.0000000000000000        0.0000000000000000        0.0000000000000000        0.0000000000000000        0.0000000000000000        0.0000000000000000        0.0000000000000000        0.0000000000000000        0.0000000000000000        0.0000000000000000     
  0.15828675100133996       0.20719203068453618        1.5431545660331059E-003   8.8863750019791670E-003   1.5056933074227025E-002   6.6186938698223601E-003   1.7356929843082961E-002   1.3097355683649274E-002  0.57498718435527618       0.11904308850910643        6.8722808236610755E-002   1.5295767423698058E-002   1.8345842232462894E-002
  0.56018347126552459       0.50107978929220565       0.67453664573640870       0.59605551995107764       0.71792477568781210       0.59612780158075485       0.63082008512647669       0.57826220362842140       0.55907688532045974       0.53419393230500511       0.66044932101757703       0.70123441807295284       0.70241561628439186     
  0.26046619731174614       0.32014907085101518        3.0214148156124179E-003   1.7861935976010143E-002   3.0586281635596169E-002   1.3402293486444531E-002   3.4654559827797540E-002   2.5702896013625860E-002  0.73968006663083141       0.18568732946089422       0.12251033024596214        2.9776761916355334E-002   3.6848576455890319E-002
  0.69343240300885367       0.60749417588597288        1.0061595431372758       0.69945713154985889       0.70463467756551179       0.59363825465592912       0.61756631076536617       0.74774341989062498       0.71889724842282521       0.56116713243119332       0.58433332869543131       0.72057367848869713       0.62485145284682786     
  0.31309895431044743       0.38290449595683312        4.4957412044576549E-003   2.7006195500552506E-002   4.5152085034401192E-002   2.0647627955651532E-002   5.2680097655157743E-002   4.1146700040933341E-002  0.77165682032798588       0.21921845204482715       0.15776401452549921        3.9229642671804753E-002   5.1655653482134800E-002
  0.57863796582688576       0.76268738224638910       0.85887297250225914       0.75465516939694377       0.56985187558454797       0.59299346230971872       0.80372022902973417       0.58426493717640504       0.67470911199446648       0.70813392431025934       0.58613706512232999       0.63431599622158330       0.55786439516965569     
  0.35674193263457638       0.42335322226346550        5.9929446586464152E-003   3.6643922556289413E-002   6.0470060893359434E-002   2.8992400688670619E-002   7.1611172217823385E-002   5.6237032546968477E-002  0.79215568902216493       0.24714299029825409       0.19110259805620339        4.9846979109687127E-002   6.7126977605140387E-002
  0.55653589288221739       0.56640671815796362       0.87041063249117667       0.61304870556826963       0.64021213599540916       0.66269991621205970       0.59650480847310872       0.60034385469791907       0.59129268509686650       0.57892889590241858       0.75252785207724937       0.68735657285287644       0.60502262574178955     
  0.38450818500927653       0.45148078524574653        7.5207965004644413E-003   4.6307519180695006E-002   7.8392598489777476E-002   3.7245974934001849E-002   8.9098647280632867E-002   7.0487717761488322E-002  0.80792821710209239       0.26252262598342491       0.21063450765122144        6.2323339848407343E-002   8.1048075514841181E-002
  0.60696328576525060       0.49890873346695391       0.76412237160934315       0.74927203126291575       0.58569526551075601       0.51195268169669461       0.60375880213155719       0.62799538194100712       0.69888864990000588       0.55877211029270613       0.69132692365730575       0.73183550706453016       0.59580382119921571     
  0.41284693633411224       0.47683059187729787        9.0636791145096325E-003   5.5703598497636404E-002   9.5193433785822540E-002   4.4474907741557830E-002  0.10490385473872796        8.4897820974275576E-002  0.82093964142310072       0.27878715611033733       0.22840932869167563        7.5158869741488846E-002   9.5256459618760739E-002
  0.64474542669817914       0.73504401780161011       0.58168948117808228       0.78205960206535874       0.66199036298403224       0.54923163081574977       0.69949712122250629       0.60118820931985806       0.67909174283266782       0.66613933579755780       0.75912459522210507       0.74609760853106577       0.66496240105508619     
  0.43650949342102835       0.49862554990824037        1.1147177517422696E-002   6.5001913468378872E-002  0.10930246308541679        5.1875209807131936E-002  0.12056876661803663        9.9507835524893812E-002  0.83223267311781823       0.29170901591712767       0.24232591029311271        8.7558491833233734E-002  0.10949810372471978     
  0.62230497227992942       0.71089909575303889       0.75503386169533149       0.56917312504359330       0.52752534420764441       0.54128196875948587       0.69037771183955987       0.65024517656389735       0.56365983250342810       0.66896841227359327       0.59183756869791770       0.80963197598052905       0.53686572002122035     
  0.45920930309476976       0.51755557676179065        1.3398879108415760E-002   7.4252740512198628E-002  0.12359387290289231        5.9467164428827476E-002  0.13747771324715619       0.11513693828229460       0.84240172491450849       0.30341574338320038       0.25518165610293919        9.9607997627854966E-002  0.12339675415252765     
  0.64240609976523289       0.60615214181619848       0.73802666961130692       0.62774098461673278       0.59819722963451327       0.59459350249338183       0.71591423375848995       0.62834241398455981       0.66466651700972168       0.66255202459025753       0.60034434924314140       0.63604066118439251       0.62523244860161076     
  0.47674573896936451       0.53527302969795698        1.5787850866790878E-002   8.3871848594059897E-002  0.13842043096899839        6.6793203992574157E-002  0.15464092316570827       0.13033290870686737       0.85155023229295912       0.31476998996707428       0.26703203060278075       0.11122091847724910       0.13984006597539372     
  0.61566032952657634       0.51985145046243297       0.71074742194809826       0.67852510486306894       0.55809350590924889       0.56170385400276024       0.59570733641970963       0.61054997261848198       0.64954539568071412       0.69780241273991106       0.59416287670511814       0.74318019444421302       0.55332680072405482     
  0.49350476760629319       0.55282178756932843        1.8270137990879252E-002   9.4855153069387799E-002  0.15452127244631034        7.3958446596159105E-002  0.16733481523882626       0.14541001722491825       0.85921014832183185       0.32524155779045166       0.27767824446739248       0.12233271973575936       0.15559503941221695     
  0.61993914982950837       0.54723697288873463       0.74354819942935835       0.74215987308810460       0.63790927120439045       0.64315002708809077       0.61404538403591846       0.74605480642294042       0.72285799381540727       0.58519523258200645       0.73284511977617051       0.64097842792907533       0.58269421847247682     
  0.50792991056398817       0.57014544407962175        2.0881340405774326E-002  0.10640519263386541       0.16840772391326317        8.1283648051338850E-002  0.17908150511408769       0.16021993216905336       0.86500810727082955       0.33521328000541517       0.28756165610184575       0.13322394570141990       0.17015542806049208     
  0.66493563741607697       0.66540343650272993       0.63454261323218686       0.83604163580142710       0.60370649448863434       0.54218663152991153       0.54545202879763222       0.70078839937799109       0.65108954520486229       0.67321719272560454       0.57867547366115546       0.70477888580697778       0.54338996665204298     
  0.52175170680118543       0.58569580323400883        2.3637261663070227E-002  0.11772720844078444       0.18358617692940460        8.9412395513243759E-002  0.19157381671030366       0.17545115524948290       0.87072907637867769       0.34550275365897087       0.29736690515958025       0.14466380847190496       0.18602260611039159     
  0.57518365358328571       0.63088369443831682       0.53569086385648768       0.71635414957509291       0.65992541492309531       0.59673710774295452       0.51841598921555843       0.65019216839912730       0.57524859458176791       0.67058581311465426       0.61839779408441076       0.55173878200845816       0.56643771444155799     
  0.53608742033604262       0.59959812557666814        2.6527400786124762E-002  0.12888449215864672       0.20008176072284375        9.7602519541511140E-002  0.20384745876803417       0.19041919524834100       0.87566996486866955       0.35627564580715870       0.30673754339985471       0.15785531506182390       0.20363296384326796     
  0.58082412742786393       0.61789323446652256       0.65996189259805538       0.76611352231425345       0.73971673205308097       0.62336916062478975       0.57325832000938970       0.62388053397786647       0.70209072794634519       0.76966834898135272       0.60866519579302236       0.71101549141583043       0.57915196740264774     
  0.55018798911356814       0.61286494159493110        2.9627205497612410E-002  0.13982858825528138       0.21553138782990916       0.10759177803839129       0.21562726658514605       0.20561211185799327       0.88001122571180945       0.36590884012469238       0.31578469153318800       0.17280383072415301       0.22030035050328906     
  0.66879974351215488       0.62711281923955375       0.62244743647234002       0.63186977688638568       0.68356882617070958       0.58242254510177949       0.64328778017864152       0.72296074095276452       0.56827869548240662       0.63421316222656299       0.58166916709686634       0.60531212450624261       0.77661538182424361     
  0.56285080483542671       0.62581924579729953        3.2909425468954590E-002  0.15058298839292567       0.23071128185601675       0.11886898293836060       0.22908081618239062       0.22095433374710033       0.88416203482549449       0.37350111638167222       0.32443644964729751       0.18887247293488268       0.23698889937728571     
  0.60428957177250675       0.61164011911029426       0.64736929292910173       0.57564347887571432       0.62935341987507165       0.58899077745583794       0.62949776831915094       0.57818763992789235       0.56115585422354708       0.65152953025029015       0.58800155687452194       0.63719982702022326       0.61376267601109935     
  0.57494379927127381       0.63897476254120067        3.6391203174093056E-002  0.16093803870747486       0.24558782342742724       0.13043766901238998       0.24262324229277715       0.23622743669706711       0.88838199965241404       0.38052346392591568       0.33459158228012742       0.20575975390682338       0.25481842091794349     
  0.56394064672033906       0.75434875572349291       0.67962355029069244       0.61265894136781907       0.60740647737976150       0.69736681862580596       0.54223497182931224       0.58661674712957368       0.64859469215225640       0.64375713769203569       0.56368169627975162       0.77519396111722783       0.68183701506761984     
  0.58529945030251673       0.65155935521878383        4.0038409227286416E-002  0.17056719792979452       0.26105699069836996       0.14190403637563739       0.25477293216951863       0.25129628237427237       0.89227961915635923       0.38757133484254258       0.34498263476114199       0.22207398548172436       0.27470865483642387     
  0.60426694341691178       0.61636530648628007       0.62848777526781485       0.63646977081313694       0.58212817793560023       0.53295854442557322       0.55213299528567006       0.60476583262735095       0.58453574447019452       0.53377740645564020       0.71821705943119618       0.67208301351403155       0.67205973587585677     
  0.59416840603213317       0.66396990034255310        4.3980721632880866E-002  0.17882460243750137       0.27683782590297845       0.15341299287466004       0.26778262026881156       0.26684817623033635       0.89607678014781855       0.39460707631899694       0.35553089992573933       0.23791031798956361       0.29345849446511668     
  0.63432685726817140       0.63030924978143121       0.61207682147586551       0.57692170083880046       0.73540484232239867       0.67577499660238494       0.69724170356461690       0.58832301895748973       0.65954703441356333       0.60421309211283736       0.58952087859693891       0.62920628213868035       0.67760647062418411     
  0.60322504537593935       0.67636159489427472        4.7973786229640013E-002  0.18677318091936340       0.29241780847459892       0.16473465931402428       0.28246699408927411       0.28276701696344003       0.89968501596515404       0.40233654066595709       0.36695956894922427       0.25316595004841908       0.31096456394849253     
  0.54049335558841172       0.60117703997547078       0.64864431093847008       0.56795755846896456       0.54938670387854449       0.67557926311784455       0.70020049103427928       0.58430396269616813       0.69921895783847632       0.64676580456325505       0.55760266248182222       0.62697239164404373       0.70978728213617004     
  0.61296339623138163       0.68756226625810091        5.2002565466474110E-002  0.19511736040656888       0.30825772475293339       0.17717868588578045       0.29567641011790113       0.29913601074884388       0.90310236941929856       0.41050871880340456       0.37860558250924425       0.26733379722328920       0.33072182726220967     
  0.57765904405220703       0.65531323347977621       0.69063136520784696       0.58237579638925363       0.56906776573693640       0.61266742517231132       0.67361120813456088       0.64712050984461089       0.60264735665610736       0.75298578074032196       0.54365343522748077       0.61203094621021137       0.69530831650518699     
  0.62412548756796882       0.69678118128860134        5.6645189043679066E-002  0.20450923605322455       0.32576037738777364       0.19165483404756442       0.30765248060312078       0.31670585063306300       0.90594260659489112       0.41837576192603859       0.38924624878330161       0.28160149338946550       0.34736821174778237     
  0.64100385123484238       0.55745395047379132       0.56943701549314463       0.58486120310821232       0.68427666464765324       0.72395364246773164       0.54592772949705870       0.68532082160857599       0.62772641994059331       0.68279606624788258       0.59257489989192202       0.59768536089083391       0.65582009154395626     
  0.63640468609993495       0.70579178759483308        6.1943244390177926E-002  0.21496385142045840       0.34201065739501552       0.20655238680916224       0.31908418769085872       0.33518275912341455       0.90853463782764976       0.42598017255939280       0.39949417863704828       0.29490066275123517       0.36447433869368423     
  0.64632890400274445       0.60461334500500652       0.52751350930965613       0.59685258738255864       0.55134888142139826       0.61609894315358926       0.57839111108751007       0.66219381564838098       0.53211448539987183       0.67379386590352808       0.62215284683853400       0.61852826982732256       0.61367641007562990     
  0.64761065327458123       0.71488009454265633        6.7536748116803727E-002  0.22599666259294940       0.35790954236610345       0.22088946375240104       0.33054778623530173       0.35302493154762471       0.91125957223000287       0.43338747103566588       0.41168460850298189       0.30855667488669969       0.37894636819106886     
  0.67730791452449224       0.56489098896794210       0.64600971036884736       0.56846128105491001       0.65427501064122806       0.73953610873394793       0.60243118834945730       0.66710179499439060       0.53742508313517801       0.73769264776757149       0.55843845675018255       0.64702918605831516       0.64425798260146583     
  0.65759980485263236       0.72371238929048498        7.3357523825123963E-002  0.23638535025193050       0.37434469443000873       0.23510617628080144       0.34263301972860633       0.36976817204025764       0.91390831715931042       0.44034083423964354       0.42458676404615414       0.32333929265852901       0.39287591876050870     
  0.57203357596800197       0.64734668416429997       0.53389554388638782       0.52924153098484417       0.72724845384001646       0.67836720301584197       0.59386388532652046       0.57570598577247012       0.61010370930073510       0.68833390747561729       0.58847379496194741       0.70298734438952126       0.58190245108713345     
  0.66721789726238079       0.73241621345957053        7.9747200961270831E-002  0.24998468723303177       0.39051737567566103       0.24943153662523682       0.35658690758824985       0.38591782297703620       0.91668857659172842       0.44792868393542007       0.43917571082811024       0.33927906357527082       0.40991717846390591     
  0.67878010852910797       0.59324508090109429       0.59467258428982206       0.74367466410275385       0.59968264700291296       0.61359456096775256       0.57987674051435356       0.61146842733686191       0.51302469106477366       0.79371840947486827       0.63142421191375298       0.63741922253761418       0.81240718530172351     
  0.67677338596490888       0.74032554077045465        8.6821538071342935E-002  0.26432981643388165       0.40630071710813725       0.26370327617074241       0.37042259715583253       0.40203083432204906       0.91928959313836500       0.45579543126643141       0.45457540014782005       0.35490924261705215       0.42577253656054437     
  0.65543468874969624       0.69862748961138088       0.65872335420511241       0.59749520851228377       0.57493776212262038       0.56600565749664677       0.59174641790506899       0.58148360008304978       0.63281890221673620       0.60388362051218658       0.63504896713851844       0.60153842082932896       0.62624471518141778     
  0.68657212683346691       0.74801976708895757        9.4309111289348421E-002  0.27710675135409346       0.42217725882065477       0.27765174257090725       0.38604660641573169       0.41927817840618975       0.92181024071294171       0.46314561484595529       0.47076440837287903       0.37187951716452450       0.44111831496228182     
  0.62556191410718431       0.62381064649152684       0.62075790024965538       0.55996684213350223       0.65942511784693258       0.64769750128928982       0.53545589046283748       0.63616847774579788       0.50889866648843385       0.57444987145935955       0.72589159900967970       0.71930540785409292       0.66394701068618867     
  0.69611602062932043       0.75613816435856385       0.10224296646049777       0.28941178725143368       0.43811665866831301       0.29237540862490519       0.40088145323862290       0.43680734848675962       0.92432272867159571       0.46901296403706905       0.48758294857268319       0.39046001214793341       0.45647521489937976     
  0.62257940394619382       0.67222312737272438       0.58344654085433112       0.56270941026536014       0.61227900565664639       0.62899907090283969       0.62883341163636397       0.58846198741111400       0.64367351987029553       0.61577486589931962       0.66646569001395140       0.59201642314960012       0.56735588163001949     
  0.70524697140316850       0.76449142696605588       0.11126417877220540       0.30630322144650002       0.45514338882078792       0.30772320347209298       0.41855441043237124       0.45342087593540514       0.92702739904154863       0.47528349773434436       0.50511328342865602       0.40886264988069893       0.46908024310391866     
  0.59070073556050062       0.65814823188572424       0.59889301784345073       0.72252949473052741       0.62269908606420099       0.65738091931578069       0.65550365319722692       0.58145973094427994       0.60998575570656299       0.59761967453831755       0.67114574797739379       0.71146158766586587       0.57739327280433017     
  0.71442570669043570       0.77256164640083025       0.12085406259899534       0.32413564789657140       0.47260359584136796       0.32283671553057908       0.43549286719032576       0.46917160911403921       0.92978688007384536       0.48189963770163241       0.52344204108329861       0.42765224392181006       0.48158205669773896     
  0.69529427549953338       0.57980220417703243       0.56167559495365205       0.74714431538090875       0.72068018949896406       0.65640259692998093       0.63050822569718612       0.64200005561904738       0.54030521563011213       0.64300866770024900       0.59985459215563164       0.63460792111264808       0.60660863773370921     
  0.72375829094306854       0.77984609536148264       0.13093719799110207       0.33892876086351209       0.48711464324055470       0.33806699834918974       0.45407726901355794       0.48559521540418843       0.93255466498390405       0.48861637389723950       0.54189226968260984       0.44504649901949966       0.49119200969351784     
  0.66274330553978467       0.59756537111721741       0.53842558474878344       0.68173861281921233       0.65647897231159258       0.75938174172187889       0.62319085687125442       0.65787241029665489       0.67382312044494175       0.70277427558732375       0.65426071460013036       0.78710378546765047       0.59647793881239064     
  0.73234143602114343       0.78610428265544396       0.14139783484042923       0.35300478721718209       0.50093041793263515       0.35311989195186161       0.47174334198158852       0.50288644211460254       0.93516418500476273       0.49551968796759910       0.55968318006097384       0.46110333984996466       0.50162445386511245     
  0.60077274182300500       0.66737324584866320       0.60324177238884213       0.75236105302282574       0.58454591056538707       0.63111520166889956       0.71617753756267788       0.58377702845661816       0.56512821346251574       0.65229629826556634       0.65130466854664082       0.59497868773645246       0.64890987460042115     
  0.74098672642575969       0.79253229975399164       0.15132330429755156       0.36612138749335488       0.51553905960807067       0.36949986019846159       0.49047908351425251       0.52062216094634650       0.93755799982149945       0.50237280132409301       0.57761675578519656       0.47770761645720372       0.51524387203174271     
  0.54247978311171385       0.55678049470309554       0.64251103199753257       0.62850214927379910       0.65968666551080180       0.56498740738854270       0.67258747396571661       0.67683705878309874       0.59293963277501394       0.61668910917245268       0.62901267155184415       0.68808176053378400       0.61808719027892300     
  0.74892810235130336       0.79903093105649903       0.16111795089897588       0.37947574817879637       0.53041808192733086       0.38626188495575065       0.51067828426118489       0.53406480673635615       0.93986904581787678       0.50944450508417150       0.59461419897387535       0.49405920051971919       0.52849740602727602     
  0.57843084353109975       0.59177853086046650       0.58066394334100113       0.59226798809757808       0.67107103679543667       0.58396800058668596       0.68549753334041075       0.56277706850168574       0.67093237154337770       0.53796460671292057       0.63545886677638697       0.65599142374630381       0.57695595257577992     
  0.75671498859012676       0.80550784769686412       0.17213640802780480       0.39377995875132027       0.54625030376927375       0.40290478534876911       0.53028191869895047       0.54867805031364880       0.94200503596224761       0.51606967400466530       0.61082467254623141       0.51033445605289651       0.54345563006451891     
  0.64311571918078514       0.65054421399847773       0.57600938075713692       0.63910493264283796       0.54459043098925008       0.65912281956898533       0.64871519132306654       0.73574700654622682       0.67351012944848976       0.59806049133473793       0.60778594906073091       0.67641011123145556       0.63230620035007812     
  0.76428048558962658       0.81182828172885790       0.18343146487452597       0.40896363273693398       0.56269577992671738       0.42020529729221739       0.54812188159940844       0.56293135427837426       0.94403127501535256       0.52321845176545612       0.62663907008998843       0.52311311180682651       0.55678082415092722     
  0.66610707826546756       0.61126282837836454       0.58488987308268858       0.64687235936809639       0.75179131061580506       0.55354404347215436       0.62014553445583098       0.64496021933579228       0.62355718493370760       0.67025293258766261       0.68512008817253123       0.54809795524936478       0.53129289373787514     
  0.77134925347685968       0.81863263157964838       0.19568038033768800       0.42683673875899547       0.57612198741114895       0.43828332573497553       0.56515539867306175       0.57674866874481312       0.94595788438722905       0.53050081424937656       0.64257783613921460       0.53694452764034495       0.57020074796130960     
  0.50423939413450314       0.64676474851083776       0.55158061213300635       0.59693454666046586       0.64495293987363855       0.67404756938456445       0.70909212188109938       0.68980675047852746       0.63682260298510573       0.68087524303584512       0.60741455299132741       0.58748418503418254       0.66814436119693132     
  0.77817557830611195       0.82535059401919020       0.20832805987969133       0.44506687532344780       0.59009954240392282       0.45704839466834168       0.58063382613807557       0.59098053361692948       0.94792625693505594       0.53733629726828369       0.65873683141123618       0.55072480367304244       0.58449773192987597     
  0.60284910466131303       0.64619689109690404       0.54359413202866036       0.76071386817938202       0.70081364479644703       0.65979829204584917       0.54598833729919660       0.54979199147812541       0.62621181902737921       0.71120309175567942       0.70026543676752639       0.55945054065725264       0.65669016274036296     
  0.78417376840026198       0.83253933505070943       0.22163937395714398       0.46311155301891743       0.60265426301195002       0.47617382849663470       0.59479083640320107       0.60502333887364301       0.94985498322859296       0.54451203096853851       0.67493314522248260       0.56433277368001011       0.59826089449233333     
  0.59382246404753902       0.63331935199496203       0.70915136591810324       0.62728442633312786       0.50837054446563412       0.75626601474035771       0.54346656658666070       0.62317609578388566       0.63371009926574640       0.63720538563166607       0.66183159381222223       0.58950527696647181       0.67333505924524106     
  0.79020266035231534       0.83960228638374956       0.23521658021171077       0.48082814696259807       0.61492778961830696       0.49564604737267631       0.61065128527827861       0.61759861751009437       0.95184846613247154       0.55124243178077281       0.69027671539825319       0.57802485418837513       0.61200519330843961     
  0.55665670012631774       0.60154278919447635       0.55382573911584754       0.70950750339101221       0.70247396308063947       0.63960435538372673       0.56464344073937467       0.57593376282382935       0.59307378488203921       0.57328296800340450       0.54777981345851823       0.56160359273101346       0.59483192093440029     
  0.79647504593036011       0.84644913385734011       0.25304634526653363       0.49881980764213318       0.62867362862000964       0.51552485570422157       0.62765542366580385       0.63113004345037216       0.95362091256567472       0.55781962854071432       0.70455043099166403       0.59116486513437705       0.62577082750116164     
  0.56928934411996257       0.61067783286536337       0.66241493520732031       0.55395041856120886       0.63559007265693401       0.69073406894136224       0.62146817187604286       0.65378703743235389       0.54842241891859722       0.63267184180808567       0.73575516794328055       0.53926824449701694       0.64784958425255501     
  0.80259392582848232       0.85334880611449870       0.27421440634569610       0.51902367987586917       0.64388368893057191       0.53581339234391789       0.64460623143091000       0.64404769615065627       0.95536435849791679       0.56435901633233199       0.71835910083358712       0.60467191990989866       0.64011055389708604     
  0.69084160328168354       0.66620196677656318       0.71272995762943703       0.67098057088191454       0.55909053092013639       0.80717727874725764       0.62316727176120978       0.58788032832283743       0.55066834987626434       0.66503443258204964       0.61566055308830026       0.54411888727352942       0.68935109791513249     
  0.80919075775524874       0.86022050255547822       0.29555772614138698       0.53893774535634487       0.66090468940196878       0.55670504717166058       0.65866547684112386       0.65865638937958348       0.95689507674032703       0.57104185591140533       0.73142153143075295       0.61850146659709737       0.65500896705596257     
  0.64063090822448687       0.58595848966459951       0.58422820790323504       0.64725468208039139       0.69029269105792590       0.65532601454265793       0.60463697166308628       0.69459558630010310       0.55173732910211981       0.59504953867231813       0.50718470800714266       0.58594432783998895       0.61598714959343392     
  0.81663203347248658       0.86682273100351170       0.31767453819746860       0.55739786805326796       0.67612674313418641       0.57782287720638958       0.67455593811153158       0.67275663990315737       0.95832803993044535       0.57754207592857065       0.74629995130261273       0.63315196683541553       0.66809428062823439     
  0.61929263175851657       0.60848119330049699       0.59340979064442378       0.59349217823876022       0.68563694783154272       0.70781733128248236       0.61234442334936778       0.63228301179543489       0.51342477969556743       0.63561382849948656       0.61021255507589178       0.55590239497722960       0.54591662461062640     
  0.82416243903304331       0.87348536070581440       0.33965362466178040       0.57595790651948364       0.68889010452721222       0.59800880835161119       0.68870578555280160       0.68789254591717086       0.96027798196302605       0.58410773094952073       0.76137495854779003       0.64833261064904013       0.67973741438853030     
  0.77239767102715151       0.61635285444012344       0.59221781748625013       0.54885897821279328       0.65054569091259884       0.61576386632162117       0.53637320085444351       0.52101619659772191       0.78021220031101790       0.63885506189130892       0.67334170650272573       0.67807132390185620       0.59103887108242703     
  0.83133505873642666       0.87993246570265504       0.36063353040079466       0.59484789082851197       0.70059266682579124       0.61870094560733913       0.70400987502962387       0.70286408815280144       0.96198607452628948       0.59080974254158269       0.77415069271297876       0.66318442319805315       0.69430426191451733     
  0.60737751435529419       0.56217673924287492       0.56118785300130536       0.61464358989699985       0.56519223263456497       0.68031199878616833       0.77286438752376252       0.65910554475994398       0.59710391230465909       0.61263554396907949       0.69826116524026971       0.64436311609925034       0.74634315082644265     
  0.83806203175648142       0.88623582613818686       0.38313553471188078       0.61546210716895322       0.71178219542993593       0.64162779966472461       0.72063448602094982       0.71901461225636776       0.96390450407691564       0.59862790166564672       0.78674707342826955       0.67778854619154927       0.70858091856866301     
  0.59975625228164153       0.64479443752118737       0.65547267463253722       0.59305518953712211       0.56239152235346757       0.67258770225803621       0.68994768692538011       0.65053208886412139       0.62291261546804366       0.64636915818936513       0.61842660762637947       0.61647708829530168       0.62484067199921089     
  0.84397325280553237       0.89245882119147613       0.40798365988253221       0.63158666326184143       0.72155764784947918       0.66523996123231832       0.73658377907114625       0.73412115255758215       0.96574568168958608       0.60648723713920449       0.79935656746413020       0.69281052366772300       0.72266381583171957     
  0.59085946831809677       0.75470981474179222       0.56187593374550693       0.61292793161016190       0.48700128500128231       0.56615490998362450       0.80295734813704189       0.57771216716846263       0.69570401119449221       0.57348699614091636       0.71245367448664332       0.57828979201617992       0.57510279684094878     
  0.84955159850545248       0.89861516000084807       0.43596872520706015       0.64679809870881366       0.73891587307182172       0.68923566953564241       0.75242749376945151       0.74995318234905706       0.96739496595151631       0.61491455921804039       0.81099886842750946       0.71048869748068633       0.73811976420365100     
  0.54104829174960445       0.73418662097981691       0.56211084891371610       0.61625518839895810       0.59324379521211223       0.70294426753600314       0.55681025653871707       0.64966253227267701       0.60839373683597286       0.65080523343603969       0.60479347931137029       0.66052298835652368       0.58822336436072142     
  0.85541646493935886       0.90498175283550331       0.46727422257184970       0.66412829618770342       0.75520473884048633       0.71338906315859285       0.76858191147182586       0.76556055564244940       0.96905226179423654       0.62394127268558131       0.82258175807853406       0.73012706970588614       0.75384262999387563     
  0.63629117383553302       0.67573571683061129       0.61343460632386848       0.60044316928880581       0.60820457727538269       0.63474722035140330       0.66938416786225463       0.64025354298025849       0.70485246578448102       0.58018500660606676       0.70260310307468821       0.54500782898997546       0.60160882023728901     
  0.86161070752942481       0.91116647741043200       0.49753526960427719       0.68246729567519970       0.77164225524237151       0.73575593238427117       0.78556000048701136       0.77904481956706129       0.97054772108526688       0.63344328860216459       0.83481203459788711       0.75088526141338385       0.77012621137209458     
  0.65663483777129483       0.73612186469051077       0.59514759549676810       0.54940340761901929       0.64669209211059653       0.61360312451398913       0.67184045300787298       0.65169108475106197       0.68168384818840566       0.65585431647014680       0.61434648720652218       0.56289666813398254       0.69038125613822832     
  0.86857889704881308       0.91686158555831609       0.52617409365081524       0.70243393566773693       0.78742190791912703       0.75885985552133117       0.80228142895305543       0.79278603297013872       0.97200194759905401       0.64272469813132904       0.84795932461546397       0.77071477405232569       0.78753050334433472     
  0.59309434145052609       0.75975117425677507       0.55640155589343543       0.66330203735223658       0.64184352446977377       0.82404408821793551       0.61748531014792885       0.58281510207557385       0.62901333425028005       0.67178608786709060       0.55001109026579487       0.59976398009333065       0.65081327282274959     
  0.87589876466649952       0.92204344994130671       0.55392001489288334       0.72229460473546980       0.80622414123425856       0.77854405694040629       0.81860773616633720       0.81076309387643419       0.97333430296069157       0.65126333205556930       0.86220255394179413       0.79127187702508528       0.80609774057513450     
  0.60143615126756322       0.64758246695485022       0.59542916010108249       0.61864582215260022       0.69282284618864332       0.63762451468074632       0.57733945334813719       0.67162426572507972       0.61367210785585335       0.60683727454562131       0.56797677172532812       0.60901956974067595       0.64482683141804642     
  0.88416890714037766       0.92703635965899478       0.58245347273153658       0.74172728382425357       0.82492085216433664       0.79765161672303619       0.83509219382720268       0.82758639695876257       0.97469506862044841       0.66232690681586071       0.87650716114508209       0.81318508371276732       0.82434790789671220     
  0.66813609462734180       0.59426920485082202       0.57122904007711650       0.54982895087650063       0.69976342947911485       0.64018558659338765       0.71023866544923409       0.56538059786926997       0.67191890871431470       0.64033883539306458       0.68694884284844104       0.64792061834753067       0.62622748190505384     
  0.89277978749274767       0.93200956339356844       0.61499663037201213       0.76464415472947078       0.84303323852968526       0.81523302795700137       0.85274378065018197       0.84597689870375792       0.97620598397141334       0.67551211777604847       0.89057960875179520       0.83297840401567780       0.84149647823559715     
  0.70382238937837238       0.65068567001544209       0.61179770401173117       0.56869241486066813       0.63860505418596647       0.75081188708103652       0.63050087943550037       0.65977819324139064       0.58972525266164766       0.61102290170991536       0.64627499039258185       0.63971021230580427       0.69427620383346800     
  0.90162798181370007       0.93720691150758106       0.64909571587320503       0.78693526491485077       0.86115702760042356       0.83232861967426697       0.87078944900586008       0.86337265651660189       0.97769367301547083       0.68816955035439831       0.90417913769721803       0.85037728698742387       0.85823805442464818     
  0.77329443693757394       0.66993458952711937       0.61056236705392297       0.58759836940221855       0.59450082297548690       0.65759611850381683       0.67899430263807758       0.62931518827238542       0.77323500222833574       0.55448502991698023       0.76187266925427310       0.56762968515403767       0.59604114727452129     
  0.91047821272184060       0.94295035169541885       0.68799606127286261       0.81366454251927556       0.87963875915857614       0.85571952845437649       0.88849091292239324       0.88005934864576330       0.97956250352984564       0.70083679914276886       0.91646103310827065       0.86859313905892788       0.87568124639125067     
  0.70448273918018423       0.63984118225677278       0.64810946114002699       0.63038064653996628       0.72951378763857222       0.65396832622373180       0.64886214091274430       0.56459686464969483       0.65915699167501707       0.68427754994813617       0.63235005762999752       0.60301658964480154       0.77973066044125983     
  0.91967283010449530       0.94906732173522967       0.72612953235385558       0.84193167781216138       0.89769776257525724       0.87808930118976947       0.90616869910429709       0.89611056655319576       0.98151003353724531       0.71543731230095875       0.92753159293033716       0.88671682969739485       0.89344680334401194     
  0.63513110647929372       0.63732930635476792       0.72034573077954356       0.65285223834116357       0.65474036793731327       0.60580393648193209       0.69988197228202387       0.58198632617935697       0.72653847305595043       0.61834558461428668       0.63213719498861065       0.58809775808844189       0.60353350226657509     
  0.92919167803333391       0.95538443914260596       0.76922280215972527       0.87035175435803891       0.91506025041452399       0.90063181321378949       0.92242713396408371       0.91223123560715169       0.98358609405989295       0.73198286783526556       0.93844476730037230       0.90363671149710412       0.91160408718674590     
  0.61405600812955263       0.69317538551252345       0.56681594448219597       0.62928323089309346       0.55828766954166809       0.51802740307693851       0.60929541685409294       0.76287297275369281       0.77373548550498117       0.62421488075632448       0.62549369939916566       0.56949593935474074       0.73177812684216859     
  0.93885746758691047       0.96140778312724451       0.81430053968028770       0.89956353945663581       0.93204434399998559       0.92484692485285125       0.93831356413440226       0.92849791106722601       0.98581716925594443       0.74867934837752192       0.94923471820633842       0.92224777234015454       0.92966671537660239     
  0.70145694204604514       0.69247287520492840       0.72386227671811354       0.65730227542736730       0.63758326885163330       0.62501090029873074       0.67945877905899466       0.66785181378748693       0.70859637796529085       0.62857573624937668       0.66514438043627511       0.55424400549796726       0.63828324917261192     
  0.94880684151490946       0.96801814225457616       0.86628926074801482       0.92574732022938044       0.94682279048029405       0.94186500501660220       0.95365558248195925       0.94526852090782953       0.98797553239306979       0.76791295016519134       0.96063813645596996       0.94183331612873011       0.94735852003507237     
  0.77860294672980845       0.62939539589241278       0.63716202309789094       0.51721586732325497       0.67725084777384936       0.56323540370502068       0.61582021318319424       0.55662996224536709       0.67391911521193082       0.62518510967826002       0.58229868768692961       0.60964240411427406       0.60614221602324192     
  0.95964478077178228       0.97518555722474476       0.91326097872365497       0.95049264117435206       0.96324182028131911       0.95751384240588067       0.96879743959540832       0.96188899274236395       0.99057244118221277       0.79287217510335539       0.97399167613955329       0.96300478505768305       0.96598393905781277     
  0.72107047714785832       0.58870421832045405       0.53574332106292799       0.66127310070844836       0.61462585645659007       0.53342120340570554       0.69798120891952908       0.65846700645921863       0.69482347451877768       0.54306559308422009       0.62634237127968129       0.58493694027759657       0.65415907570660825     
  0.97923849950317976       0.98577133731331901       0.95767352558038266       0.97565475178590599       0.98223576451555539       0.97935992375266911       0.98435945627299382       0.98156453831443469       0.99455777956059899       0.86658452833058341       0.98658072493107218       0.98151796423010751       0.98307021804797867     
  0.94076641015813911       0.66908136177993072       0.74819470429200441       0.56431466046584522       0.66163968523800176       0.65681901875569615       0.71410734591091107       0.73326274688924575       0.84734742551543585       0.60286358224058567       0.70800481409784977       0.57319953193160234       0.67743905000874838     
   1.0000000000000000        1.0000000000000000        1.0000000000000000        1.0000000000000000        1.0000000000000000        1.0000000000000000        1.0000000000000000        1.0000000000000000        1.0000000000000000        1.0000000000000000        1.0000000000000000        1.0000000000000000        1.0000000000000000     
  0.76215032793940807       0.64309576374644828       0.69041326016807492       0.58190484895614902       0.71941840921348832       0.62322898189205989       0.65050051058883218       0.82178714744505121       0.60917923965700616       0.48400229733068756       0.61866254985682900       0.66102078843473189       0.64364602533392212     
  -6.6817832509422486        2.9953708491087263        7.5313468586979688        13.993312836298003        7.3335338594119426        9.3651749803389883        8.1028818581728448        12.644367867449688        0.0000000000000000        5.4208290918559614        2.4834727357947655        8.2711264041537333        8.2846448182837342     
   5.5371546971731149        10.461851381956844        9.5585238903848193        7.5672315846561968        8.7439466965006982        4.8936805717715703        8.8058795722610022        5.6298148442874094      -0.82720589955735047        7.9848346735745119        13.975584032205367       -1.7961068360547143        8.3569213813332368     
   6.1104510725756906        5.3341609322338828        7.4280592508151750        9.6319610054100249        6.2499151287049646        13.416835875300526        7.2350788235761643        1.9963854409693305        6.7867959650742238        10.234802945057817        8.1751330701959652        7.7950332757411323        7.6498035345859572     
   5.1383288908363953        13.473797906068087        9.4728465146803433        8.0548755980056672        9.7642879498612967        8.3001829816728439        9.3943451274653196        9.4649715469257938        3.7528629552063077        9.5923365574854333        6.1445810770929503        5.6260602548373226        9.9650439857965907     
   10.196342757287658        8.1388476203118767        9.3154237423698980        8.7569156595265341        7.8135236868308473        8.5424061658373773        5.1479216023930459        8.7494144798280988        12.558836151621183        7.5593742033758708        5.2504094067555709        6.6203040271401434        9.1013643560110005     
   10.131980723158403        10.944469387139215       -5.1883300593832802        9.2782558382972429        7.8160811676213893        8.5365470785861852        10.822995775370185        5.0848420766583233        5.2872198755665494        5.6027431756611961        9.5914147632720681        8.2442282768274158        7.0055220559209230     
   11.037564506234816        9.5132991497776302        10.022626307670519        4.7173906160430210        7.7282676231003009        4.8342178179544311        6.3789878293378930        1.0947409944304365        9.3728327390323507        2.5057771210906883        10.680240532969940        15.934595404345867        4.6012471677102615     
   13.531023283057198        8.1179868439271523      -0.72990041356718227       -3.5367407972193825        3.1988379674463836        3.9351362776266305        8.9652817188014726        9.7551753379313109        9.9561214996992575        11.792485710692356        5.3411095426796491        9.6825461538373325        11.276817742831549     
   2.4048299315225936E-005
           1           1           1           1           1           1           1           1           1           1           1           1           1
   7.8511190972836877E-005   2.7596351007963595E-005   1.5340860130090046E-007   6.6572420761776332        1.2686326076137743E-006   1.2815904651993958E-009
   1.3640695024138257E-006   1.0930769562206669E-006   1.7057459726392633E-007  0.60833105185933023        1.7051268517453297E-007   1.5405107436970030E-010
   5.0000000000000001E-003   7.8912363691955205     
