   0.0000000000000000        0.0000000000000000        0.0000000000000000        0.0000000000000000        0.0000000000000000        0.0000000000000000        0.0000000000000000        0.0000000000000000        0.0000000000000000        0.0000000000000000     
  0.24048007899668972        1.1856320077841943E-002   1.5403366857248321E-002   2.1761436694691843E-003   1.5315561901941561E-002  0.55186235675132700        7.0711690307521224E-002   7.8841358540084769E-002   4.4371386988130347E-002   1.6319696648147045E-002
   1.1091160832415787        1.0553768990556238        1.1826947194503428        1.7499661550511503        1.3194504648220511        1.1786599424731816       0.98804329872081387        1.1141311316777598        1.4869229887585134        1.1155454953185284     
  0.30673764391390590        2.3744568396927394E-002   3.0875496093265370E-002   4.3749352217294932E-003   3.0736739288773251E-002  0.67581837983747017       0.11618641524591193       0.14210899536573185        8.7270289917732419E-002   3.2715763514861232E-002
   1.8920096666246848        1.1217351921269085        1.1637875285816752        1.6364503079994361        1.0672669864362490        2.5658188143994112        1.3637484077080715        1.2618275139707995        1.6091133841640479        1.2555003633708848     
  0.32616403667291988        3.5656151800258731E-002   4.6946233485545538E-002   6.7426739802307640E-003   4.7057633279903380E-002  0.69124154814093008       0.13957610482827884       0.18563917964626211       0.11977648258777861        4.9836225091111228E-002
   1.5450500795536994        1.2370440887561862        1.0447066113219783        1.3587745575009018        1.1580644015043287        1.3727903314377965        1.1056615323658330        1.2000878053032360        1.6267448128911095        1.3233443631702964     
  0.34270711669503867        4.7637912552804001E-002   6.3292712923566932E-002   9.2484276604848821E-003   6.3435776796100338E-002  0.70162949640481886       0.15874172992810676       0.22182839021566342       0.15182511737865537        6.7235431974867935E-002
   1.4656063758347466        1.1668263203461140        1.1061015882277072        1.5368497486610708        1.2090930613998838        1.3406571749938281        1.1867178647362697        1.2705166776590076        1.4414833540578613        1.2803011259531767     
  0.35783288787848017        5.9584715018797099E-002   7.9810830296889568E-002   1.1934548449510723E-002   7.9049451941369503E-002  0.71181761413316980       0.17350765130253840       0.25246545531159637       0.17985954976953247        8.1741298960532199E-002
   1.3210249630609809        1.1630184635501197        1.2448192139100791        1.3448582645123621        1.1023827075148434        1.3787274459416550        1.1757197929513241        1.3284240881940221        1.3153545310917760        1.0904746357296040     
  0.37275951617303388        7.1295798661890036E-002   9.6409540450905565E-002   1.4872717948442089E-002   9.4762305202855057E-002  0.71891078170987233       0.18769737060510316       0.28045826333957508       0.20705009783437286        9.6053550666554258E-002
   1.6097493123417763        1.1030530596512131        1.2956221504049286        1.3439890606562148        1.1716150264885397        1.0824904757403073        1.4433784784416341        1.3325103354583823        1.3518726881610550        1.3715883550520116     
  0.38497369385386576        8.3094898903485731E-002  0.11339670463674584        1.7868003228269914E-002  0.11047724378445054       0.72539615604455365       0.20009669625072932       0.30608862297195405       0.23271828249723414       0.11131703083481656     
   1.3746428899808176        1.1659099684569652        1.3159513373408496        1.4054173351591392        1.1594303865168982        1.1785837580203913        1.2768048699095480        1.1126308587950005        1.3479462730207257        1.2711420054069502     
  0.39773942928259365        9.5001493620078051E-002  0.13038402727467865        2.1136769939319275E-002  0.12585968602634479       0.73155547400079579       0.21222747747323917       0.33095092731353637       0.25711877856518145       0.12679329912749604     
   1.1646156711467710        1.0645555889700264        1.3346232025394220        1.2744841046545188        1.0908056862413911        1.1017831818249837        1.2981427053684369        1.1590740380476032        1.1681227452443188        1.2281253643113172     
  0.40921195580634506       0.10682608853831606       0.14722926049637408        2.4452000248144808E-002  0.14046229047174638       0.73757971497943664       0.22262301973085702       0.35525701031914730       0.28079429043048681       0.14278729777341395     
   1.3216243112839070        1.1031869337358939        1.0556131758499809        1.2063105846895594        1.1292314217178714        1.0269695535565744        1.1365698342415855        1.1941550637146348        1.3388931211676409        1.2342678829452647     
  0.42089245690570537       0.11858247300447461       0.16366464914124326        2.8131399703934128E-002  0.15521931503724354       0.74312579475962670       0.23310092559480827       0.37758079861300692       0.30251529631478485       0.15878435363676832     
   1.1608868473848739        1.0572208451667671        1.1240673817192635        1.1461587724662465        1.1099463976520167        1.2222549334421791        1.2042688224106692        1.1339281781883488        1.1445248472019642        1.3818885444068625     
  0.43213576025585920       0.13029434400667364       0.18060257604577470        3.1794869779149200E-002  0.16938373895089007       0.74849913859007378       0.24305405297238472       0.39731566231486493       0.32317020832626658       0.17456885976757733     
   1.0097236965156098        1.1215452182740810        1.3089915428120260        1.2997209080326713        1.1645732145388354        1.2128138915592772        1.2088514486071762        1.1100470471383370        1.1069538252483093        1.2365110630899134     
  0.44354187140688112       0.14197717883883859       0.19771424526389092        3.6054583749965605E-002  0.18385827287715226       0.75391550377131766       0.25315255858579327       0.41628085796175102       0.34260330665710081       0.19027961527011511     
   1.1655036923981041        1.3210771179847616        1.2812599244816081        1.3069743697652279        1.1282832063663868        1.1272481157325467        1.1936226105097436        1.1825147594792711        1.1127335360364499        1.2713157070013859     
  0.45470831640278964       0.15379639937675862       0.21454259017846283        4.0400185922770761E-002  0.19914792681791527       0.75936765189083888       0.26202864128773418       0.43452110661562410       0.36149443075144716       0.20680570728710973     
   1.2887007917297391        1.1921775960302776        1.2303438617593225        1.1747802615000891        1.2509601218419983        1.1355181115389330        1.0422293576750528        1.0804629969486541        1.0748904454218149        1.2064971939912015     
  0.46573152248561511       0.16585315733266029       0.23134408790948877        4.4909319736612399E-002  0.21450354491715290       0.76446872759480367       0.27094150865199529       0.45225371019862498       0.37973438610946691       0.22359920487128604     
   1.0906252256225182        1.1789650357732919        1.1870882900533624        1.2790791112610393        1.1733050151836850        1.0692195452617328        1.1474371730424351        1.0094856780191339        1.1481585768143927        1.3255759743260200     
  0.47690040313576459       0.17801840559295981       0.24738318180748650        4.9522412137236120E-002  0.22973098688076049       0.76936063492167084       0.28044845986906647       0.46964407776358186       0.39768396244795873       0.23975367465648414     
   1.1270134874261031        1.1147487282657449        1.1573462340307665        1.1876395153776971       0.98444944159024250        1.1768879595506774        1.2800725238134811        1.2550809648938310        1.1572130534151985        1.1098649016179583     
  0.48792192463413819       0.19015275539410570       0.26299204479102900        5.4200275240943598E-002  0.24570455990693799       0.77407656058086793       0.29003563026874440       0.48584633209777106       0.41474338170252439       0.25587599106851633     
   1.1506042672162695        1.1532925269386389        1.1417331229290288        1.1154349326617821        1.3500951480944057       0.99752697940174895        1.5087252354984924        1.2696008406199710        1.2283022055538202        1.1193830337037494     
  0.49886101611637979       0.20238716810778748       0.27847499580708918        5.8839122924985540E-002  0.26264927001304850       0.77872750414616176       0.29795363943112180       0.50147905391576075       0.43135511748419836       0.27094132692552597     
   1.1301144337582680        1.2024438816655831        1.0486350673994878        1.1506747673731226        1.2935203978315060        1.1245475719447782        1.0652704035300671        1.0655623673875190        1.2857082348315150        1.0676647444142136     
  0.50977712695794719       0.21490442171511767       0.29395310923527118        6.3714088051260789E-002  0.27907912041770161       0.78317027708954867       0.30566215019474646       0.51563670083553526       0.44722206410766147       0.28581998548230481     
   1.1329448573104965        1.1400554210843525        1.0518268735298215        1.1438805964048826        1.1570569628269285        1.0375757503083172        1.1145485301308038        1.1780560158921118        1.0273438779287849        1.1337691231299911     
  0.52056652848098750       0.22745575793961373       0.30992752732347939        6.8741316352709733E-002  0.29496096065400523       0.78744733061202277       0.31341230043725460       0.52909830064904817       0.46283842992428897       0.30089420065073885     
   1.0413426124471084        1.1785117835197476        1.2273016079009533        1.0002156696548412        1.0906613095522806       0.97017521119348660        1.1102828576973616        1.0694194646050894        1.0637707683709698        1.2097566766468755     
  0.53114878513300923       0.24006602398967850       0.32624808655905957        7.3976394856175673E-002  0.31104225005819647       0.79168676686061568       0.32107415078497087       0.54274813432748736       0.47854953146472762       0.31606748067456591     
   1.1227089712742810        1.1355336030692929        1.0358028774044001        1.0769599700572963        1.2810982673319200        1.0492838820361106        1.0694107903608843        1.1310294334952449        1.2108487876741789        1.0724730958326527     
  0.54186248681048188       0.25261322470379416       0.34181049139627157        7.9460051581280389E-002  0.32773302150393990       0.79588120588289113       0.32919596119817068       0.55621986599034745       0.49424069340986565       0.33107385677116002     
   1.1014066707934429        1.1392302017102751        1.1282018775291633        1.1974421034343750        1.0617267543876394        1.0001607544577436        1.0393683100093489        1.0257943584495002        1.0790803297963694        1.1819167988362416     
  0.55260318340007430       0.26489755503122658       0.35702826404661980        8.5054253154850892E-002  0.34436388019268349       0.80010309207670360       0.33732297548644385       0.56954380915925051       0.50918925829126160       0.34610625217476221     
   1.2015989954783048        1.0101265809783821        1.1994336421151912        1.1470688784709826        1.1725656052565172        1.0781110391332585        1.1110146824122726        1.1960163545443665        1.0983344148237257        1.1293702751671033     
  0.56343156063212230       0.27734602178900231       0.37217268461800318        9.0641629260443057E-002  0.36128488851544605       0.80433910235317907       0.34555832803242936       0.58272148464872786       0.52420481383429229       0.36197388610832482     
   1.1281651688032461        1.2655181616270279        1.2643913229473600        1.2647301778558295        1.1694669146439507        1.1705875928449201        1.3654369418131529        1.0212230033905723        1.1477503811521532        1.1564866583446998     
  0.57407251007325422       0.28995804142102355       0.38725641437135389        9.7119031114695581E-002  0.37816769049451543       0.80855262141086370       0.35377043370083833       0.59560538011116337       0.53884875971798296       0.37800480589403035     
   1.1246680748666149        1.1164941377402731        1.1022680530567408        1.1504624968324573        1.2153620292842018        1.1200536286681653        1.1851437398043470        1.1342723118101876        1.2117412296464574        1.2447327214550061     
  0.58480139959903288       0.30275741397248596       0.40218461126366756       0.10420886426232856       0.39437818776036021       0.81272723586375850       0.36198681606800015       0.60843225518709354       0.55326634482997228       0.39359650119136730     
   1.1046565175243046        1.0603177467089822        1.0693566715228662        1.1671385929659457        1.1158983675105334        1.0032163690830405        1.1384859387380488        1.0834121995869928        1.1128306325002622        1.1480265995103163     
  0.59556284530579573       0.31556623228630487       0.41697672419174547       0.11158857014939309       0.41076388620962140       0.81686851723161491       0.37018332841947571       0.62038420082240875       0.56707215934451705       0.40926122683884020     
   1.1542827142489180        1.1850745869395876        1.1095297685260948        1.0711668112249724        1.2786553497347362        1.0043462556965475        1.2498637058893254       0.96606800341598953        1.0403362074787681        1.1647906740971490     
  0.60637926250028973       0.32832166973075061       0.43199315602900679       0.11916719152541405       0.42705466595985891       0.82101309476426254       0.37841316106961115       0.63218753191285937       0.58073735210060229       0.42490665399207189     
   1.0558215704094016        1.0437360740564154        1.1771892333167204        1.0926449670524734        1.2446443910013001        1.0875446349453932        1.1272090014625185        1.0447789738202728        1.1567361546017059        1.1139630458359959     
  0.61728303090901682       0.34110981391563311       0.44699492429666082       0.12730459362068342       0.44321817098884109       0.82517669771185786       0.38649125036531029       0.64366581151363089       0.59422138000050995       0.44058137084425936     
   1.0242754189913787        1.0764133135540874        1.1448396489314678        1.3319571341671765        1.2462078003993293        1.0740355630083722        1.2798842146234786        1.1500270083649524        1.0867499651308172        1.2467488269748896     
  0.62779018418809951       0.35394469072511925       0.46215331160247608       0.13599799234081572       0.45880248314610000       0.82936177670749955       0.39489126989895951       0.65506943362721592       0.60769851530659869       0.45638111433524275     
   1.0514352923665267        1.2076558563272728        1.1156740730668784        1.0876284326152632        1.1753379582354122        1.1365061594081274        1.1206462149553396        1.0788729633756320        1.1837832379828344        1.0296325858835635     
  0.63815403353423783       0.36714041253928231       0.47707319774948664       0.14490236903836043       0.47453216974813717       0.83346835928776908       0.40339939126216895       0.66625313239173412       0.62083792254242831       0.47220975977474350     
   1.0889857889810381        1.2647055742398794        1.0929996954316812        1.1981690159584588        1.0714868995152360        1.0858533738136105        1.1877759712812854        1.0176040300871878        1.2108986893946840        1.1393109921376727     
  0.64897422579046160       0.38033052073941087       0.49215792519374596       0.15417169951612492       0.49035864420037834       0.83743431152884473       0.41200893018997947       0.67743799040294972       0.63394935775631822       0.48816906232875895     
   1.0830892380040780        1.1709208799252679        1.1353342812614853        1.1761098729269999        1.1029118998621230        1.1334314164019854        1.0980961993808058        1.0888243093303061        1.1930571667228838        1.0645699037890215     
  0.65989197974662062       0.39368667002285412       0.50715359128658166       0.16400373780801164       0.50619480989540944       0.84136335622831371       0.42065281471814514       0.68859951476932146       0.64692464541563910       0.50399654878297118     
   1.1763327378910360        1.2134293626979609        1.0831208374367904        1.0412968715397624        1.1656668407645989        1.0856079716695539        1.3499108376676732       0.99393382521801199        1.1048944544679964        1.2061718680770859     
  0.67043719396431645       0.40717838350740559       0.52265505179496929       0.17462615256735081       0.52187846105070357       0.84509219929883428       0.42924767293155908       0.69955669568096823       0.65959838287738215       0.52018192670551455     
   1.1288653272256846        1.1635480343218632        1.0955724193218943        1.0609861662355318        1.2013929604081517        1.0956242110141006        1.0803686389073541        1.1433748697530750        1.1313717711460836        1.0110609541085744     
  0.68084187274026575       0.42111165015290480       0.53828622407509585       0.18535672135910969       0.53767896113379454       0.84890583427451172       0.43797509271069346       0.71034007811808897       0.67209642222782673       0.53640938719634290     
   1.0960880682581993        1.0854591372774940        1.1246499038425888        1.1020464130393552        1.1018484290113273        1.1087880633167595        1.0997701139417200        1.0649545534938039        1.1514065113276037        1.1603047317957915     
  0.69156420135587360       0.43539453535523470       0.55324249978221873       0.19643825229214881       0.55307675353369035       0.85285709602092807       0.44683153259648251       0.72093275108107013       0.68447502586261211       0.55279337527579553     
   1.2544688693934143        1.2983573806557585        1.1054820133485008        1.0081823024072027        1.2982082766016405        1.0259793496166962        1.0244589345330191        1.2050989116916146        1.1942250723268426        1.2222655383792640     
  0.70230958052426695       0.45011691217276395       0.56803815943869362       0.20776942387131014       0.56821710386385360       0.85684477684377025       0.45553510372343142       0.73149034909310073       0.69703449235538484       0.56901881741986271     
   1.0273093627610332        1.0855686359988939        1.2144450112204053        1.0754588690945317        1.1388753910369724        1.0478288693749245        1.3553970669757012        1.2950961387589102        1.2277167363564725        1.1059054352399784     
  0.71277114125439445       0.46481532414430998       0.58344347543216535       0.21979733844471894       0.58486977366375004       0.86101650319981526       0.46421526085926401       0.74229598693461329       0.70982465860669375       0.58536818275709090     
   1.1088961055485400        1.2720079521344956        1.2928261719978058        1.0877781646766298        1.2037047434336485        1.1021122205806815        1.2001306899631619        1.1994044738603735        1.3069256438190118        1.0975489725648440     
  0.72314316330843331       0.47924271475586327       0.59887441075422598       0.23210104154122058       0.60131725792266144       0.86520366304924878       0.47273984674712999       0.75229991842115884       0.72292450445420653       0.60120302563273686     
  0.98894211899188411        1.2598120582908774        1.1760833513762501        1.1052435240543090        1.1897311960375221        1.0741309967820156        1.2334457438764130        1.1918837776873534        1.0186972149280777        1.0374567665111774     
  0.73373470741236591       0.49399236407066593       0.61490028226450355       0.24509344375658643       0.61814734345185063       0.86938563954240022       0.48130130356829814       0.76220403657412727       0.73635630572454414       0.61696531389607989     
   1.1894939041604471        1.1820104684839265        1.0362818172422403        1.0984376380753733        1.1063114577830886        1.1181048770305462        1.3733706653783988        1.0498819156186305        1.2083592162707137        1.1364412581616663     
  0.74456310287274652       0.50976592318542524       0.63100074361392644       0.25856920411113171       0.63501254112470207       0.87357179898802217       0.48986009553522980       0.77208343219066511       0.74970910719592854       0.63302986829806218     
   1.1303700591613766        1.1215965062714657        1.0724175967632283        1.0942035602858446        1.2215100159585150        1.0438904892104908        1.2040014217995421        1.0894807319553275        1.0422749363540846        1.1475626846999434     
  0.75474152199351163       0.52553430198206852       0.64715460791584434       0.27320330703708012       0.64991033023582978       0.87788770467019250       0.49856799377728650       0.78193543595199666       0.76285771132205382       0.64863466876140830     
   1.0918169295862170        1.0792476280388177        1.2829709294854257        1.0874197883743351        1.1373578207787414        1.1353930499761897        1.1771444688639139        1.2326062946333460        1.1545068412840325        1.2194371082370852     
  0.76474536005953320       0.54179432029414187       0.66310905901439632       0.28802890972903655       0.66505860685925322       0.88214439661430255       0.50735442913045514       0.79148079407175054       0.77589444726370405       0.66391711718342639     
   1.0960259827638041        1.1880554547372608        1.1142653040780133        1.0324171897215935        1.3346689876794633        1.1873583386454323        1.1002162440055450        1.1084951914626264        1.0906359151414673        1.3327024937245429     
  0.77508093944997880       0.55795555749334991       0.67882427719190364       0.30337163302964498       0.68027702649396660       0.88607812119117535       0.51643040876461488       0.80093507551388821       0.78839083342633964       0.68009880628230746     
   1.3041662628526576        1.1492442877860414        1.0586609506179148        1.0629253556666411        1.0908800061403094        1.1568936336001494        1.1535366274845777        1.1085032366954859        1.0478321391537757        1.0373182814862185     
  0.78530510042540036       0.57405964677987709       0.69468578714920959       0.31909675513300156       0.69558487133232261       0.89009575487522907       0.52584650931153221       0.81010740688537686       0.80075084480587377       0.69649615139128540     
   1.1240554582096083        1.0916077685945835        1.2213173967641555        1.0107037427738546        1.0511217980404601        1.0776052837712948        1.2151101040721799        1.1323725479346849        1.0406318012025448        1.3139287177460381     
  0.79577396582130389       0.59019685618274231       0.70953976627099513       0.33552165503990800       0.71109583668645526       0.89448857488974498       0.53527637448887555       0.81930062805098680       0.81335005953714312       0.71190043097880629     
   1.1010197764663672        1.1798982320476661        1.2096071423395480        1.3059884493743488        1.1364113500333768        1.1094493385521800        1.0012154495499226        1.1853697246652073        1.1898109122448308        1.0452353300164203     
  0.80626706478499177       0.60662732226525296       0.72399300445400672       0.35271688567076448       0.72614197490794596       0.89885763068495583       0.54474097127294041       0.82856060858643588       0.82588184425904065       0.72722724296038810     
   1.0987619196389169        1.2794795523877880        1.2016425756669193        1.0358706428654072        1.2318971895968616        1.1174701953899442        1.0830351120315576        1.1231081210543430        1.1561512243904697        1.0299376794554387     
  0.81669777611404026       0.62336184340683842       0.73835182601820359       0.37070532784838045       0.74169759135249358       0.90324629228288877       0.55441243968295617       0.83782516098959148       0.83804494184655254       0.74230388916920265     
   1.1265534283198353        1.1346305723572596        1.0554895592907552       0.97629778182115057        1.2009960644707933        1.1464441241090784        1.1648246445038681        1.2206479388710931        1.0635737945787473        1.2953940240114110     
  0.82719157429410461       0.64081600040425457       0.75247354111171350       0.39091716697100226       0.75752792192759244       0.90765396378388685       0.56444756967386567       0.84679199069146172       0.85056884834542368       0.75723332552606704     
   1.0926011007138647        1.2638908644188458        1.3468210591289522        1.1367428413232379        1.1025113468286678        1.0440905878872884        1.0425409851606098        1.1512585206330384        1.1482472323186750        1.1164280607489414     
  0.83767738472217701       0.65899572434205045       0.76725698830819133       0.41315597782466140       0.77264224241193891       0.91207588999636058       0.57450534404438225       0.85574009901447023       0.86049691433773634       0.77152556540631889     
   1.1091160832415787        1.2844699686852996        1.1383897073383220        1.0074060968581258        1.0902422888390002        1.1729663382906275        1.0419690113545281        1.2228348221435450        1.0259713535759034        1.0400488097524714     
  0.84826223823675873       0.67732558329707082       0.78220156215820102       0.43590619561500338       0.78777864367572126       0.91649825035575228       0.58466410653225198       0.86482352485684222       0.87021105975790802       0.78595965795187783     
   1.1160386294681262        1.2521708559542966        1.0733632119149537        1.1611746026177998        1.1346829330583206        1.2051270349278143        1.1387814322079102        1.1902159130595236        1.0784570961169877        1.0915876699646718     
  0.85862447556338317       0.69550206644838741       0.79667827783259504       0.45887633122290183       0.80191123077082471       0.92110199519396629       0.59491647306300588       0.87404538796130715       0.88001290339245308       0.80057836676750638     
   1.0684337670944661        1.1845982986139891        1.1288435855538184        1.0489456176407759        1.2266487765755283        1.1929275626465543        1.0179719192036187        1.1371568004454828        1.1250310725177886        1.0296497890989083     
  0.86902940159040420       0.71326508032889768       0.81108288841403631       0.48448709637312781       0.81616044914192909       0.92580972690893437       0.60516178601862258       0.88340124691481703       0.88979465807243951       0.81511943473286974     
   1.0883749185192535        1.0830737805216064        1.2642914046307183        1.0562999984632830        1.1144743449471635        1.2978697452338486        1.1394282995696978        1.2825818990824360        1.0867833454086921        1.3753036471647095     
  0.88028168102535687       0.73119615318200404       0.82706040508353296       0.51138820569244170       0.83004710645860369       0.93053348544829972       0.61605900006584968       0.89265077789053082       0.89973334204113531       0.82980036661052148     
   1.1627780802002006        1.2578939740368540        1.2078254088236495        1.1367896386593785        1.1447877929344354        1.1905830717555077        1.0843539362909604        1.2237886350602882        1.0658856999820021        1.0625929439831758     
  0.89152306066488163       0.75003452184612374       0.84263572364399919       0.54046359267712485       0.84364697039448278       0.93534468252859193       0.62796343303595381       0.90190805951966024       0.90954158780593319       0.84472110365013753     
   1.1331688312276804        1.2458448156775155        1.2958458235575561        1.1413068227514467        1.0466921298952974        1.0955635394816412        1.0739995203132786        1.3501874773226563        1.1168195395749545        1.1578576115519310     
  0.90274322693156972       0.76904635403977040       0.85787034020433672       0.56955843762800917       0.85908491421799049       0.94035885978482547       0.64088661347548681       0.91126122580724078       0.91901268199873642       0.85950799213146423     
  0.99432801750496447        1.2482041353232456        1.2575318960575577        1.1073296313065915        1.1529579361984879        1.1425561256495971        1.1182998300954416        1.4786767481852778        1.1036341475430720        1.1659996109829212     
  0.91391550036159885       0.78662750856113117       0.87318228478302740       0.60439607101870962       0.87413185805588145       0.94547993376649864       0.65502159023369888       0.92056784641708633       0.92840628513743240       0.87434154655031338     
   1.1795739908447651        1.1598794675472450        1.2261047525155302        1.0662933507994798        1.2361009871048727        1.4449869935744253        1.1732773888331127        1.1961583045335871        1.1735511107619310        1.0189432460143697     
  0.92522262662116983       0.80482921797205886       0.88885353066819572       0.63987254109317238       0.88908402055603508       0.95065658358239824       0.67043803981793615       0.93005624045614821       0.93777813997219150       0.88966114036396315     
   1.2465255096724845        1.1574575823443909        1.3330507542197625        1.2330207746277408        1.0263167153563775        1.2669724839510641        1.2446719600132603        1.3476708363215681        1.1327802948684198        1.3121785038824667     
  0.93653065479434749       0.82442899604418074       0.90438033262773942       0.67985034958239521       0.90408901254796492       0.95591669146832092       0.68759964301553655       0.93963762197594114       0.94726925260147354       0.90466467862361355     
   1.1882166671406251        1.2908402663252301        1.0481271153585026        1.2292934734529402        1.2765175958351453        1.1977713261740888        1.0637949029269591        1.1714530566931647        1.0708387673601458        1.0794779855211303     
  0.94739985763267498       0.84539441624243095       0.92011603319497715       0.72193406250543013       0.91878900233783034       0.96137722177425944       0.70645140170217624       0.94929951517472444       0.95650627774772012       0.91995910044149531     
   1.1706377714378156        1.1803644882662909        1.1642177024312683        1.3098731227203491        1.1620279538028540        1.1942739194366225        1.3431123783327439        1.4368722215941805        1.0095519403615980        1.1558719737547507     
  0.95858739402050663       0.86882005940946982       0.93595583155582629       0.76891693536177963       0.93346833586012068       0.96680743875422004       0.72775044631269303       0.95903463059157124       0.96584009024749784       0.93516719490960931     
   1.1749346537893932        1.0868854166108304        1.0455194521197229        1.1065027674356320        1.1644466304940531        1.4955767782274512        1.0431426381680626        1.1967760007369559        1.0903028442562042        1.0859222392407684     
  0.96892485594420097       0.89551174506613440       0.95265078013595628       0.81985257025103120       0.95020908843158214       0.97318828845927097       0.75507747699423322       0.96904049952261773       0.97436368233335302       0.95133758753068076     
   1.1402337232361874        1.1773334269488849        1.2881574998894405        1.1377999971927353        1.1906949075172262        1.3391167589171571        1.2723474608509469        1.2315131794157557        1.2253884713456935        1.1982646931715957     
  0.97916697470792102       0.92598257381959515       0.96911341591764577       0.87500452421810482       0.96673298523925555       0.98009925135923337       0.79588877064923347       0.97907646186647757       0.98290051471998985       0.96761491071776828     
   1.1148572707439255        1.1760518840738352        1.1367841455960164        1.1072568046382483        1.1218174597964627        1.3874978436528316        1.2148858732434618        1.2464975903210500        1.2878453837436998        1.2125405272167726     
  0.98966341053595375       0.96162427895636915       0.98442447535279065       0.93575517493601446       0.98348629804826970       0.98920215748051921       0.87041917431914417       0.98947110424459706       0.99145061880752605       0.98374085450722204     
   1.1676196237725975        1.2275599424613339        1.2918072486354619        1.1463018830628098        1.2641345612592405        1.4359760639632311        1.2403800480755178        1.2309446389022276        1.1424129631815194        1.1830947835794445     
   1.0000000000000000        1.0000000000000000        1.0000000000000000        1.0000000000000000        1.0000000000000000        1.0000000000000000        1.0000000000000000        1.0000000000000000        1.0000000000000000        1.0000000000000000     
   1.5175430432418142        1.0819758076453292        1.0641716278985109        1.0842635517682921        1.1641709991697193        1.3893274608426363       0.96554163102674728        1.0912266421974643        1.1343268062446963        1.1611699981792138     
   8.3746888231600281        8.1929325391540750        9.4742534886704632        16.573382139777191        10.238732277653538        5.0964648166304567        10.720705337993524        11.771869926150426        11.696241052115015        9.5760720350726007     
   8.6226181372429096        8.5699933759570168        9.0242322429291697        7.5945599811118871        9.6724858159835900        5.6983848146692804        8.6199866069555249        9.1307763216863247        11.883116417706303        10.480962505190227     
   9.2670624932810561        8.9818836243604565        9.1811749428521665        5.3259323987499698        9.3332153680709151        7.4499465760906434        8.5513163029234995        9.7100114821040169        9.1561957050035776        8.7512260756446683     
   10.547205098525103        11.689384641612758        9.8824114111180759        5.6851643624198536        10.684258251823842        10.548349713052732        10.576742368228560        10.580657934383396        11.927374323569822        10.909699420639431     
   9.4466955716485472        11.740956218346243        9.9136338416410581        5.8935950493776454        8.7921839703542588        11.010992913098036        12.435845139611427        12.302491230631052        8.9549806825856688        8.7003979272116574     
   12.227764187320371        10.540430179947737        11.329974809647400        7.0816308272684765        11.129882144904665        10.784777927121084        11.207055357098461        9.2016638094216336        10.445169643754872        11.481231337791806     
   11.043478846824515        12.839125629614893        12.558831755615200        7.7870725788464474        12.000509867109967        11.073443804250127        10.054459485990572        10.000559575760322        8.0036226685316549        11.635952932436956     
   9.4349282280016293        10.752602410970788        8.4921562113083660        8.9571704237510072        9.3760341119541675        10.551559332791184        10.235531627571198        9.9981414371577539        12.640867850326433        8.7062279266629776     
  0.47934265589703073     
           1           1           1           1           1           1           1           1           1           1
  0.70432598783716516       0.64956580165781075        1.2507347322320058E-003   9.8987630476442696        2.1735693633202748E-002   1.7854918795455181E-004
   3.0246796754339975E-003   3.1767101538149939E-003   1.2056236190282899E-003  0.13271302996977169        1.2012670669531557E-003   7.1645793523798287E-006
   2.3215164193752663E-002   11.318675323564239     
