   0.0000000000000000        0.0000000000000000        0.0000000000000000        0.0000000000000000        0.0000000000000000        0.0000000000000000        0.0000000000000000        0.0000000000000000        0.0000000000000000        0.0000000000000000        0.0000000000000000        0.0000000000000000        0.0000000000000000     
  0.23375348071823909       0.25597546929815418        2.5043594665130164E-003   4.4931942721890654E-003   1.5946206743865755E-002   1.7455200270426477E-002   1.5658914293607665E-002   1.5882940185950704E-002  0.57477260246845319        7.2123649217061048E-002   8.6670090829275584E-002   1.6605970955616695E-002   1.5214373878288171E-002
  0.69486887588459900       0.68637078768191184       0.94972748734263179       0.79177913812960732       0.67095444221088463       0.72235623457542186       0.67398542632000746       0.84702062065313055       0.86638925585188209       0.55745891475943765       0.60853431419788917       0.62553891362394443       0.72942240066700370     
  0.35025667161510821       0.37510990073565842        5.1271313517592641E-003   8.4521896003159954E-003   3.1778212704204362E-002   3.4956679987901501E-002   3.1736520287209670E-002   3.2626484602360506E-002  0.69773890367519131       0.10561662728757559       0.13981967455599698        3.0434983183395735E-002   2.9695565007242734E-002
  0.88384415659436921       0.88063126396790659       0.89220844094563279       0.70347706224368978       0.76738633250926747       0.86235406919585411       0.63203397690415308       0.65952296827464996       0.77801037288026331       0.82681157909696612       0.62210786263568230       0.80363829532272057       0.68221700919015382     
  0.41794778647636255       0.43744128102550284        7.9061409315463963E-003   1.2448565847880417E-002   4.7871414121219841E-002   4.8743384691057316E-002   4.8559766001977665E-002   4.9105028394530237E-002  0.74816542132961350       0.12299147059122084       0.17312514698034823        4.3713796394117189E-002   4.3651176933498070E-002
  0.76228228361387762       0.67447900861004506       0.78724224310341517       0.73803613540316837       0.80409606202299921       0.69255582831265150       0.76598821754802193       0.65168117113284896       0.83906769783006929       0.67363990550685393       0.73935438039863000       0.72556792441850293       0.56831452574836538     
  0.46730429561500814       0.48192055063237677        1.0846609148283575E-002   1.6570964554416028E-002   6.4080315311717567E-002   6.2510631626235491E-002   6.6460626221461719E-002   6.5246567934442973E-002  0.78114371919840253       0.13532969727758487       0.19674016637899766        5.7876455273627780E-002   5.8154020483802540E-002
  0.72325614306217301       0.73806751914843804       0.72501738179501996       0.73596536918841404       0.63159001007538940       0.61984120277481736       0.72719334762744192       0.74485209939362473       0.86575893883157062       0.71953320396076659       0.78176661304617323       0.77751595258414619       0.71115590424179242     
  0.50506234829578545       0.51773253017162646        1.4030208172713202E-002   2.0821009507150660E-002   8.1406739619430207E-002   7.7840557650580566E-002   8.2707719234524704E-002   8.1410333207357577E-002  0.80769130692876578       0.14566407138120555       0.21679299587709080        7.3351534518726474E-002   7.3332521279580995E-002
  0.79329830292179870       0.67664645166314097       0.66375696557234831       0.69914501971916398       0.62025217036925395       0.82022412381741427       0.71022218752791033       0.62439942933059855       0.76695037694663926       0.75820110732456614       0.64352579171360702       0.77724405836186350       0.77898963707857627     
  0.53531186427435229       0.54731118783182997        1.7615813433441294E-002   2.5252798636652366E-002   9.7499664630569499E-002   9.4509811132618415E-002   9.8007122656095000E-002   9.8155507587205496E-002  0.82688488829827589       0.15633808324726298       0.23386812917958197        8.8836442296959722E-002   8.9150259089410988E-002
  0.74605653946715156       0.74101637660842445       0.81241165998133524       0.84562442075523270       0.72106617518955962       0.57195478504115915       0.67950952666335629       0.76218078599559158       0.73726289543108015       0.62650398286390674       0.71221935756687327       0.88690755164519175       0.58790090146516172     
  0.56180184105251996       0.57339810290961535        2.1598004321653493E-002   2.9850064918864543E-002  0.11331287246010448       0.10979585871119750       0.11326570757460175       0.11513154335766301       0.84168352924762779       0.16671534400764979       0.24758646376971100       0.10392897179322250       0.10476267229745770     
  0.65036430440048310       0.70464910578736994       0.77084528853927636       0.68719784006817419       0.70035948744812604       0.81961513180600587       0.66687800779412987       0.63673847396189898       0.68537216653853716       0.82244738144867602       0.56948126991613202       0.78247131429506012       0.73555833307205121     
  0.58486722274629810       0.59710071896902284        2.5972994104208599E-002   3.4533583196716233E-002  0.12803580032009998       0.12419524526187817       0.12868982116309788       0.13252523602281996       0.85477917207396181       0.17669082931595742       0.26010409242705979       0.11936402605171248       0.12109140915009076     
  0.65667862852183245       0.68936179227454930       0.64791690837270921       0.69242081006049383       0.71226375831860145       0.64934607956340729       0.70320339277434452       0.76725088222918403       0.63196405614268436       0.81471364303976446       0.72990353633345695       0.79001251073376766       0.80985541365446578     
  0.60577408556395129       0.61736573411017670        3.0695187411169021E-002   3.9457843489553210E-002  0.14309756989354094       0.13897225219191348       0.14368506031510794       0.14765938384117006       0.86658787132178583       0.18594811175854017       0.27215606133603665       0.13543299380194276       0.13798500138647080     
  0.73279605088806543       0.70334708766422893       0.75562685046335654       0.81470090990525823       0.63564586391741851       0.69562025228983881       0.72211475478100728       0.66160205884622048       0.69263713631551127       0.84423385692623332       0.73506123424778480       0.75211077813473359       0.71318784932535795     
  0.62448465274386777       0.63557531015184743        3.5797367050535718E-002   4.4486267902912477E-002  0.15768700662347601       0.15315906587465186       0.15811618765292981       0.15933566661676721       0.87664434055671614       0.19445264132200446       0.28324993828237238       0.15166543316201445       0.15557726095479948     
  0.61344371383976026       0.67632054227581317       0.75459012286206739       0.66810707373678824       0.72072415760928299       0.65221189148338565       0.70966907143045777       0.63706139096619718       0.68677929727090847       0.67889818639755495       0.66727597237920622       0.73310063124233649       0.65141814391238884     
  0.64303661687574276       0.65185476143561860        4.1507174306944512E-002   4.9193530414516753E-002  0.16991784431329343       0.16905512817257118       0.17344830732031025       0.17080378337561719       0.88538070238057498       0.20215278012758511       0.29398955155004575       0.16745429698117897       0.17331071470716983     
  0.69554275697622847       0.67525455302783377       0.60688533692364910       0.65057690733067841       0.69107320779193171       0.80773145750959929       0.65259488500390461       0.58720298395596660       0.78974219775605659       0.67128760144927746       0.62911368835838510       0.69738286233857250       0.73223672763153502     
  0.66103960282111984       0.66676503390832254        4.7754075397663881E-002   5.3767869170138927E-002  0.18330053335499927       0.18685642943968533       0.18918275821770633       0.18287998379474715       0.89332459874625858       0.20922706294267637       0.30517113174977040       0.18230243407948157       0.19127168493717578     
  0.70649393430081975       0.56759563723360928       0.67246886283558949       0.66140292847643400       0.62507102640765067       0.79500411110918523       0.69225957766645951       0.67967713548714936       0.78220184162263295       0.67070104486017867       0.74136613574478516       0.78556798230362734       0.83574918590715153     
  0.67762905813230079       0.68175558751528875        5.4291643520168492E-002   5.8502565035148855E-002  0.19652103854966677       0.20449992896952207       0.20491379203089458       0.19703736658730020       0.90053333780052602       0.21636318817202577       0.31600344667514824       0.19682332371460409       0.20942575437967992     
  0.67509823976889083       0.63802261827663775       0.69786267155648551       0.65705475215869724       0.62841252455646568       0.80972665763378482       0.75726685901908053       0.69019012063444241       0.76883542803592297       0.61451676287026347       0.68096847798774907       0.64478522313382158       0.63560978902796195     
  0.69336488811864727       0.69636297640976852        6.0920794529708472E-002   6.3086885082947255E-002  0.21081730872769708       0.22212139247589965       0.21988238310524433       0.21281336193922834       0.90690517423096217       0.22318444923672887       0.32635806398700146       0.21168226164414228       0.22816593466162827     
  0.65756385775387927       0.62422736624071173       0.70722037665547566       0.71989705636198331       0.87130657679332224       0.74448879933581091       0.67702661734738923       0.62420774800861301       0.65535981641539820       0.81359311746407403       0.63774149847101813       0.84028930918915579       0.75716620287796232     
  0.70852802941681614       0.71021040405990610        6.6487848783166492E-002   6.7549136898612333E-002  0.22746477082662261       0.23993279413029239       0.23540462815153623       0.22700362831046134       0.91240526417378687       0.23008668241813920       0.33615825892445828       0.22699823667840044       0.24541146887642892     
  0.67891534866527081       0.71819375471956692       0.59361873514637031       0.65535906189177229       0.65313905458780785       0.84269312810973751       0.60341417253287433       0.74285462801377622       0.82113994196046136       0.78947358348486985       0.75514411071457466       0.68428979131733669       0.70118223024330872     
  0.72284182382135431       0.72332660807474858        7.3163715644210287E-002   7.2492452287651291E-002  0.24299370201742043       0.25696580903578931       0.25163607702355933       0.24128861813777472       0.91745224314246343       0.23676853211768734       0.34605163614284434       0.24283944637260502       0.26197515405868338     
  0.72036052426217534       0.68189242614003498       0.67138526502974738       0.70220746869924688       0.62679821265022451       0.78594900889178498       0.72797669866749026       0.62370468870665496       0.70171993765155061       0.78302476844171975       0.62921529031514578       0.79651681522462736       0.84493212463064649     
  0.73630886153485731       0.73532412882937259        8.0254333829110278E-002   7.8413448541295089E-002  0.25872065637060793       0.27350460183442121       0.26829147456914310       0.25630424680273772       0.92228820611200313       0.24341356927042182       0.35653527179644290       0.25877984385708158       0.27969935085470715     
  0.80647411561024973       0.72951096299051121       0.72187757419215726       0.69251326924930212       0.73249589387122582       0.72677638733299632       0.89585884602563193       0.72808396507726225       0.69548142064273133       0.80047950329843154       0.86324307418372026       0.79922957533153849       0.60801373690045690     
  0.74902201095560128       0.74648782522719115        8.7763336060251940E-002   8.4943775952341941E-002  0.27611589436999667       0.28935464514193193       0.28343458674092359       0.27124793380550605       0.92701521019052358       0.25018978107538514       0.36788297757485672       0.27344459128748883       0.29728383233280348     
  0.78066714304710816       0.66755050306355956       0.72376453887520487       0.64037954471497782       0.73054770157464433       0.67626428930830240       0.77823511994496675       0.70189631207264713       0.78456468021790293       0.72486603424861829       0.85121485996591817       0.76312819328567549       0.63894701949629751     
  0.76111332217061645       0.75787654605814592        9.6649447396613061E-002   9.1550405489830788E-002  0.29277768622180550       0.30475835943475449       0.29884299599315256       0.28689688639410310       0.93130662713412915       0.25698183356949372       0.37968081547551180       0.28781926724701190       0.31443694896044772     
  0.72338626035741538       0.83398645850442554       0.70959726949438351       0.85683861578467602       0.62880326628270122       0.70702179169100887       0.86588454594172592       0.76381767374177023       0.60482963309102566       0.70171585978362383       0.70000876849260296       0.73334303613256946       0.74430043568593718     
  0.77279315802257054       0.76868822763750244       0.10661746787861295        9.8188097793296056E-002  0.30858692900146789       0.31931995947887065       0.31446935552833793       0.30307050533416918       0.93521012213821897       0.26361193754843859       0.39139205546639416       0.30191568247951917       0.33172154034016066     
  0.76083115366261611       0.70799157969701421       0.98463345981058570       0.79036776168279566       0.72202967458840439       0.77668544105273507       0.62765948419273543       0.66513418835122007       0.74681248171413561       0.69312558568769245       0.67945301256663670       0.67292128794308603       0.68455351405433951     
  0.78365602592671668       0.77877510607265854       0.11625782382160811       0.10490485088570163       0.32412333784216635       0.33283224981051457       0.32972201570725590       0.31875924405890710       0.93878809014156472       0.26992272906556553       0.40312214494409843       0.31789037509493245       0.34848774952251838     
  0.70498259790305751       0.61808962953965108       0.72553637082116262       0.67599971294388217       0.73236879629472951       0.71323400943359716       0.77556990124819458       0.74869549307606909       0.65256253941727227       0.75708565520369397       0.84637238151947802       0.73873447848978102       0.74818236132682303     
  0.79345483977396447       0.78841579233382042       0.12594646336194532       0.11184483267726898       0.33844682467034337       0.34701590592249754       0.34503747179470157       0.33367577241161306       0.94204017853346977       0.27647061770218312       0.41499548396533137       0.33506244739529945       0.36568674820136121     
  0.68654818229263614       0.67781193715651189       0.74455436133784203       0.78305909647822147       0.65676748623238901       0.69093233101762896       0.69139926868334856       0.70912595599652850       0.69955114984083211       0.65914094388857580       0.85158925771981375       0.68541394773690900       0.68507840158782285     
  0.80239900914510032       0.79750985728643142       0.13571254449570549       0.11899274378429114       0.35098469697900897       0.36153658499431557       0.36131774668799682       0.34845585218858660       0.94513851468425814       0.28177920023901887       0.42734183442434559       0.35209864432290000       0.38231736223474433     
  0.67049522710088716       0.71236591517605119       0.65712897443563523       0.81456010513680921       0.58621262647929651       0.85786394705493751       0.67749423262893416       0.68109072137157112       0.65945510252162765       0.60964143635863477       0.71649288841368386       0.94975409845982584       0.75786213331446861     
  0.81095058043569224       0.80632645566174876       0.14588990046631131       0.12633709349947631       0.36578656427761830       0.37704961497864936       0.37689836661466936       0.36398039857869990       0.94813953168117893       0.28756363098638305       0.44052433368830113       0.36872279959862886       0.39914842858586980     
  0.63422155915356215       0.71324125689506890       0.61247334157385014       0.75751582784609761       0.73756324505126969       0.77325707146575029       0.63621643167021469       0.77762130344799507       0.58594352120647619       0.69651921770541259       0.86343019276416766       0.81063688007780088       0.73771607678198547     
  0.81941856600135421       0.81509217358438468       0.15660365400043308       0.13475237843148952       0.38144017490552728       0.39320529820289890       0.39183199166763832       0.37975471225108309       0.95102556043055575       0.29357481044925693       0.45420742090570260       0.38471066875912469       0.41591893165858074     
  0.64582823827712199       0.74017122420007575       0.69258132344666290       0.65886417669768482       0.78507156854162585       0.62844750398079430       0.75047934385930781       0.84093284997160656       0.71416134345008975       0.75318396656069708       0.72973455961938183       0.69456258495668000       0.74082359437478507     
  0.82754163911150846       0.82363135497462103       0.16801636764283659       0.14268774486950969       0.39686295285487477       0.40985659168443356       0.40659073777888421       0.39505141983370540       0.95369602018646760       0.29902169971292780       0.46713622858043846       0.40094617182730113       0.43183233019896583     
  0.68875789582607594       0.67644950945613269       0.79313772892842960       0.67392341198823269       0.61426439770109176       0.72524610757064556       0.64184569161640070       0.76533833115698990       0.71939574998933620       0.76612847175559462       0.63759975298698357       0.86915048386727933       0.70490509175001936     
  0.83533052856909229       0.83129911744858143       0.18012733856252014       0.15070350397183924       0.41307735413280350       0.42616134675948214       0.42197768529353297       0.41030037397233393       0.95602733611897439       0.30532417235943993       0.47868048458983009       0.41788510980055432       0.44788368509427434     
  0.73622390640267366       0.69858813349378190       0.81315262383144005       0.71716930437359416       0.65977729033466659       0.65130750474000343       0.67639446333352660       0.84107912242426830       0.76400125453603862       0.67000004268979829       0.70771719356416118       0.66862005122778745       0.59423433788996816     
  0.84301882410775830       0.83779449611328960       0.19328761055453711       0.15867032733025807       0.43068911239412855       0.44164666935744823       0.43822681141779946       0.42571139162733729       0.95827301173588908       0.31243870950379454       0.49003302966307299       0.43469645449334177       0.46282334938890718     
  0.62068993041370268       0.64349044881756889       0.77898937111809552       0.73487446475400675       0.71856261601105775       0.60020189399449475       0.87655533985000722       0.76617786257166909       0.62811607459432817       0.72017747319103931       0.64503360633177720       0.64020167433542086       0.75009552330918117     
  0.85075278338706528       0.84446834798590353       0.20624401250006358       0.16704669194766439       0.44826745391035250       0.45635001977642964       0.45430718571007411       0.44098815615894932       0.96046771725835300       0.31918822214574782       0.50131980353494032       0.45001974339713213       0.47598691965689338     
  0.73991086135200856       0.72867597986490318       0.72900661686809032       0.73536897425775394       0.69376181707523332       0.70292557986278292       0.77968587942464962       0.75554180738908339       0.65916763083130303       0.74551267336594096       0.65325359996789989       0.72460459481538586       0.74888185334682145     
  0.85825414651155230       0.85007465472081600       0.21832095609366750       0.17558563135279373       0.46519507070737859       0.47163263055416260       0.46915401582896349       0.45690399755197425       0.96260218446004131       0.32535629875640326       0.51374592800404750       0.46532489272895439       0.48825679598291188     
  0.78868271134536572       0.66091915743701668       0.69798439478292262       0.70938593225414115       0.69192084586820224       0.71201354701581199       0.64460275143626466       0.68500009120122196       0.64705673776639150       0.60382160045735700       0.65885107951028676       0.65499631495424926       0.71960885842921329     
  0.86509206033691766       0.85644815055287571       0.23131342069958444       0.18463196265724602       0.48223351903948319       0.48807428864520902       0.48347975488206468       0.47309696786165512       0.96466519402198381       0.33178829705426194       0.52811242731262487       0.48078685240615637       0.50019114220527450     
  0.71210733574943830       0.61637159617819881       0.78931868745223188       0.74229794212152622       0.69317926811158104       0.68807774358078100       0.69450242036657495       0.81218264129531192       0.69801129188698463       0.74234810938850726       0.71561720390548456       0.71429720446674294       0.64630000746026683     
  0.87140421197501594       0.86269693706922901       0.24484829698839197       0.19416935257937967       0.49886750963113308       0.50500361569008034       0.49806973065613191       0.48900039601788159       0.96664529859061044       0.33873373120497008       0.54229174884509501       0.49663841279431209       0.51247732226314691     
  0.66948912657822723       0.82448255264644010       0.63929243748504605       0.71565537648243693       0.69028912616802951       0.72297002486912321       0.59132039095069211       0.63870431261345095       0.67546785935062759       0.68159697802473806       0.75135381296717907       0.63738941696348650       0.65075485916130560     
  0.87731237671221207       0.86861877704541524       0.25897700462736600       0.20383749679088639       0.51466675508354964       0.52040027608248796       0.51320974944063624       0.50512247460592541       0.96847421590063010       0.34596035037383327       0.55655662856887400       0.51271645072521455       0.52905222489935266     
  0.69153282977701003       0.66102978055303541       0.63355257875477089       0.62614892706636616       0.65598177668901736       0.66860486113740081       0.61477370439860446       0.66700744062841844       0.75061744108673478       0.72531215084231471       0.85637610086645377       0.71123963508900012       0.88833546525963392     
  0.88319545431196955       0.87446862930921354       0.27384954582714893       0.21384990128037312       0.53056332247581384       0.53389256498786231       0.52841671798271894       0.52141542096854565       0.97021025842202913       0.35276524615500915       0.57156145595829111       0.52885931982301804       0.54524009551299868     
  0.73438620335564497       0.78987245568292985       0.87300569836065312       0.70724129406200897       0.79909563165728459       0.70159464368283342       0.74200506033394620       0.70541654047340985       0.62529709159476921       0.71363795248349082       0.74019223724418093       0.68804663325095461       0.64951725856604914     
  0.88918606006217982       0.88021608592119249       0.28849322584569637       0.22418369548827424       0.54744479618950048       0.54798381785176964       0.54273782977795371       0.53782009149234944       0.97184527067487436       0.35923883431134873       0.58561540726835215       0.54460900780189403       0.56122599555087505     
  0.66301868057704738       0.68980726972106032       0.58766042992301626       0.73498381804665325       0.77570518153018941       0.67703197290292039       0.67614150153789898       0.64863567023809343       0.71446483121872295       0.66745213039082629       0.72473711653813777       0.70962811728635855       0.74792485563015942     
  0.89473257126792127       0.88553867707236888       0.30292452713035084       0.23456552594697583       0.56455024491396488       0.56290197370357964       0.55611619656413591       0.55510972335555775       0.97334367491178664       0.36647590419210008       0.59963283978167159       0.56034386925771185       0.57794183379477193     
  0.63005274382125775       0.69713514775157304       0.62649612541804833       0.69058217283900791       0.72539657769310373       0.66766599429368512       0.73572303360784252       0.75940387902995266       0.61239579631947449       0.60847216552959604       0.68587260045963938       0.69320422807449011       0.74236399933187913     
  0.89991229334213896       0.89094069081369953       0.31919892731706084       0.24578527516881560       0.58006089727572352       0.57884888070626495       0.56931090789433247       0.57278715796966051       0.97472878424393994       0.37416507310583585       0.61315776970161862       0.57608185181417715       0.59461232966954713     
  0.62246030254772489       0.66659441443226142       0.65102419236736120       0.66436306911039145       0.70547713280652757       0.64354046973740342       0.65892406644023782       0.66985639388616558       0.67004958488994848       0.72460910920670296       0.70006101253595776       0.58749432246895927       0.65297226865415403     
  0.90497283535371265       0.89635345363344432       0.33757155824699681       0.25745669904768909       0.59548668382692782       0.59481704813183767       0.58348651177756183       0.59028956047776593       0.97605491338006645       0.38239337923058586       0.62635045067489781       0.59142491970451361       0.60940091916877959     
  0.58602941209736514       0.77959712749626831       0.77629425725384016       0.62753118417824694       0.63583377089063786       0.82320357084276907       0.59879664143893485       0.72752892134054581       0.67218505003839835       0.64526041263387257       0.75221866569366824       0.62657057154549423       0.64787998588794649     
  0.90993622091318904       0.90131618454113194       0.35687713764061157       0.26910501979937462       0.61104605694181502       0.61174160332812533       0.60080570728396432       0.60854759929002589       0.97734220955101403       0.39067226113125014       0.63975668764798321       0.60608784171847929       0.62321530229187427     
  0.66295122465278267       0.64751849812062712       0.67685198438738636       0.60557720205125987       0.92330303316543305       0.71733003569794451       0.78032652762536114       0.78104797718704710       0.67281264705175825       0.78788045911372251       0.65143099767630708       0.67253677151008784       0.71778154919073489     
  0.91478476599548064       0.90640779633102320       0.37701807636043705       0.28152907153994461       0.62699980400078514       0.62901452510736378       0.61825289705033870       0.62487967239671172       0.97859466824306973       0.39888002909743253       0.65283789382035173       0.62043700357713749       0.63655107391200161     
  0.64200354702308648       0.67281870609554306       0.64614221011169204       0.66725647555218792       0.61989711270729453       0.71811174930728294       0.69716455468083238       0.63509611637549546       0.77432074591178501       0.72373299578319417       0.66133384343392498       0.59937764350533107       0.59282958475034198     
  0.91949663917432189       0.91147187849680411       0.39822412195472368       0.29513822920290417       0.64375680714256800       0.64552754769335041       0.63531332401775065       0.63876847422964744       0.97977324867606441       0.40745706533827381       0.66626824720486444       0.63499211812341305       0.64938018563636501     
  0.63957085377506229       0.72134464687633759       0.69292160618845267       0.68070614266296425       0.68101793045665981       0.68872644364453162       0.70264868843864403       0.68390941440985564       0.69509325585044568       0.73243690099827163       0.80993932809555635       0.69935971375160766       0.63063648385730964     
  0.92410999045200537       0.91600556958177792       0.42088823608642789       0.31007724615057131       0.66101146312845316       0.66108858111998103       0.65286522242872236       0.65257572227991401       0.98091279772493190       0.41582553161499231       0.68089674565255809       0.64996355327980704       0.66551827012911091     
  0.62076111720370852       0.70429648726150018       0.65972070850074693       0.73565494387875985       0.77138538611486795       0.69723838164641883       0.79485862778977479       0.62180853498066935       0.75003665633651839       0.78172152040412768       0.65472193981775806       0.79699289692146236       0.75398566808523071     
  0.92862226757118915       0.92038239391658372       0.44566414412691591       0.32520198346250878       0.67860800154431378       0.67598395989727367       0.67043455481687486       0.66634009905789238       0.98198881620807932       0.42355911146923791       0.69555203144439526       0.66513901332541125       0.68150987029402044     
  0.71923487549036502       0.72671232990717916       0.66841579794637529       0.74619896868852520       0.73229780832110436       0.69853421138231098       0.69343372577636464       0.67162088824192767       0.69066539135300498       0.73165012581032252       0.75563801538749253       0.68671950684865390       0.74014573927208482     
  0.93313338349541641       0.92478819509204246       0.47216444935418345       0.34067667463087320       0.69626145712580534       0.69126114443895414       0.68661478713610891       0.68087037954344498       0.98301425235627704       0.43126480622963742       0.70987053897238450       0.68047979923351176       0.69864582615381843     
  0.70501403570909393       0.74588870588584821       0.63876193545091053       0.68347288527392880       0.74380146306671824       0.62334845756179069       0.65091750377903312       0.61805698633452899       0.58687327741344908       0.79488812161328992       0.72040095713608876       0.64660091989266433       0.68667087225624979     
  0.93769124385021885       0.92909518207477115       0.49875491676344591       0.35685849276890313       0.71333223037125126       0.70671897103559111       0.70209362955023547       0.69815568133238359       0.98399414456520184       0.43906288488150097       0.72410483909967827       0.69609337277365935       0.71395085183463902     
  0.77229313016403478       0.77690830630329688       0.81000104109192483       0.78371209861218194       0.80512973157878776       0.80960576448254851       0.81626358526727338       0.68044645714146368       0.68154715307030778       0.68084169526768212       0.66572552696018694       0.74993719351051036       0.74427615532430502     
  0.94215137828027762       0.93367595109121559       0.52515739667547889       0.37451040312730022       0.72955031602298415       0.72154657662367394       0.71553873245731781       0.71465152095196338       0.98494599133347582       0.44745947819224952       0.73842692483028327       0.71148004640006013       0.72912945282457475     
  0.74135796096810314       0.67567136821183260       0.69278217294060807       0.63401379199490082       0.72158654133339495       0.67653583466342493       0.71450265241102562       0.66443305469347647       0.59366055357042691       0.61907730327822219       0.76368011256126977       0.62229780186191297       0.92800274034911334     
  0.94646581353029580       0.93786657106191862       0.55330598928171548       0.39339860905376300       0.74535222237661192       0.73610997997763561       0.72915993456923522       0.73161507714435337       0.98590024469915583       0.45724793246142770       0.75272866977907760       0.72687911333349664       0.74450965819610060     
  0.66979216438739742       0.65158980572907910       0.76768949773219941       0.73707722473776405       0.75906002189593047       0.60537346466245257       0.74311906464159827       0.71612319877725938       0.68235503616106485       0.75612517692595860       0.70784769717414386       0.61951624021383678       0.68322481133100366     
  0.95070139807007026       0.94210082523427630       0.58203001153375344       0.41373768587119508       0.76145799810512693       0.75006655442993464       0.74354111761934716       0.74830125860188779       0.98685232400745393       0.46752055676916987       0.76669579508544827       0.74331417606864891       0.75991471327119997     
  0.71037898080560014       0.66430952579662472       0.62407804561881575       0.68613810269001663       0.72481640448337503       0.73769615440592318       0.57479800740135900       0.73106452123907684       0.65010663513555977       0.67473135053572286       0.72075513841936101       0.62055292232814607       0.68970786134773365     
  0.95483935259162112       0.94652614154970205       0.61149201445361279       0.43534769402903595       0.77745087927542178       0.76395724488554761       0.75778305761817244       0.76480794481306613       0.98775775295420709       0.47800738206388727       0.78059531541506333       0.76120925404861217       0.77557321679168412     
  0.80222990566811425       0.84334632644850904       0.61238773948649616       0.65159008664042828       0.75808405574152615       0.65549940414229280       0.61459525382315716       0.62780789240806500       0.72279971764730044       0.62370468870665496       0.71007471973868397       0.63847173176138239       0.72751818101380994     
  0.95868868850259559       0.95049182684881162       0.64502711162954707       0.45815761390411863       0.79280833565115227       0.77802970580255093       0.77564359108150249       0.78133016648273323       0.98853563785725451       0.48896916215253478       0.79510728386209995       0.77914112456073004       0.79236238104284429     
  0.69655925971137911       0.66743102725979853       0.76253206353007452       0.85621781463753288       0.74552175804573728       0.65866313689942557       0.69721136551220897       0.74645399738099405       0.64054978397574280       0.60202841445184307       0.76321115367635195       0.70537997637843664       0.86881061361278644     
  0.96218594393793910       0.95423832293237543       0.68121929911907730       0.48167391132489140       0.80826458837741288       0.79164392911584436       0.79290312072055358       0.79830868340398164       0.98921480625410318       0.50022749992275783       0.81039201678145045       0.79489905841432229       0.80961996999079300     
  0.79238580743816445       0.67704885051162167       0.64463998462432581       0.73465083982401413       0.85605806849222610       0.57737397721091577       0.82973407069250715       0.71829134732719990       0.64901335162842477       0.63425530237910877       0.77357299841230320       0.62543427030127419       0.59462834275300036     
  0.96557967561211955       0.95814140210539278       0.71837260718643514       0.50612689933856758       0.82334747894335969       0.80528370813810424       0.81053454235590183       0.81487335793709170       0.98987977785231607       0.51169932806726370       0.82624454901392186       0.80907319930012989       0.82635290673847661     
  0.67936898801757839       0.58664649278524617       0.68830434890207126       0.73433868242970579       0.74124273503159299       0.66339130506401300       0.68684218935368813       0.77354240584649381       0.63672072722781503       0.63948323084457692       0.61403292589017122       0.61251523035764999       0.71954943321927245     
  0.96890030007748529       0.96197250391790057       0.75548654807614601       0.53238475349159953       0.83779191815641774       0.82085353348340862       0.82798607740822949       0.83026934445866818       0.99055408940532841       0.52267081792076675       0.84201931199160396       0.82274782961052095       0.84204858505601943     
  0.65949932411479195       0.69020930039536865       0.72351470966866516       0.71440893974539932       0.66625673602425417       0.59132039095069211       0.67878104753256230       0.67635277595091148       0.68554322994164285       0.71605179084608528       0.64925564816871617       0.62355752751591953       0.78609469135430077     
  0.97188509804809009       0.96576139666905747       0.79097345840867184       0.56057008048804580       0.85204992053508899       0.83813108574692430       0.84584531455807199       0.84467302450618942       0.99124289273842270       0.53608331350649630       0.85504294396945080       0.83752994664995017       0.85856216136279340     
  0.70951165077388578       0.81346194928047677       0.74070497725203355       0.65456372899891302       0.69091915039368379       0.72663615783497071       0.84100929884967490       0.77685006897875486       0.67393328901200511       0.79939840484065761       0.69845079939380716       0.65716201190892320       0.63021544326639456     
  0.97463703995596973       0.96953281923355694       0.82575547727003085       0.59019125269592210       0.86657885377581700       0.85369532007652715       0.86209763899355785       0.85897811429483806       0.99192001029372512       0.54903567967781253       0.86647908702828791       0.85408827892169237       0.87556552191514736     
  0.70161039040706485       0.78810530880418161       0.68026452438635421       0.63370563911660593       0.64902430533808486       0.66957816373255652       0.80209936082814492       0.73769775667017135       0.73850811043315867       0.69991242511790863       0.59650389040293039       0.65665553492929696       0.61602993626560820     
  0.97740973631070194       0.97309693512318995       0.85328969567004531       0.62266819201580292       0.88116901783869506       0.86947726616313969       0.87690974177205472       0.87401393182695108       0.99263283549934767       0.56275870324140831       0.87764675015609062       0.86985024979291758       0.89229200725191260     
  0.63145998117618907       0.71665700608673633       0.64433087442629011       0.71652605904792488       0.77907447465907276       0.64992880768225914       0.70670707362269725       0.76900244926123817       0.74272779383719767       0.61565584298249965       0.63269896371644774       0.58920195021350685       0.70526289533062858     
  0.98014862988142715       0.97683740843957834       0.87670640194740646       0.65963792862682324       0.89646531220280423       0.88646040697937933       0.89114940689202726       0.88995908044647531       0.99346284757653602       0.57922904305528955       0.88831128390196135       0.88527488700244861       0.90765764242214286     
  0.59976658136756555       0.73087164700845986       0.64762706050733332       0.78328204599816920       0.76613601539654541       0.68687252145013300       0.69494671654619289       0.74994030410065049       0.76435267343286162       0.61757692579900503       0.57129884064482961       0.70253101808054363       0.76827035022573320     
  0.98278478555437332       0.98042248615047567       0.89817393614826802       0.70129150325242939       0.91144160141597719       0.90319305978783126       0.90407442962902196       0.90529910892326615       0.99428856459693860       0.59693626414676448       0.90347779365033787       0.90079341437310623       0.92106328317625930     
  0.70179766739508609       0.74751921410250943       0.63002180644315642       0.66630914262245899       0.76514757130826772       0.76071593195325315       0.81648852858281273       0.63564810660423710       0.90200374391743310       0.68468617136946863       0.64428224871914297       0.62199941614347753       0.60039369991964142     
  0.98569508635715652       0.98393879260480011       0.91823656047465407       0.74830284527056490       0.92676200857117563       0.91989141104985417       0.91814187981637907       0.92281899890298957       0.99513451306212930       0.61777405959157028       0.91830756561542837       0.91763813959116569       0.93532797925986533     
  0.76136641184786868       0.85600079940314311       0.60661578739777777       0.60123506747713307       0.70564949839160285       0.70587313051376099       0.73164844777413374       0.75955471377810579       0.69468064962911336       0.58439614598565548       0.78008598996530698       0.67251827888941573       0.75334784512343189     
  0.98846432074702018       0.98663025421726469       0.93953550652872242       0.79994026530471074       0.94129531256257248       0.93621819833894082       0.93416219392923339       0.93887511752081321       0.99596119120341775       0.64097441837341618       0.93316693623246560       0.93387786968439457       0.94984812631269644     
  0.83001279502266612       0.73493544353738527       0.67156702211295782       0.71103415514459456       0.64764261449255245       0.78754044505899412       0.77414409503610149       0.59805881731233934       0.78353965964535377       0.73741590774074006       0.91053471880763426       0.76255730299220126       0.74323246187388692     
  0.99116441222469875       0.98937438699004676       0.95803144111746263       0.84987931876733414       0.95500166221080629       0.95197618747983059       0.94907124412866994       0.95391499548020842       0.99669640622947431       0.67072802583079150       0.94885972450236156       0.95074785365814507       0.96296144568972519     
  0.90588341758216373       0.68500146037135035       0.81458739291597604       0.60734430857841004       0.61514218008827848       0.77444354219042855       0.61801869517882535       0.64055179408843510       0.83362472387426134       0.70658575477792129       0.74636292318554887       0.75365692201472678       0.71456434303229710     
  0.99410151513901868       0.99225693343295762       0.97428990018316797       0.89874716940864285       0.96904801074961899       0.96808897970323859       0.96397476423548023       0.96886072164763615       0.99759754942646872       0.70666411206048452       0.96577929042226596       0.96606274452321816       0.97502575056593810     
  0.75262817465221632       0.75790976529908460       0.66970976587036057       0.69674315826500266       0.68788273932093014       0.75119458282991558       0.62748254831263772       0.73622407078352681       0.74418465772085329       0.74882533167434051       0.64871178325752354       0.70044356966882004       0.63243975549007203     
  0.99706277500368945       0.99527885829230200       0.98744058014717018       0.94982068013101206       0.98477586546725271       0.98455359723307390       0.98118520804036591       0.98423711019223026       0.99867180996194704       0.78087694172608546       0.98338596955174862       0.98344924464270955       0.98678042790184861     
  0.77944074511724648       0.65426871864393155       0.65752526884875451       0.74729727707928584       0.62246166623471344       0.65614774265984910       0.70939916268544401       0.70529574422052754       0.71712083615288758       0.91544522972109810       0.78848806528094839       0.86661006620552550       0.75179906785724726     
   1.0000000000000000        1.0000000000000000        1.0000000000000000        1.0000000000000000        1.0000000000000000        1.0000000000000000        1.0000000000000000        1.0000000000000000        1.0000000000000000        1.0000000000000000        1.0000000000000000        1.0000000000000000        1.0000000000000000     
  0.77197568748046641       0.78658631214622543       0.70233942790400528       0.67275403635175479       0.72643644135629470       0.65977132207020883       0.65874099571383427       0.90364591743234024       0.62370468870665496       0.71103339699655421       0.57361267895667356       0.64776925089069604       0.65987475624759739     
   14.708565478902964        13.770915237217881        1.4744815126060953        24.164837135615741        6.9904947130514081        24.501011932285806       -8.4410543532437678       -17.165974922646960        0.0000000000000000        19.654508253181369        14.222724613039491        13.154397455794879        6.6516871038606098     
   14.379854062292765        20.917041194263071        15.070366685443638        13.346786088351454        2.3127990560099030        11.240642920030364        15.144497467318466        5.8908734281052908        0.0000000000000000        8.0066970776369448       -27.033819338898688        8.8788869896197902        17.841625951176567     
   17.584799352107471        14.969471407632993        11.189845457271369        4.1520181755767895       -17.915564054382269        15.366274074818849        11.259596537864196       -3.0884345000701781        6.0441618207894088       -8.5208960527500377        18.549148424448319        8.3957025644237699        20.868226147752107     
   20.557713170838813        25.504930155440711        15.899636050043767       -23.106069145496246        15.652054592699878        4.5311915079673035        2.3195596381952481        22.517657465549391        8.5786125569692420       -1.9147244324003361        1.4735862459474605        11.070633387277979        13.531550322791531     
   22.326105060024076        24.037330547510717        9.8963753345643450        3.1920640743973214        8.2827010331716320        5.6963995684474149        16.719859258454512        17.438063860097451        11.517989801466117        18.221209029425225        15.981347534306922        9.1885851564105536        14.004386457850902     
   18.752370100450428        26.948028367496853        17.639455498286587        9.6043804892156572        21.860670596762944       -28.275341685063715      -0.57915681831497234        18.525865154521597        12.105944232087630        14.792071868146618        15.558807127148311        17.557341926094082       -4.8587344527772593     
   10.085875368351962        16.101259172916986        16.668941205201861        17.224554925229956        16.507477995343365        13.855436708390318        14.936804441327729        17.141606150757948        9.4764232419509558        20.708690600742280        2.2408846377467109        8.1314226403660452        21.519270192568897     
  -37.877682516903761       -30.324388763757160       -31.736353038020660        7.4300690293837999        11.344318765794071        8.6023293475411400        18.772398967612119        10.427106831124723       -12.980977852808907        15.098196394780276        11.444862522226250       -12.148129774656493       -13.181724441658252     
   7.4491071844885336E-004
           1           1           1           1           1           1           1           1           1           1           1           1           1
   2.7080284540235701E-004   1.1999022499435749E-004   4.3616396102716648E-006   7.2734018478102529        1.0480282067909611E-005   2.6533031062523979E-008
   4.8674056059191782E-006   4.1363845895888681E-006   1.0790369213168002E-006  0.29200182369164079        1.0785239365353332E-006   2.2659687432775340E-009
   1.9614197560009951E-002  0.57741645204455350     
