   0.0000000000000000        0.0000000000000000        0.0000000000000000        0.0000000000000000        0.0000000000000000        0.0000000000000000        0.0000000000000000        0.0000000000000000        0.0000000000000000        0.0000000000000000        0.0000000000000000        0.0000000000000000        0.0000000000000000     
  0.18820825362073296       0.20392613139406721        3.2385203062506420E-003   4.4121322905782648E-002   2.1740137440627610E-002   1.7759359431402059E-002   1.4352329129467377E-002   1.5442306760666873E-002  0.45130311610156287        6.6982661445028596E-002   9.1497879870953619E-002   2.6062961442114244E-002   1.2302565801507600E-002
  0.58865038181940965       0.61398460617384987        1.0567451956248073       0.56304653489045942       0.61817941261082177       0.59266051359836702       0.78015509264200278       0.64288453995980910       0.54588326738830217       0.61115564637169562       0.57878528260945439       0.81958733263603833       0.73457376453694945     
  0.30184509865795001       0.32588766674511616        6.5624352635394699E-003   8.7939212199037955E-002   4.4900384973862818E-002   3.4436854255067595E-002   2.8731557020205963E-002   3.1653780308654858E-002  0.61701749683011664       0.10388628746903791       0.15687874611651756        4.8612159472994299E-002   2.4138819662245868E-002
  0.65418279863476392       0.61535758492442805       0.82338841203623880       0.61032622176854212       0.78547739568292163       0.65935198328769806       0.69553912273820584       0.66834025092685589       0.75954882081687447       0.65947796025473138       0.92072313703053410        1.0108909478705095       0.64424083594333170     
  0.38179784816048196       0.38602579404566983        9.5663981618130858E-003  0.13588251809660185        6.5220279838512238E-002   5.4089301867647877E-002   4.4008519104285104E-002   4.7529974660043939E-002  0.69738792483899936       0.12224238377078682       0.19031290827953129        6.8056486443233394E-002   3.6870571232259661E-002
  0.82841349558632738       0.66611301579038162       0.77370785308055290       0.59122970530688568       0.68917817099673118       0.74181262659917657       0.66690835385527036       0.68539042055600441       0.88071495087231078       0.71632046827843532       0.76264777432832886        1.0429122470474732       0.72194488552731295     
  0.42475539368873244       0.42534822341912226        1.2693255696081880E-002  0.18678236110029456        8.2189605292498052E-002   7.3061353673616755E-002   5.9602333254590162E-002   6.2537912154624245E-002  0.73672986144502495       0.13586239450042878       0.21868503511775716        8.6586232221933776E-002   4.9238721492935358E-002
  0.58503833244055281       0.64189672918159313       0.66352320755384908       0.60288594639167359       0.57977896413573982       0.78287628806574794       0.69433993651604431       0.70898133812784792       0.60081558254071965       0.67187476661784862       0.84810034168247816       0.95044479061445386       0.74350023398526310     
  0.46656567423647083       0.46393049425465460        1.5896208124994905E-002  0.23773605569508507        9.8837293662389913E-002   9.0741850643561106E-002   7.5352441981396082E-002   7.9530979438108343E-002  0.77152684131672444       0.14597092327026462       0.23117085119044273       0.10404604861516803        6.2940192527762881E-002
  0.65652755545584640       0.67650916907355485       0.77800918090901483       0.62250713267282043       0.59945250562361774       0.62961694058187601       0.64473423149218601       0.68644181880132737       0.71146649776935689       0.61076844260049024       0.53274843023605123       0.77589768792100033       0.66213699914571045     
  0.50344072737799439       0.49848835848008438        1.9449926405594103E-002  0.28144703475129179       0.11606415870635133       0.10848469793188795        9.1348027809252511E-002   9.8058196303087819E-002  0.79886446765677288       0.15550864407729145       0.24558646913073548       0.12000303757402397        7.5008390039874112E-002
  0.80765923448764165       0.77971012239403903       0.66059251173918110       0.69575054230852429       0.73119669429265399       0.73963795910906460       0.66191835149769784       0.68723872804442510       0.66397609408739700       0.68694531213114740       0.68002755725916186       0.63059109728312812       0.64007696616741572     
  0.53338935569686219       0.53000647698120795        2.3340384688564583E-002  0.31623374111554942       0.13470103796371910       0.12656181219964530       0.10738250526352799       0.11666279845845692       0.81935347590845964       0.16431997711743729       0.25892745695973179       0.13448871481213656        8.5243505384893350E-002
  0.68460665475928106       0.63693821578469434       0.71993031686479037       0.54931633272269587       0.79153285763844849       0.70555676491211095       0.70489746328716363       0.70222735553184035       0.69386391896188604       0.72391659517850393       0.62274479534204386       0.83481469961534094       0.68900151211083249     
  0.56224845011068258       0.55878902490269677        2.7322193524900198E-002  0.34947804371331742       0.15249687306503712       0.14227843294173254       0.12515668147462330       0.13319850523531246       0.83732948710735378       0.17328966821160038       0.27128555163429907       0.15126594402863064        9.6853265500935648E-002
  0.79008202771450853       0.64620452057039734       0.64515150851353587       0.63781706217064049       0.72656508630443262       0.64821342160088036       0.77286685230894814       0.85147168475034085       0.67753291668022897       0.66149785081352575       0.73203099037654307       0.61373158971343744       0.61632917343569416     
  0.58998221535186413       0.58361139749405599        3.1673087249290542E-002  0.38031133281454021       0.17056058033953880       0.15798725868570870       0.14419548661614562       0.14907919506190800       0.85050044056844742       0.18203780149516322       0.28332684518584900       0.16244539699773058       0.11081741293692907     
  0.83605584907609776       0.67138983213698389       0.63267128752909263       0.67494220543653138       0.74743391230928546       0.82508336615513522       0.64609173233925654       0.74039654792559895       0.66325753396344589       0.59258147908079517       0.70749717285929814       0.59507009393035248       0.61767645378364833     
  0.61389062056164501       0.61053973230715253        3.6103164486600559E-002  0.40909369823403235       0.18770236456330486       0.17347859986207118       0.16129581216288918       0.16384347644445260       0.86184475837627428       0.19119938111696286       0.29577797177284937       0.17564028260787695       0.12824912966571395     
  0.56832800710211395       0.76523525509404722       0.61310042781487994       0.72124244138868465       0.84062322519563204       0.79229483219280195       0.69181926839781593       0.59029785235332533       0.63542619016768520       0.68451973169219726       0.62605088892255323       0.68421111394028200       0.80739653769372977     
  0.63157616246566728       0.62928944494164651        4.1419160812156422E-002  0.43814802916054629       0.20280126605672427       0.18955401578949124       0.17587686242802647       0.17873564202039161       0.87254680269846918       0.20019291080709214       0.30788280425826731       0.19093546324054214       0.14517371149313182     
  0.62611091905259453       0.73905538178965668       0.70482800975392423       0.71493917901085269       0.62308994645088212       0.58489335592430070       0.58681212503606339       0.57616581981368087       0.76836836702115696       0.78840407651916566       0.59914208444513672       0.71027819319286045       0.59250337674323106     
  0.64786774369165134       0.64910152711823277        4.6621747971270125E-002  0.46318463259644088       0.21814200599149489       0.20340448276178749       0.19182739541872390       0.19223312969576553       0.88282262720195315       0.20850612621797512       0.31969365691043122       0.20672803843362950       0.16144350326269397     
  0.62613666097489118       0.62776045790713475       0.65845785173803584       0.57690578539959569       0.84061707098799521       0.67463347720393085       0.69250518724936250       0.56266084338534617       0.75838068826032523       0.62816118481570515       0.84008071622000857       0.72828793283143645       0.65546857146432347     
  0.66464690035222085       0.66595665960418382        5.2778001337158743E-002  0.49184128566845181       0.23430462786526707       0.21673389349256800       0.20892784531721603       0.20576400560322539       0.89038622646560439       0.21643261102310138       0.33103537893372970       0.22436680694852928       0.17710176024772645     
  0.80555539837858914       0.59253044966508672       0.68706766043979406       0.67116152992158140       0.59329917470012761       0.58954116705146509       0.70406317223168868       0.61747689477913736       0.65815170423801750       0.81193288982988110       0.61849376084622953       0.79762666082736622       0.64512959609313703     
  0.68090204331051174       0.68144075379217683        5.8849423945387627E-002  0.50926985238492062       0.25048069545953028       0.23114117455284192       0.22621180859661977       0.21964722572200682       0.89717863541609622       0.22361506893831115       0.34262493140473183       0.24092094709914583       0.19406520476785064     
  0.63425546766043595       0.75607145110108165       0.73206289520274648       0.64749590936281942       0.65722061142145682       0.64232727441778359       0.65474886045920411       0.58706620821738253       0.60645358392504911       0.68982547974211950       0.71543227371134088       0.71315510888674039       0.68272400514913190     
  0.69400673855956507       0.69531512355957681        6.7436383029458383E-002  0.52833588341531679       0.26558298277335929       0.24571986564012149       0.24453152212328344       0.23450862934155087       0.90253154831976579       0.23003559602668763       0.35503626379164910       0.25692753700681736       0.20987624112345932     
  0.63576740951192179       0.56593280363366893       0.81288590912951020       0.72811155970959640       0.62803072590627795       0.67953138468969754       0.58173861889707812       0.76493443984486775       0.59377706273504194       0.60855663193279297       0.84713075716998265       0.56743083320507903       0.68692099302194154     
  0.70718676031829575       0.70913678483401932        7.6151293529006514E-002  0.54686093638891864       0.28020535321630846       0.26177638156024080       0.26256232495431125       0.24943121863334949       0.90695123294318269       0.23686841397149896       0.36831318810626035       0.27250739968190058       0.22527995663888206     
  0.67049902598500444       0.51744152880285377       0.72770968875851527       0.69679559834228921       0.67278312358456638       0.75409404984060424       0.62457803577934334       0.81994304145049113       0.54046580547312228       0.68379282272111275       0.66433621257690501       0.59986892559936245       0.73833375152333214     
  0.71929406764978909       0.72281706692777292        8.5685647241418417E-002  0.56521473793403310       0.29600315463108429       0.27931556214001374       0.27963095306739211       0.26681712678324992       0.91129688913112017       0.24413702439383012       0.37978797031938422       0.28847327455813904       0.24126511588570493     
  0.54503617601131471       0.69438703064427787       0.76365965043193351       0.66406678066378233       0.57385415303993537       0.79235558386994198       0.60282975441731190       0.71455053626640219       0.58367950259726464       0.77669906582617931       0.68185620903493294       0.81097171488437980       0.59398931002056732     
  0.73211769903297774       0.73682590036481710        9.6303085802187660E-002  0.58433431958402304       0.31321188090416952       0.29775801375877320       0.29543012687406300       0.28497944953207072       0.91609233819821401       0.25145294700538962       0.39116863152540615       0.30542135555019168       0.25820668247757977     
  0.61727094357804302       0.73706850108539601       0.62204128304197892       0.64496350470637587       0.70763212894076921       0.78402632726944776       0.69361560477109585       0.66169738995651139       0.62948586490795522       0.58707467125262214       0.63569919568074951       0.69459644034202672       0.66992077514158332     
  0.74499657679122666       0.74956378042213556       0.10720883854733902       0.60313175158192056       0.32957028712547143       0.31759039275440798       0.30875884145563715       0.30195664683780199       0.92036307425156805       0.25902155862737275       0.40078440282327277       0.32156775900463280       0.27471352419454420     
  0.67566873148265072       0.63165396669536078       0.74817422525271871       0.58515354876275705       0.79492414599648398       0.72707771662125142       0.69140955648085234       0.66204718351931302       0.61002047974216000       0.70560905053479539       0.59116942243451165       0.62499048805618185       0.60541525915644800     
  0.75684572709416054       0.76105212050176063       0.11776917597934193       0.62159074297251637       0.34531329884298484       0.33626475997862854       0.32278103750850345       0.31817472595486357       0.92421966296615865       0.26664353711602790       0.41225334568597083       0.33677992287111708       0.29057979502834380     
  0.64650659883479911       0.60887174391414134       0.64300071727922992       0.62903762468512681       0.67626058885271834       0.71180361203713416       0.64087006655069489       0.72789252948476990       0.64829312265634420       0.64402521191752060       0.63249654639287367       0.64831783951738098       0.56530212087120357     
  0.76815727642098142       0.77138220431652060       0.12800687519659415       0.63807168405018067       0.36094415051255258       0.35159302420756228       0.33606874324982433       0.33467449288249801       0.92777501876875601       0.27388293696908761       0.42746388365946297       0.35154081897400880       0.30495260292219628     
  0.62957355916971502       0.56920407088120861       0.80276986615661350       0.69595651379169110       0.60390450506570126       0.58837065491837626       0.63831749609240274       0.67619236098181035       0.64405686056311140       0.74229236166060997       0.79507871638094529       0.57008987243244447       0.61046381246926007     
  0.77798573595421727       0.78119011844934216       0.13826248736765781       0.65343052161526971       0.37627716640060549       0.36691887880809554       0.34936310293528805       0.35139833017227440       0.93130445048978716       0.28081123293926413       0.44123028640396328       0.36609432640558065       0.31874211236673794     
  0.57991998484623986       0.63614564001307750       0.62959395246936734       0.65655097549640018       0.63149920568430062       0.56834826309921394       0.55782098802512459       0.67458906859721157       0.56143265372143369       0.67586977797125236       0.69427297083589135       0.67693915672364924       0.63660257362615158     
  0.78760105399236624       0.79067344259838257       0.14850139311762944       0.66845689155427357       0.39136890246564160       0.38199302860841738       0.36665553839931381       0.36587710201346957       0.93493008939131239       0.28784832037014718       0.45446667962366105       0.38098471484021201       0.33256434896448023     
  0.60055208718044573       0.58294885294018983       0.61593597548761025       0.75889896160194203       0.76606094940115232       0.57756772125790201       0.65016830617011878       0.66362506347206540       0.66301210905168739       0.62891148133920660       0.64619265483945620       0.63204640188476013       0.53714293373356203     
  0.79693869759456593       0.79968036347489624       0.15872476535374697       0.68378418054839019       0.40640010364370299       0.39691484865910670       0.38353467389617779       0.37962017858136532       0.93819193446590154       0.29353607310474622       0.46904016111024111       0.39604150252573744       0.34719870562253191     
  0.61011740746607690       0.74883194560859245       0.62263902662691628       0.65295927198848713       0.75068071938734882       0.64884668538879131       0.69466677228168561       0.77195616038725035       0.54265945498252099       0.61758153513039593       0.73133219569721919       0.68588225857235674       0.61798776447148263     
  0.80633975754354126       0.80936964375249543       0.16982413684645747       0.69948887818614369       0.42255034739828656       0.41254272848407153       0.39864486053213100       0.39114876000611065       0.94107796973571156       0.30017245570292228       0.48450158792062664       0.41076347622442483       0.36288632457779063     
  0.59161772643812705       0.84133902058201493       0.66714503349540721       0.62585077232067376       0.75066086449140601       0.74126656807214575       0.59080147440414243       0.62650359681761281       0.61627718718554469       0.59565689114118636       0.72519322382167761       0.71075121022240628       0.73790090404873721     
  0.81599963323324631       0.81939849305782941       0.18106487378190464       0.71452255621052396       0.43920387284712814       0.42916235814216552       0.41451080825772635       0.40268363878621449       0.94391623925453316       0.30710140868435926       0.49994317354319184       0.42519425372123665       0.37913144258530168     
  0.66160124254696362       0.71268298443716227       0.66331319412102774       0.70616009161863857       0.53883082764479662       0.77424045611965076       0.63278006613206850       0.65623376176258985       0.65327011240507160       0.75660864958297491       0.66493010714476808       0.68437580770590023       0.63139763924110415     
  0.82548864665975186       0.82696226521849125       0.19292160236377323       0.72508638628569821       0.45663965929818739       0.44461651775194933       0.42913447830209184       0.41465322129973980       0.94675887424416472       0.31391813806264518       0.51587047370788919       0.44029165109744406       0.39642631006170503     
  0.57017711866402554       0.72466671385833237       0.60612022685519518       0.54235983163228796       0.63570777538529666       0.59006913853353415       0.84319974990044710       0.65017646793603079       0.58908740534968840       0.81039263610403534       0.74916160049563651       0.72147840220881543       0.71618746731363403     
  0.83461719647807964       0.83424966312567228       0.20588440706407224       0.73300578497005964       0.47429704591618255       0.45897005016964532       0.44307302078231842       0.42753887132137491       0.94972496888132818       0.32029538225001702       0.53165732603341576       0.45753985279656523       0.41194340049939693     
  0.63019698842154370       0.63900289745151773       0.65231094874098505       0.55594974786202422       0.71964443918682663       0.57041177028543066       0.60328208447881926       0.60462221190157450       0.64280370220291128       0.70204954038802458       0.73703022489684711       0.57302991034188777       0.72350535278760808     
  0.84330406305215588       0.84038635348134705       0.21625206429062230       0.74070070849885405       0.49135145864087976       0.47292142062048992       0.45520336091183167       0.43861155743908914       0.95246719797414103       0.32602532894052016       0.54590739463019733       0.47681472759257854       0.42525668459622384     
  0.73677651096233077       0.60848815416982915       0.64228470315987474       0.57829926734592152       0.66764969050549983       0.67502993426452529       0.55590113033175748       0.62599544849279287       0.65458087320819791       0.59513095868010224       0.64152139278112419       0.68496039249757923       0.56414095860400915     
  0.85075545833610111       0.84627015408779604       0.22459041992425380       0.75002361798997752       0.50702104934822301       0.48847507951871266       0.46616269439000452       0.45056114943687070       0.95509280150171938       0.33196048553396668       0.56004184629552933       0.49658742257407223       0.43764515730362202     
  0.63860346636425469       0.55997201067877056       0.58961607270663041       0.61638256294693750       0.71015886274902185       0.72682698549823566       0.58473427763734498       0.58658113806931511       0.62415547101119373       0.64379365818911094       0.56173669115739078       0.65114278054379715       0.67160574713407983     
  0.85692816766030522       0.85196446375375368       0.23529946380596686       0.75968315677154041       0.52201300631629344       0.50616368869127248       0.47786346292583232       0.46421850905660833       0.95741554549918773       0.33958376784379474       0.57463691652116744       0.51574118023348992       0.44903972438625667     
  0.54382570595382274       0.63006648765789597       0.66450076628728671       0.63141953377064342       0.59832251829577032       0.69565467561040828       0.62952131708467762       0.66328527426759165       0.68933119602341952       0.66660092180462360       0.70191173632746617       0.78621396569993884       0.56698254582305674     
  0.86367317725265691       0.85774180228436958       0.24660934551666192       0.76764429664814915       0.53663724391465195       0.51859135610437956       0.49066569630492113       0.47546425259288461       0.95938504652575385       0.34825704695715998       0.58906191882654779       0.53490596925659795       0.46045113368154239     
  0.63034771627042874       0.60113758665893102       0.58886030515789267       0.60178615394801993       0.66150406223876657       0.62606254933425964       0.57575894425352359       0.60780458749834687       0.64949208871729458       0.75829181867623940       0.64283802520154554       0.83437515510798710       0.68058283459176439     
  0.87059695769260304       0.86367469977166911       0.25972179124928169       0.77508527969585927       0.55052718998577321       0.52988869452436171       0.50377206114617623       0.48753839081758232       0.96134644736840846       0.35599760561100002       0.60312133879740992       0.55084241703232939       0.47153926093607718     
  0.66433762689163012       0.57972026536694610       0.59741966915157507       0.61510901747848556       0.58941614085974170       0.52885753577308081       0.63402832810649168       0.64860892212159593       0.63097703280859962       0.81203686273127917       0.70423238566262158       0.58678794809419810       0.68975564019502145     
  0.87732364166234422       0.86945230020387354       0.27388059921698765       0.78436484994993405       0.56419649796597338       0.54026354495550022       0.51743528692784491       0.50420409524881826       0.96315628051601621       0.36261129744207171       0.61716037780523325       0.56659762350257792       0.48209270652143588     
  0.57080740705880872       0.59806075722128405       0.62622508808571098       0.78348160150777568       0.69578551474233130       0.68614770899227773       0.55782098802512459       0.52885753577308081       0.65636527286625690       0.70201895152718030       0.63573502176161700       0.66416221347055415       0.58855283212669351     
  0.88352535281189815       0.87509595470571611       0.28743911279224682       0.79332382809838720       0.57990872863531073       0.55281860424222951       0.53142615901468326       0.52009192406195504       0.96491786892770970       0.37055285927420423       0.63133629807068958       0.58185495691917088       0.49874155587067337     
  0.60714135947736081       0.70326180411996941       0.63760880095630756       0.65226866390869132       0.70883295990592021       0.63120513423459013       0.63163284503140060       0.61621435478076714       0.59328385177125276       0.65991476712169295       0.60286948002691121       0.70947950677487093       0.69439700438519913     
  0.88918290351901630       0.88083953567597129       0.30116332218549602       0.80022523306242488       0.59797246578039864       0.56792892865980193       0.54638593729538842       0.53745542006645497       0.96660762046720672       0.37949884003166251       0.64558472889604190       0.59673060109358722       0.51577677226665652     
  0.72247450003586711       0.62712827240148983       0.52304933680570365       0.59282074718263311       0.76626937167100273       0.67203287156554503       0.70109218707043852       0.61804845239202322       0.61812968238197374       0.65458087320819791       0.61858677188908506       0.57109678499965866       0.71994404363464037     
  0.89457206234491060       0.88664741944558556       0.31597392232003463       0.80741998577284968       0.61513772572682268       0.58231073285692969       0.56266523904077947       0.55674659604456878       0.96823516769893070       0.38829279346145279       0.66033663929152708       0.61179697422122592       0.52886799519407846     
  0.57464895806756822       0.70443861693189080       0.69384821103542926       0.58489441930824804       0.67610772765113381       0.63206786599040832       0.69080127086837195       0.72525514308147288       0.65142206282321335       0.70887772104675095       0.78182972788212979       0.67439836846259860       0.68538334680696944     
  0.89969900819245385       0.89234775996979421       0.33147011051178982       0.81510693966876224       0.63100793647958742       0.59475634101230868       0.57944184008571886       0.56933939937078393       0.96986470393095614       0.39662549274201375       0.67445284718536558       0.62569314335745385       0.54209597078079541     
  0.73543968681664684       0.62671684786604709       0.60141698616482908       0.65643302701613893       0.71534622231185085       0.63282438765111060       0.73090675711493491       0.61481525256112446       0.57051578402430891       0.73716738881291111       0.77460974488685741       0.70969739992427583       0.64229458739169165     
  0.90458119862312991       0.89803794446146790       0.34853384845092694       0.82314826342291636       0.64670676895717072       0.60636989170629740       0.59664776682145892       0.58362385994395072       0.97133868740703300       0.40465193441788005       0.68757772565819586       0.63623246540413858       0.55777654833286439     
  0.79910598391366605       0.60306560462124714       0.61472235049651835       0.63365146574136733       0.76367457045768727       0.59025301124304763       0.64547717649854297       0.61919248633586588       0.57400769473130620       0.60192927487102676       0.75551641362682198       0.71467690100648684       0.59935694120358241     
  0.90935078316864149       0.90329708144870324       0.37026251725476422       0.83169654440103125       0.66303598325730961       0.61774253018137915       0.61347934329944387       0.59774650832576404       0.97280302195762225       0.41229837197824087       0.70073830432549589       0.64699530394971561       0.57431790235998303     
  0.59159318944902206       0.72080641520373701       0.66148388512034695       0.67316756476458106       0.68485863661657220       0.58064331153882232       0.73695006790535833       0.60712430309494736       0.63211554360230027       0.59101799752192918       0.64032310026279970       0.56011143429013888       0.62298765251387733     
  0.91416065843221217       0.90810369667587088       0.39369208112359305       0.83959407243467732       0.68092827358537455       0.63135169900917498       0.62872080227765059       0.61390790250323712       0.97423822736621812       0.42022910903391580       0.71375115382719811       0.66013874924153615       0.59340038038087328     
  0.62870742259713186       0.61159084710740363       0.74587860020937458       0.60698678011215534       0.62161962389221082       0.60178615394802004       0.67715682755660511       0.62001846461241361       0.72931346939827590       0.63595202793465500       0.71188874351461318       0.57854520106304419       0.77583151514697601     
  0.91875473233840299       0.91256954379465638       0.41744759937584469       0.84759709967634711       0.70030831842582153       0.64632158406673490       0.64268020397777315       0.63264340922005857       0.97568549851568209       0.43017309860375885       0.72572440778769653       0.67300935719540445       0.61304243814393178     
  0.63936133537542628       0.57224418787663078       0.71808816007313392       0.69042969937374110       0.67186840041078322       0.76191594205289337       0.61424192345498607       0.72769526473999513       0.62312470575344114       0.63425067969683513       0.60760040560735118       0.61790738014607749       0.66748909984640215     
  0.92357714201226770       0.91685636818104355       0.44122777587846623       0.85595735598511502       0.72116819670653243       0.66228713723036936       0.65623046335123802       0.64944614720495497       0.97707539403683208       0.44043296293043255       0.73668208653064560       0.68501346850511358       0.63213699309071292     
  0.64358039921180421       0.56686795328330841       0.58586431647642001       0.66242830204187497       0.88245240983842499       0.72724094879822432       0.68964688907574756       0.73998965051394594       0.52963451327027755       0.66808704871518088       0.64815744640087958       0.60125930637083391       0.71167655472974667     
  0.92797134666551195       0.92102774791848541       0.46665322239268753       0.86443102411594408       0.73987925005714750       0.67929416986745206       0.66986506545832170       0.66799811333284931       0.97831138241055315       0.45080772680482345       0.74713765670353827       0.69746701654068277       0.65119274618760248     
  0.68925896584590696       0.68557360853828331       0.62291272944176235       0.75033125600293438       0.72598140485632001       0.60337990799893404       0.62068630893767451       0.70828825058077305       0.63457399010871551       0.61997756044579300       0.58481707095072122       0.56431500794352507       0.78126361158398228     
  0.93171246664587881       0.92501651586738542       0.49267336141383450       0.87308317404862057       0.75226325635015046       0.69485213702959858       0.68401025379319069       0.68902373947281548       0.97956159919097485       0.46114232122854648       0.75730662091546375       0.71087244007226613       0.67009598230739853     
  0.61479438845561118       0.67961122016836584       0.58877041422281606       0.65562336411591748       0.67418048651545293       0.72825857875601785       0.55007236740822552       0.79616823349113919       0.65788621068654030       0.62643009880298062       0.65014884709617171       0.57692827418080550       0.66113935325470063     
  0.93523009028284487       0.92948322576214526       0.52035632982217817       0.88194172914035629       0.76530463209868160       0.70972252050671381       0.69874725695653184       0.70841941376649753       0.98083816229608389       0.47134033329222852       0.76687454242985409       0.72404967243665141       0.68970958150728223     
  0.61097126220647169       0.56456487674102829       0.63009006063535200       0.71667681276837969       0.62799667953340199       0.58345275295109744       0.60369492031604211       0.69362387416923110       0.63025452924679493       0.65487911598672199       0.63977492510842271       0.60762854102993047       0.79036799662198876     
  0.93867949323566191       0.93447327894580523       0.55228332437421224       0.89061455460075944       0.78014098081729888       0.72323226744456326       0.71258910094815175       0.72566884617083438       0.98208349874332435       0.48120271931917424       0.77703734057925200       0.73655140269176900       0.70994752939875294     
  0.63348963689860338       0.75836145765811191       0.75552631907346202       0.72885150088907291       0.53549283119962432       0.57559180292760415       0.62620376454485838       0.62898136044004449       0.61131797581670100       0.60880890001374222       0.54339001965135902       0.62763123318123160       0.77008027339132812     
  0.94220796723780798       0.93932910667185476       0.58639627133516625       0.89935700494983462       0.79475443019734338       0.73628820954932905       0.72710996179630916       0.74171322870222500       0.98333439590355387       0.49036991846270678       0.78721522244172781       0.74952394062449257       0.72789889201653113     
  0.74604044764129052       0.62693114673549533       0.65093572786111908       0.94509496960007267       0.65486976229208849       0.74406408587782458       0.74118115908568782       0.83278303341529625       0.67620613852935529       0.74749591517668190       0.61718721162457924       0.60732738079963411       0.80315789885434130     
  0.94601247341890560       0.94439421739627416       0.61909901094303454       0.90875336704947818       0.80852294045269035       0.74730058082462369       0.74157107326594129       0.75664250161893187       0.98458164399945447       0.49898361846466605       0.79831311759978441       0.76142298304367628       0.74456068838227785     
  0.63854234225821582       0.72917807693000114       0.67596441745366120       0.66850250165866132       0.66889964385921319       0.51565595170739342       0.66599372640724630       0.57140982169833643       0.75359912955432129       0.64003017138279428       0.64599889695427071       0.53163244055284753       0.80207037354520450     
  0.94986740974279826       0.94923053635829491       0.65244694911795809       0.91682437270683803       0.82322100214198546       0.75859636965027899       0.75221968101815750       0.77044784953005474       0.98569309279657491       0.50826410864411631       0.81081543996751149       0.77383203008775103       0.76013210189634395     
  0.66782282644758106       0.71184020694147221       0.64126893289227060       0.69991423421329479       0.71254524029365118       0.58504959910242738       0.64769908709657409       0.72757980031763292       0.66716478503227372       0.53417890885880326       0.65071263786600519       0.63495718556119352       0.64654755547403497     
  0.95363945214251478       0.95303870997617224       0.67953554803854843       0.92450020930231580       0.83764432156749391       0.77279640643629133       0.76110300401053765       0.78629293471063477       0.98654497636178262       0.51880844598943776       0.82383281449324686       0.78746015753280962       0.77516976437892171     
  0.58217023869014006       0.64866572377657239       0.66991083378581806       0.83782584410058158       0.60861137398077325       0.63993718285782120       0.59288459460798881       0.68265131113202682       0.74217497771808161       0.67399406558448383       0.55101586119491963       0.64625322218447789       0.60825588423173660     
  0.95708654180471298       0.95648994854717029       0.70800888332269551       0.93148042429198563       0.84948592317094629       0.78860400949130638       0.78183159315747064       0.80478094537822775       0.98741580456091627       0.52941279680429010       0.83417457289314845       0.80167067453096752       0.79165800174671241     
  0.62060496847465607       0.76749377012714315       0.58916718356471520       0.73676730083973729       0.59364807911045259       0.73392580650328865       0.80566349334453069       0.71111445366972814       0.71606535087291323       0.70957236932722290       0.60388978469412047       0.55375854939069191       0.67656484210476275     
  0.96033948254993284       0.96017724804532656       0.73766574718415279       0.93819114369470435       0.85964210146574072       0.80561749677745664       0.80257780199377471       0.82339594701214802       0.98829889310552566       0.54226141022923080       0.84478369441180412       0.81629421267362445       0.80981419690743695     
  0.66721366689444050       0.81093149569543455       0.57022310391722408       0.67891053784778455       0.50326607415267222       0.60404399465585346       0.84707664152259021       0.81901547910382033       0.71142188086089009       0.63079992311280630       0.55237856679959851       0.62005568733807592       0.57516619442822481     
  0.96384090869994365       0.96406162652692995       0.76798743908799449       0.94466262418133951       0.87212843326810752       0.82339314187762758       0.82304567813122476       0.83945399565079171       0.98909361332860013       0.55585973298695335       0.85632058997417526       0.83364509200554326       0.82985995834149995     
  0.65304515188972134       0.74548347286313044       0.63841038917147108       0.75246586721985731       0.60508774667446474       0.73066636565938281       0.70271461809328917       0.70224490489439473       0.71684211683919641       0.66534973245641937       0.61350467588172297       0.65671952212981766       0.77159758677163703     
  0.96742058173603451       0.96777167749981663       0.79779039216858649       0.95111448071668692       0.88587721930160068       0.84117478138410962       0.84303821185717009       0.85506614484267429       0.98986946961965783       0.57158601549712273       0.86820386631863777       0.85005723496757013       0.84998837115236758     
  0.68288200077019601       0.78850171690578119       0.65522123153431400       0.71014179256941823       0.55092042439715738       0.68947152180440885       0.72323995335386526       0.59119995459214258       0.65103924964785298       0.66500450358575847       0.62908983296289334       0.63150408389963186       0.65679772776979062     
  0.97126048133025955       0.97093981441517974       0.82451434889311537       0.95743331651338281       0.89897898494531359       0.85842406499036539       0.86248194066758976       0.87143591877618631       0.99085342778008167       0.58750189696192201       0.87995882644717816       0.86697515946259240       0.87056210188097005     
  0.65939878050400147       0.64602861084523111       0.66662986993578732       0.73722974286567056       0.70511321096949264       0.68344767466749490       0.85401432712369452       0.53073532010620206       0.84132918463570927       0.67354152263094369       0.60303975172651414       0.66890376758110881       0.72321381565477039     
  0.97511258366676790       0.97383809266185672       0.84955478973776077       0.96337501674884141       0.90964996640730000       0.87655392182296987       0.88073247045543768       0.88845425831358826       0.99179248459167890       0.60456997761280040       0.89215023834095863       0.88320046112080264       0.89032013799291609     
  0.70168641881107252       0.77236789378484905       0.50139793795528187       0.72787795719750104       0.63826181909280477       0.69764189593696480       0.66044005760888902       0.71316124715658802       0.68418715603325631       0.78351013937104708       0.66227154629346319       0.63573459393313614       0.66034063933601106     
  0.97878072095794522       0.97707210234481279       0.87387038612837764       0.96911078772182557       0.92003328193957645       0.89398826455658265       0.89716178531684088       0.90652483827004715       0.99269487710788828       0.62030737429262373       0.90634757331372739       0.89875343040663735       0.91016177824741962     
  0.84008293214590668       0.61814843537150532       0.56488114824564462       0.67638510879813774       0.62458389242924051       0.78509351561594376       0.67035142947266158       0.70295889386010102       0.63374954160457719       0.63801148215677550       0.68549032906075558       0.60244391302837341       0.69966553744776494     
  0.98217750843880336       0.98071465736697627       0.89526779514210952       0.97463057387833107       0.93167117152661549       0.91276421317831757       0.91500045652917605       0.92178936499045827       0.99362191338799088       0.63984896524173307       0.92076057692041169       0.91450351128627672       0.92987830230187796     
  0.62910114670625050       0.68365641618534201       0.60107822379438980       0.72949224711764094       0.61901584522780406       0.65061396422721285       0.84847364899355560       0.65469260382042849       0.69821584831805872       0.69262288539669825       0.66969161949159139       0.63784100546698763       0.58691560761950223     
  0.98532423398729463       0.98437043223401777       0.91826198587597030       0.98029847687760863       0.94456749865174561       0.93270701330013062       0.93281388948930466       0.93787801573382401       0.99454937544613509       0.67249624432114674       0.93606124298636384       0.93183685317359022       0.94640085407836472     
  0.82413546974659802       0.82136532451290645       0.76929225727461137       0.70968231647720370       0.59009106663286226       0.72796853904219305       0.74014257623471669       0.60363415441173551       0.92773222970315117       0.64413132836264408       0.75939356485831488       0.62413657327694427       0.64697087370352613     
  0.98865921426316217       0.98820920729571282       0.94109998087739266       0.98562893541313035       0.95876107762233376       0.95170603016291455       0.94976520284722921       0.95304726107365245       0.99550951988904801       0.70393578027972492       0.95203455619135358       0.94908233927012620       0.95894986028096751     
  0.87612623184433613       0.71046145815342177       0.73137503164801609       0.70986094866075311       0.63282847359541172       0.67983144465737011       0.59880116076363743       0.60010143725487675       0.94040727745927721       0.68304668614492825       0.62740971673048818       0.63924668603701840       0.57501590009042092     
  0.99194985109734601       0.99246596920152186       0.96394312496161993       0.99071919962333788       0.97286686981669412       0.97006534460029614       0.96776885740881724       0.96877147802834762       0.99661163548757148       0.74311154672892121       0.96785323425360548       0.96601885050237091       0.97257847949336451     
  0.74131236066204131       0.71653566704421834       0.73775412446975785       0.66762105646472347       0.64686848318079149       0.77135674125324660       0.75177594214128762       0.73743122785631010       0.86900062275766221       0.56338584358029864       0.64788288453782927       0.68326230494701246       0.64461510402174071     
  0.99569646253384514       0.99616542692535892       0.98172783730395607       0.99541170066815832       0.98659013509927351       0.98548878696166287       0.98437713196064980       0.98434661318304006       0.99808696818864684       0.85071828435624708       0.98230429827233512       0.98339677615064558       0.98600531597400254     
  0.97168032113681757       0.74228093793488892       0.66420254652230715       0.61952586743504456       0.62523651029962346       0.59767737670078347       0.61276011701491506       0.58452608865319433       0.97003083991548389       0.69997611985196595       0.73857958914719946       0.61403625888139368       0.60629373890338667     
   1.0000000000000000        1.0000000000000000        1.0000000000000000        1.0000000000000000        1.0000000000000000        1.0000000000000000        1.0000000000000000        1.0000000000000000        1.0000000000000000        1.0000000000000000        1.0000000000000000        1.0000000000000000        1.0000000000000000     
  0.81421460429387504       0.67387594310011234       0.76487712017605158       0.76706420564995914       0.64559151872881793       0.64942949916125059       0.67970710840392201       0.71574631687250301       0.67183081685771173       0.50139793795528187       0.59955118652514050       0.61543739802361408       0.71617433791207152     
   8.5931806492717229        8.2430455541152394        1.0232682302096030        6.3357528526045224        6.2870683766399926        9.9587355223754646        5.1173425495013953        11.568621063327651        0.0000000000000000        7.4951681140938460        12.326494517465044        9.3741417936560048        1.2676060404923355     
   7.6761172292920126        9.4757005028160677       0.36042969864430219        6.4403271256359496        6.9791511215820119        5.8463999415679595        3.0303674907726235        16.875488037489301        6.4098859185760810        9.3215473402880651        7.1185643039919757        9.1023143494883847        2.4514987352197548     
   11.582224927962212        11.751884928640017        13.828160802775821        7.6306226497760621        6.7994491764970375        6.1637161204412800        7.4242332461148308        7.7306367406442549        6.4596976218488358        9.8790178357892771      -0.61082072586525737        10.671639773881241        6.5529542841537403     
   3.4983797940369477        9.6191132770264254        7.1187453839358286        6.6365097471874730        4.2133405014301744        8.0337380353760803        13.011738782200338        1.5572530380706151        7.0445567481360856        8.9808351285416510        12.155204615233854        2.1462600918456900        13.557395246116069     
   11.908522577129400        11.821640187576858        10.929099971191359        1.8463066484726467        8.7306418683665949       -1.0224290309714887       0.92706634479708849        3.2019202872611792        7.7280246253867162      -0.35192788769613176        7.0996374299109579        12.306584549941723        6.4486439749249866     
   11.027944482424932        13.398625159010045        5.9075802453126078        6.3808379516850176        4.9416191048554836       -2.5462755024950674        3.7381402139918043        6.2177984899735552        9.3790539065318441        10.447278942184674        12.095330934692649        11.557776154130249        5.5346702189161237     
   9.7175897747499516        10.858940412651581       -2.9974253044074679        4.1575173996139743        7.7380266310813060        14.344313353395259        8.7160985254477339        1.0973624169881828        4.6310011952070820        6.9031549594434063       -2.6610692231965425       -8.1732086693321868E-002   5.1356989383339098     
  -4.5458369948788553       -5.9942463280283560        6.5040055374893768        14.333602709888730        5.4147489493972429        9.0342046065070480        3.9448783993631849        3.2824683332586884        2.2155173219085529        5.9770693673331303        2.7183139871500033        2.3948341583578334        5.1972470947138900     
   4.4557525133832215E-004
           1           1           1           1           1           1           1           1           1           1           1           1           1
   1.2610818188304239E-004   5.5029278919315600E-005   2.6581427751906229E-007   6.6025327444559387        5.9823304538518167E-006   2.2228674286870364E-008
   2.7302489361420010E-006   2.1703365800072704E-006   6.2967637905706604E-007  0.27621981099316900        6.2922756909807604E-007   2.0580597445427795E-009
   2.5710132184010019E-002   5.4761024751321195     
