   0.0000000000000000        0.0000000000000000        0.0000000000000000        0.0000000000000000        0.0000000000000000        0.0000000000000000        0.0000000000000000        0.0000000000000000        0.0000000000000000        0.0000000000000000        0.0000000000000000        0.0000000000000000        0.0000000000000000     
   1.7262038189462953E-002  0.11501540658585760        1.7320047318301734E-002   1.5661663644752480E-002   2.8903246260768262E-002   1.7389804536933107E-002   1.3016657321499226E-002   1.5706724024821393E-002  0.31617971437013237       0.12446504743529685        5.1444819057026685E-002   3.5564821812397888E-002   1.6054495641273033E-002
  0.74056252737698403       0.62012586863639396       0.67734115092452130       0.79325726501659055       0.85336637787241554       0.90323547364823598        1.2123906042416916       0.79715447381063520       0.58792739211421197       0.58792739211421197       0.72209437260508758       0.77231810424608072       0.71817036048993987     
   3.4526604506230671E-002  0.19966619908163266        3.4305420605563935E-002   3.1623583048632983E-002   5.6994718956023788E-002   3.4852177985615865E-002   2.6202062975213811E-002   3.1444277363632103E-002  0.52319668283575516       0.20813188489354240       0.10062911838212109        6.8011542693629176E-002   3.2278978910628080E-002
  0.64271307502812625       0.74576927475494181       0.68150094980854359       0.79363066964844964       0.71428205050077853       0.76992111715955880        1.0115687516036052       0.62257995231535190       0.87345492004330938       0.74640584432081591       0.68010304994378101       0.97164429108986383       0.80978273315432892     
   4.9921249439414200E-002  0.25495217015981048        5.0733916600670177E-002   4.6222449582512495E-002   8.5909968791283819E-002   5.0640466112601090E-002   3.8189645579296785E-002   4.6518063472666890E-002  0.58085061987476039       0.24315050564251930       0.13632233230841287        9.3433883889889213E-002   4.8115132073016258E-002
  0.70756216229654612       0.82866612832314246       0.73154303239315155       0.79184334886567931       0.69329319185166582       0.67165223138762398       0.99162668630271356       0.81210244091655703       0.72904633267914587       0.78497589066178408       0.76756127636029825        1.1012006248397730       0.73731642006903619     
   6.5595016601179501E-002  0.29757942274032001        6.6835674965895847E-002   6.0757723617200290E-002  0.11503851413741401        6.6324636839153350E-002   4.9927335300227381E-002   6.1995000729789654E-002  0.62232836529636737       0.27119987836299597       0.16530708736398791       0.11865214935929498        6.3639946413159371E-002
  0.73962301091854554       0.62852088887530666       0.67575356736452896       0.74135504552812548       0.65565657403544442       0.71517734375347708       0.88870517516445668       0.66824438495440008       0.78477360668868246       0.80938818194841777       0.74449003810886649       0.87554704683407836       0.73629419101440641     
   7.9811704142131901E-002  0.33052071361989799        8.1923845904029069E-002   7.6393697720538722E-002  0.14237337738508798        8.0640927989933719E-002   6.1955246711850209E-002   7.6757996335039477E-002  0.64487069973350131       0.29054200360607468       0.18798764522583922       0.13997987450754615        7.8577475265442093E-002
  0.75343115907880664       0.69559777808634038       0.65319956860784290        1.0029025999136856       0.68703161346185915       0.70274302277646528       0.90695920983073908       0.70538261825670368       0.67813788512630724       0.73141546127816770       0.71459511923728125       0.77315620447507438       0.71191961789530656     
   9.4125169036903100E-002  0.35768459728842367        9.6953109639841259E-002   9.2220532940630026E-002  0.17012293610964138        9.5139496732528389E-002   7.4310349419057273E-002   9.1451484975998767E-002  0.66407400720694454       0.30838132785945521       0.20618964699857739       0.16085606275514791        9.3519513891517150E-002
  0.74343077971248439       0.68257592117597532       0.68476815586406492       0.94218998084882255       0.68440976611420878       0.68309708049899975       0.78150271749777567       0.73178993794437186       0.64477706484894870       0.79896004502827789       0.76853765521311546       0.86531384236180608       0.78406862319435422     
  0.10920485556165498       0.38122795001825399       0.11286915734959105       0.10789389829207925       0.19695997406018292       0.10997796467413561        8.7032221569367421E-002  0.10496004398091401       0.68022013126844083       0.32237057052156781       0.22163761552221914       0.18061998144649447       0.10830740794290715     
  0.66382396799535759       0.69547969739105198       0.82077828951423681       0.79570541712366982       0.66456422247710312       0.71943465355569747       0.76896115075811333       0.67035944394934777       0.70440907998139735       0.70247715518674447       0.68530720812275736       0.83550474183743018       0.72137494749091635     
  0.12453175366375173       0.40346828802354784       0.12897947624004125       0.12324597389943077       0.22435437693191926       0.12415376314742486       0.10011598631201271       0.11831580321913378       0.69543977498840215       0.33542406352893778       0.23622922020244166       0.20051797647661196       0.12304781699908980     
  0.81466782407626737       0.76907973183095846       0.79698343968572838       0.72681707795442940       0.68017080031111921       0.69728741886221313       0.97667435663253188       0.67530093184829643       0.71838965569692614       0.73865648846321541       0.76238224763604667       0.80334143500040023       0.73592918124105067     
  0.14001013622962066       0.42483283527048826       0.14428169403056490       0.13934063218077916       0.25229137345519798       0.14054287869914583       0.11340153648869804       0.13378357495986740       0.71030270857587308       0.34669017058971158       0.25057098296333008       0.21946584011228942       0.13833161471625796     
  0.78076927703769428       0.65340828151660491       0.80019665173709897       0.64509319256106690       0.70153732670131730       0.68990497453231114       0.81355076562376316       0.81431644929733726       0.72957631718586136       0.78408677169918228       0.80331112158620432       0.78403572787988851       0.70030508659076207     
  0.15518602530300435       0.44371530567307416       0.15960258613379674       0.15574373853990423       0.27906783324114337       0.15686058784765688       0.12694519165017840       0.14937832845906043       0.72219892411708009       0.35800799437066189       0.26286483433249047       0.23795404272802365       0.15360181068499151     
  0.80839874287702496       0.75124168137106451       0.70444443260966128       0.70319550438788991       0.78273192082045495       0.73877142025839149       0.78493762569361603       0.68298814241748196       0.62397501105869313       0.75858142012129182       0.70138274110803411       0.81808018940326488       0.77350982864326256     
  0.16997479494540102       0.46144450134018755       0.17497332465644702       0.17232964979881438       0.30525547921182627       0.17202245381397452       0.14122158378154526       0.16438248338423975       0.73341578187122169       0.36905238288742609       0.27485246698732996       0.25559899577166501       0.16932556917769864     
  0.71631791546828893       0.76195754343751720       0.80285227797463254       0.79975921472259948       0.68109381150463344       0.73768597271782299       0.84331421581946842       0.71186109233284789       0.72307604301893647       0.74128556344075003       0.78214520893126971       0.82368549572432159       0.76308206322369820     
  0.18603741257226086       0.47778680348071451       0.18975466045204387       0.18913049904563412       0.33151475143815540       0.18733297286986453       0.15654606476187080       0.18007468642081023       0.74386743659447119       0.37983860562427840       0.28602923323884438       0.27241765422941666       0.18595538625643321     
  0.80978535162837262       0.73659220238482770       0.82487415773293882       0.74051676909470621       0.64184207989862396       0.75420847462636775       0.70848370462133192       0.68792770941806880       0.73749401038082762       0.73341868531265775       0.71571735797504488       0.68889488667376719       0.74186656516919369     
  0.20215769424113270       0.49376410373871443       0.20399471249358286       0.20521960212718005       0.35731926747676468       0.20297106369945306       0.17164662029353189       0.19472340168163457       0.75427452644532222       0.38956959470594155       0.29722396353067537       0.28808713689806248       0.20283224775022846     
  0.67371850462107408       0.71737726525719359       0.66436190863457190       0.66101354268353951       0.69327758550148633       0.63958936912935471       0.83018341263153184       0.70013807989007382       0.81282826137160857       0.68195377942718605       0.76504802048795695       0.80157417328721337       0.86113343850857027     
  0.21809444932445049       0.50858004780264876       0.21827287962985320       0.22110225956023877       0.38252594807589169       0.21901799681137618       0.18682791126180864       0.20950862252562941       0.76298459366245974       0.39920253913022141       0.30785595667916882       0.30340589371421056       0.21996612589313563     
  0.69670820651952436       0.68339959848615217       0.94265126984210412       0.67593443950412868       0.68398465627755389       0.87105031202206551       0.72706940684239307       0.75127632163361113       0.80883674747548095       0.73371923843125897       0.75970766573709858       0.74084144439411670       0.73903439029780815     
  0.23335005173410858       0.52272224281197921       0.23260763810674356       0.23667372485016747       0.40726297617479212       0.23446374511280565       0.20225720181127990       0.22494182554614756       0.77141091857899069       0.40800728816252907       0.31869662175078006       0.31856989016112713       0.23703999462285000     
  0.76213934465961375       0.73714191401450924       0.79064823956213470       0.71009624086442813       0.72755008062272830       0.75188319966628958       0.75149624308595353       0.69234022053439581       0.84355291778003472       0.86012222876283262       0.73604372375896454       0.75915199885821016       0.78368022408585469     
  0.24785954023045181       0.53662082700467906       0.24705675898274820       0.25215685983558656       0.43158266946931007       0.24985263976788216       0.21782856272078538       0.24045212336703350       0.77907113223766133       0.41667279855505002       0.32931608719065503       0.33369454264765619       0.25414322836245840     
  0.70709752235527723       0.73773212230740426       0.79848305538178721       0.68968492632870160       0.78394319560383730       0.82970437979681877       0.84664774313287849       0.71787037540500087       0.68693698154770977       0.80094101935260376       0.70188046040520602       0.73169648594204095       0.67767655757787593     
  0.26460571269964323       0.55058736489359572       0.26107317370412381       0.26778240180302038       0.45500925171509315       0.26611985354306189       0.23360959455094407       0.25536255990414103       0.78650011070889736       0.42489011693789913       0.34005977863393666       0.34761530178323863       0.27133591011427532     
  0.64703470389533635       0.72002237318301066       0.84425558523327870       0.72498315889501552       0.66847703488494792       0.79823429716375260       0.69425367087246981       0.85486376123607211       0.69277104547542012       0.73804949853939261       0.78333989302332296       0.71652077882548004       0.84601984200918234     
  0.28160367163236205       0.56344415392081504       0.27475257881095383       0.28387428887271043       0.47726014356389718       0.28227012352217323       0.24867173244482568       0.27004137199640632       0.79296635994702225       0.43315729821636467       0.35176597887036853       0.36088940912242257       0.28856710496339893     
  0.71110903020632932       0.66311981705289536       0.65923664198510756       0.77679326276183625       0.71030184174064659       0.78854407590731301       0.75582483402262590       0.72924651959489473       0.75764797216578339       0.68346378410367858       0.86183447324203522       0.79370363651671960       0.79688863262757204     
  0.29893145784984243       0.57572494086373804       0.28661934405500084       0.30026454511452799       0.49902248419569378       0.29862520056692254       0.26379695199631181       0.28397888173556202       0.79918921821537603       0.44152766020069562       0.36356534652133038       0.37485961285826885       0.30502040621367665     
  0.82348754432689741       0.82823939516250711       0.76795936656805286       0.78128074417342974       0.64806431350973082       0.78079323928799971       0.70761066469587852       0.71586955312419298       0.65723991672517723       0.83986734355970483       0.75064108707960908       0.76430962771316224       0.73831533398150129     
  0.31658857111436189       0.58745433602933605       0.29868023295097307       0.31499011383819869       0.52093389613571450       0.31444898336442828       0.27944525302843581       0.29801821782879656       0.80537923009789258       0.44972153703549311       0.37579063922514877       0.38905277073515460       0.31929660796693982     
  0.75971899706147739       0.75785597250383530       0.67428602505630852       0.70630093919561354       0.69037645698729044       0.72496686499875052       0.70750146270987024       0.71799376478968302       0.64755607506261892       0.71979917477970345       0.67503102756912048       0.78204793881983592       0.64164751296994027     
  0.33425402180989155       0.59884782691208072       0.31207514281611459       0.33083573413683470       0.54214760772169424       0.33041202100949729       0.29514754821509698       0.31375504674076315       0.81157481883922211       0.45768811846783114       0.38751695247326179       0.40331910276701233       0.33428540350197267     
  0.82383540657840215       0.64564288179828144       0.73998564839482384       0.63723520725963489       0.65194385028125212       0.76875167202625749       0.71336431773775166       0.72251599272979150       0.69001225816432543       0.78012039521078824       0.74312471805764724       0.72054722763039414       0.74710613083843480     
  0.35197320079063371       0.60979230633417170       0.32420775084891829       0.34652263338554107       0.56298304834502655       0.34698031872448448       0.31168476052221800       0.32960109678973265       0.81733851231665178       0.46551277508506417       0.39792418499300652       0.41717237879601693       0.34911572327469104     
  0.71118330808473396       0.73413286152784940       0.81074756716865026       0.78268829919109173       0.74696208006581832       0.72327609161384554       0.75777313927270029       0.66747597121055235       0.67510053304096285       0.88174882593788395       0.71567264863716284       0.75095105156256747       0.69146848783707060     
  0.36943359451334118       0.62047087565469927       0.33693982427478880       0.36218137893732116       0.58342791828810558       0.36430405411042593       0.32829642931062086       0.34548545290417332       0.82302668907539178       0.47342736063734969       0.40834191509830842       0.43043787428124219       0.36329641384231770     
  0.70893214304857921       0.70469563500804155       0.78473366467553340       0.78424744985361783       0.72132033950676633       0.74060119308647721       0.65067326219979305       0.82087691838106136       0.62729727616627073       0.74905639317878070       0.77941151100087125       0.70815793918696579       0.70859487133629240     
  0.38644510009868338       0.63092374362863290       0.34960306952819764       0.37786833168811751       0.60295106643485874       0.38183893627080490       0.34331362347655536       0.36148232790344464       0.82828293279521192       0.48150449605338025       0.41937026039676900       0.44406862431213018       0.37700774550734750     
  0.77316778134124098       0.80731764793624605       0.70887458567500727       0.75328457634601687       0.67249480417944241       0.70034466510919713       0.69238569443844422       0.73400969747293277       0.67437759542238684       0.77645608657982434       0.69535393302280957       0.68922672507078697       0.70559509274355048     
  0.40280871353061087       0.64120585297008081       0.36382621984164404       0.39187789282844493       0.62269967557405115       0.39711600612686748       0.35872600947240385       0.37771043645316227       0.83349276706170006       0.48871691663964273       0.43032054848007728       0.45662973119023476       0.39111978939509001     
  0.83126348869225397       0.65546023862987290       0.70955210471574826       0.62925080259480459       0.75699748754775609       0.73712308750458533       0.62439122131270497       0.78499034678869162       0.76002783855151834       0.71875523948342845       0.71020080322321433       0.66454782833980397       0.80713768655832618     
  0.41894584675871638       0.65159124023856019       0.37813662285274957       0.40521963281554813       0.63984531602343531       0.41251676571521212       0.37468536901133515       0.39414727235961433       0.83855546438488093       0.49511767160674358       0.44225454289561233       0.46934366926744325       0.40557442727203646     
  0.80137935527417437       0.62257613844832183       0.83724607811026663       0.69797645324613478       0.74606677354126483       0.74367668717730906       0.72639231285773231       0.67689688140749227       0.64980168388523640       0.70662004213781615       0.75563454720473422       0.67493151190641310       0.74265013660059109     
  0.43536038643879538       0.66225948130225032       0.39339337859991713       0.41912776237729882       0.65699181196439838       0.42917221759124130       0.39064456030162792       0.41095547238216162       0.84343425060412081       0.50161795724113012       0.45427852703604887       0.48275704348370740       0.41995584174409467     
  0.72530750005759559       0.67859449210423295       0.67953412015560788       0.71983779192162345       0.73751857109843677       0.71046131471752205       0.66440858660918789       0.71229460781337173       0.77220722089270921       0.70113782202646180       0.79183195551296537       0.62618373176033137       0.74809793996691343     
  0.45164985402948016       0.67241783389493448       0.40868565433082199       0.43329322613731591       0.67337302115301656       0.44539486483062279       0.40727017342864685       0.42767212519139564       0.84867917776269319       0.50818933506028230       0.46659605069098953       0.49632918567739776       0.43445089116102598     
  0.69256713320129570       0.81504810469444722       0.72690230102656594       0.70387341927496205       0.75053346012603894       0.76316902436822986       0.65096878422750459       0.87175371779054545       0.69544727919455396       0.70089033259673528       0.82152667307045901       0.70091691765713005       0.66990248250995255     
  0.46836091393798968       0.68203230811415561       0.42413287050337878       0.44793204992644348       0.68995008920000189       0.46168688220689047       0.42411471958709368       0.44463552396910078       0.85382379765215655       0.51474566813150879       0.47839995871972701       0.51003973903596866       0.44804023896707490     
  0.75347097892316406       0.70349007752939119       0.71340413522223789       0.67692280400095040       0.74264551482929075       0.69056848085294664       0.69061964526853370       0.65242599528918432       0.71414413908021879       0.72797844692618663       0.73802683905065569       0.73379337330863137       0.66550133818451629     
  0.48554401915137202       0.69171045070061243       0.43957817122927878       0.46216540143447316       0.70422085141698954       0.47779730472053111       0.44197912866955097       0.46183572795289946       0.85888532066153289       0.52120828670967356       0.49070712852180598       0.52338245963790819       0.46101845117041151     
  0.85863543746433824       0.67373061871721440       0.76221222602788119       0.67668188712967436       0.69251846149139207       0.66336616505036028       0.65495074798286934       0.76545872114152536       0.62135601054804457       0.67796968513575351       0.67572414337927666       0.72813640260842716       0.72823976176392269     
  0.50245977040927736       0.70131675197964605       0.45499467033398727       0.47653398350931581       0.71835381808638787       0.49342845847286876       0.46007158051096020       0.47784032517854824       0.86393599186095460       0.52773900292978837       0.50325481500280811       0.53653556733032226       0.47402734898918780     
  0.69157493835083439       0.72272640874625038       0.73125285136790785       0.67051617220201976       0.65365591166946801       0.76051721911780235       0.62291111853245962       0.72662301091804993       0.77521085216978824       0.88625825973991268       0.77224758010258132       0.70067695184419221       0.67524468692537021     
  0.51943743041897594       0.71064419986281357       0.47041684755117003       0.49119150046704607       0.73118575593259916       0.50842759316767805       0.47824702961291410       0.49418043350334184       0.86845997577766032       0.53414175284472021       0.51585085566187239       0.54988659538531748       0.48669936403356096     
  0.82811702001707688       0.70482976724353108       0.73642396139146327       0.70160871660106727       0.71604781911625470       0.70856052893145272       0.70398514046806937       0.66205374887812729       0.75911012911408149       0.63159983535512010       0.71338752371689318       0.64163455639068412       0.68738653941833228     
  0.53617451855088960       0.71982906169257166       0.48508142126470016       0.50725696408679977       0.74411807468439728       0.52206774574822834       0.49552396961421491       0.51264341956542159       0.87287421492262696       0.54030097314763881       0.52840875589191783       0.56341596966791607       0.50411248073984949     
  0.63260754546532627       0.71685388174294773       0.79764382195071459       0.67556524463836143       0.66724260771690558       0.64852662503388325       0.65518203092471128       0.83037231008548462       0.68002756699379530       0.76138478368704543       0.64751722773757781       0.72898258860640697       0.74334387465165030     
  0.55270146859490843       0.72867989846605508       0.49969762603899093       0.52344132028624601       0.75736836498363236       0.53522282299911028       0.51193008343155599       0.53084332672517687       0.87711653462272754       0.54637845364595405       0.54152097492304418       0.57667248143026939       0.52103448889360826     
  0.73268376036271821       0.70560528612193962       0.96311695344825443       0.69765661588888772       0.68451941003282690       0.66702598766222476       0.66326506327832446       0.73810909275713077       0.73940692927028451       0.63221742836291173       0.71022455413912566       0.75090868876880745       0.78195018322865006     
  0.56988762518929637       0.73715501080327750       0.51293939859426363       0.53879397746619750       0.77064378126021971       0.54879045145623051       0.52871564623543610       0.54878816614541170       0.88129528570773819       0.55270748913270318       0.55459446744649843       0.58977214900857233       0.53804254943130447     
  0.77469074167475949       0.63187853025459206       0.74263350246637339       0.77328438031624191       0.68933730150840888       0.71497882083972697       0.65827564602899336       0.77194960102571786       0.75192068429458114       0.71623635426483012       0.74569595881990436       0.73478161416462895       0.78977325122704645     
  0.58613484826084639       0.74569041285116933       0.52591070262177819       0.55431921194041989       0.78301131696906023       0.56277969701977970       0.54654708756849257       0.56670976389072536       0.88538036983866053       0.55922906756101187       0.56882850587918443       0.60314952446848202       0.55428206547804515     
  0.79238054636924848       0.62332075394766906       0.62993006704913901       0.71075316861094151       0.67187812595074259       0.69472169053177490       0.67140214539035470       0.72222622614375120       0.70181253104821673       0.74052325140387321       0.77841522888855286       0.76812119271278345       0.78703690202224275     
  0.60216704934301513       0.75399429070215618       0.53873955684979491       0.56898862785608484       0.79491052017579400       0.57715794967550926       0.56572949037734854       0.58271206366511474       0.88942984377622658       0.56533206467099417       0.58294881848737778       0.61680277240509407       0.57153775108519678     
  0.87718181975927356       0.78633695236711632       0.71866577299358725       0.64471718627339369       0.63946623494697274       0.72026239186206165       0.73159054680675017       0.66552940660854487       0.79030757654098149       0.63816226457037439       0.66231485515008626       0.72661926778962882       0.72359424112959214     
  0.61650619055201572       0.76220088889455362       0.55123449275751046       0.58335402444732343       0.80690359657905419       0.59185169183708242       0.58507341779210353       0.59873068784388006       0.89326192860946685       0.57113626147855456       0.59817096064362896       0.62997935298054031       0.58928155974263796     
  0.63469189220005706       0.69736649811710072       0.61225148191589629       0.63204026180602346       0.63478894063057023       0.72899320114283972       0.78026667956946083       0.77448467831799250       0.64647320075027470       0.63798529017279038       0.70823528904742516       0.78797244225199903       0.69690305222821114     
  0.63126233696096912       0.77032338657041999       0.56530333187029758       0.59969361853704550       0.81869897450724038       0.60703948073405634       0.60418735782881350       0.61625791087896320       0.89699112496636146       0.57670703611925911       0.61306044426973838       0.64278417677630162       0.60649299328820083     
  0.71641834777869084       0.72410554550581585       0.69454775685641412       0.73064031578071087       0.67379795980725843       0.83255154290571676       0.68811193233947010       0.72462889846598311       0.75021578557154667       0.65441930709574769       0.66279375496864990       0.67834647338626408       0.71402813563950329     
  0.64486758883434181       0.77848121307142215       0.57959502262663887       0.61548353563427349       0.83023669632094943       0.62201320985317810       0.62378271836133203       0.63434966993395980       0.90058625679132842       0.58209956723716361       0.62807562410007312       0.65504581364831604       0.62342262693084927     
  0.77272331347253465       0.75636565837301417       0.68616579332431227       0.72333473374003199       0.73509714041449281       0.67398079971828628       0.64999735585456064       0.83087213666589788       0.81564417865007066       0.72223416358289383       0.65302204566126820       0.69994406488659711       0.71349443481183306     
  0.65908404228544470       0.78655370678517755       0.59363624581028640       0.63091040335512261       0.84189027608559452       0.63784007915331109       0.64381224822247030       0.65183209488905236       0.90407669765716359       0.58850331160707048       0.64284981091490789       0.66678290294841891       0.63975987138013257     
  0.70379437231959130       0.78278478430550891       0.75674552287074481       0.65924412363902507       0.65751970612443333       0.71167740541131319       0.82147778246098468       0.68512752411515887       0.64514514236896692       0.66736088255932913       0.71480398553783642       0.68146235955270140       0.80004513728938020     
  0.67377734361086949       0.79464281604063536       0.60724947233395354       0.64663929506980156       0.85272792230823047       0.65370706936987855       0.66426902153883260       0.66914916515866296       0.90781594915598418       0.59548095304513460       0.65815509121086990       0.67864276094806164       0.65618326317669140     
  0.74801870776473500       0.74575676396259727       0.70840918756364968       0.69210476416741251       0.74461338606859351       0.76684414122615774       0.68914370184694895       0.69111903123455098       0.68182457045189726       0.67381970657529067       0.74724497485344588       0.64898475864877292       0.67369319038854603     
  0.68802574837785757       0.80282983626380644       0.61989430925642142       0.66271948102188794       0.86294176696349512       0.66978479981929118       0.68403788068337057       0.68514637731831274       0.91171181594681017       0.60228890176970673       0.67403943882824435       0.69097784486333169       0.67381527749329140     
  0.68413674819399106       0.73893791255325680       0.69515569641453667       0.67022892732175987       0.73918314198728796       0.82206148508061228       0.64534271349831807       0.79725993594794375       0.69659137578521990       0.74178008630463588       0.74033075343887411       0.63478702478830940       0.77399901588497477     
  0.70111764264452414       0.81109686199199182       0.63257791366808558       0.67878184621915827       0.87240369207095247       0.68582706552580608       0.70284293036542023       0.70156992439966526       0.91542090724660752       0.60903867960747970       0.68906195246118973       0.70449960258947786       0.69195749789216798     
  0.69485828645793868       0.83501418966819629       0.71691772744783588       0.74577481426154291       0.67925516748897519       0.71167559918015899       0.80817658191485986       0.78960399365923728       0.73858443442687283       0.65312170523862956       0.65344129692932085       0.76575647432388216       0.69422412427531177     
  0.71420876584438042       0.81944422277315543       0.64533763096574226       0.69410854887257434       0.88155168420072938       0.70125357969860880       0.72064007019726051       0.71790224920497059       0.91892039223558064       0.61571447182813932       0.70383371273656625       0.71951647042760025       0.70806881128608723     
  0.70424368459144671       0.70505585442946672       0.62514040712615848       0.72875691304446721       0.76677381912271547       0.69070495909893270       0.65422533838789365       0.81037281025279484       0.69918814089275705       0.76224147325865876       0.65642449182383367       0.69356657018855872       0.71635898122330310     
  0.72733869038095278       0.82774916199629167       0.65809279497189599       0.70968299238675825       0.88985252375719170       0.71606127046342716       0.73761628611704255       0.73412840073496566       0.92236532146982009       0.62242787058076521       0.71889137471082365       0.73485515629010834       0.72404455512216692     
  0.70358148419906219       0.70233427299297291       0.76826896658834609       0.68146821917993594       0.73449143059660804       0.64906413280733244       0.76076294470643901       0.82798249812668967       0.81748427264999890       0.68290450454691465       0.67975489336068873       0.71582659812086602       0.67030691085019989     
  0.74115500959292380       0.83599034741937805       0.67228217936597834       0.72432719613549923       0.89774960383004976       0.73214294726883622       0.75409213578807122       0.75074049597829051       0.92580066520029414       0.62965970305322905       0.73454596546763640       0.75024855418930347       0.74047723837795121     
  0.73517924264073720       0.80592355707234586       0.74418617176893265       0.72715402451169731       0.76234321077091283       0.84865768512765927       0.66353960618310226       0.71505521208410339       0.67491958168722910       0.72408007869376123       0.75906933132408350       0.75059576912444315       0.64321753764409628     
  0.75491035912187165       0.84421214472861639       0.68684490819507016       0.73886961086397207       0.90512685167273499       0.74815964032994986       0.77045368277617687       0.76773119487084618       0.92926068186929589       0.63699484107798265       0.75115338325745218       0.76571721265302728       0.75711291923134849     
  0.59292476882103695       0.69406732097010271       0.77612120626744319       0.77348957572849830       0.68959503706439385       0.74859637619117658       0.67290758741570544       0.83137025774677309       0.79104478999287731       0.72490393094713512       0.75314216486128849       0.73153832348800807       0.76832552566328560     
  0.77096659206023976       0.85242640710124207       0.70304664391134153       0.75436846800675117       0.91211009696393797       0.76605439835461819       0.78665949356845211       0.78387245915535098       0.93268912009443949       0.64515941157156342       0.76827641044160500       0.78146837329818319       0.77285337861493808     
  0.70458444555294564       0.80973458762215333       0.75024643827956938       0.71684054945290154       0.75920205996803969       0.83382022790496546       0.66435861352963466       0.74207745687265247       0.71652404156339478       0.77788637147770157       0.78194939613875181       0.68392979126632647       0.71046086147190701     
  0.78722377026273804       0.86047173990287218       0.71913083142930023       0.76997637365904792       0.91927052684317423       0.78346980848557879       0.80298546170721152       0.79996512155636523       0.93613564060772592       0.65350018574035884       0.78456071186090159       0.79635855188385907       0.78864176614061221     
  0.83348082959707037       0.72715396170161961       0.68354352541841212       0.71238289320640835       0.77092982196738857       0.71720738356214031       0.67897242775296884       0.70828098210116230       0.69818858933084804       0.75544102164369031       0.70140335723172709       0.61205211094584233       0.73172097710447292     
  0.80266759874236782       0.86784596138484005       0.73582384546916013       0.78573116956682065       0.92643326216231114       0.80030688179397846       0.81907281444854185       0.81578643268888207       0.93965302959358099       0.66262855366499140       0.80056930925483349       0.80948492550070772       0.80416012752008925     
  0.79073282265207423       0.69799711188279290       0.75655011178202880       0.75859187178225429       0.79615868410152535       0.74521902982104893       0.65593673236171912       0.84679704660730892       0.81982030983662324       0.99400441502618397       0.71900808696206320       0.62418377110065792       0.68332901519133660     
  0.81771678099240519       0.87526746587851290       0.75234576757342231       0.80143653887355903       0.93328503099303917       0.81712935542709764       0.83498742413704596       0.83130300824438241       0.94308685636521616       0.67190365699354415       0.81730754529875138       0.82317469398472176       0.81970649085899605     
  0.70843726556217856       0.74698623898470695       0.71133826392532506       0.81474943748082462       0.78545894303986130       0.71250161405515644       0.64889694685895960       0.66064049803034730       0.75821127493214779       0.73336552210192896       0.70973173185122673       0.70454451006568541       0.64084772603631501     
  0.83222104899534077       0.88270104850842057       0.77038149162206593       0.81682742747184889       0.94002155437135582       0.83305967446536133       0.85001438236224958       0.84649504851584001       0.94615539078459787       0.68192970909577655       0.83353779136042261       0.83812742609339053       0.83534015335600986     
  0.68164824635211452       0.76894138610014573       0.62904730753802918       0.71757434430089695       0.74901232108129423       0.71968623303941126       0.64423059429328133       0.72467557557314166       0.61493689218326497       0.77359580025693753       0.77838981537458884       0.60373644641307411       0.73165847852156618     
  0.84656756225137519       0.89027457861909565       0.78885958310044124       0.83212180941293246       0.94631708226009958       0.84858222499830260       0.86488891732963280       0.86169326338629426       0.94922484781250482       0.69243909588509933       0.85031329059763416       0.85348725174977236       0.85023689535327518     
  0.69399991621290036       0.73824127264673289       0.72032746856769969       0.74582907060961612       0.74278364033409305       0.71900219886424310       0.72106214163781546       0.74834073948260604       0.77203357960092267       0.70238196034173184       0.68562611307124544       0.72202914516166705       0.66619090245204127     
  0.86228570069284771       0.89785541738254648       0.80712408221296361       0.84685452131738603       0.95239423025691294       0.86388972240548423       0.87948340385654844       0.87642340446589417       0.95221734978074613       0.70341576988038235       0.86630562594069560       0.86798835241222638       0.86372554550801661     
  0.65977455405096097       0.66321920199291429       0.76343215764080308       0.68942041625829664       0.78034734653597992       0.66781407352958289       0.65433388318923347       0.77663801636651308       0.77031983674635240       0.68168782156026864       0.76031309479796894       0.64464054166458074       0.75349781276706673     
  0.87802009609476994       0.90597848341359632       0.82589911287242523       0.86212712947969183       0.95832710225053108       0.87932903647780214       0.89430900590702667       0.89140260543687366       0.95514903036203525       0.71492036470392339       0.88156983045958104       0.88225590331069847       0.87730705006730270     
  0.74061373102789174       0.69481658660291268       0.68532152212765463       0.76055225536451576       0.74661481873470792       0.72687876381027861       0.63617971639650772       0.78215794112520443       0.75901239414100152       0.81599193073746190       0.73994647931411872       0.69546723032824564       0.74994328913651198     
  0.89384410415044246       0.91494754410530676       0.84771623883486069       0.87902612249253320       0.96399999591386598       0.89459664563147501       0.91000708391388108       0.90485113453719046       0.95870815712067969       0.72815880758113705       0.89652052374648206       0.89752871060243389       0.89272418518189878     
  0.69057870354692241       0.79025092096710636       0.78529161863037733       0.72850812927064934       0.88169632287556299       0.71805305502864825       0.67040096323671627       0.68605976771515387       0.88140640954597049       0.80089331222399707       0.65929329518573465       0.66509619070081150       0.64930515892859986     
  0.90959151198312205       0.92372863886127099       0.86895844439028080       0.89604009241404858       0.96956575987493643       0.91002017526484102       0.92520009897650191       0.91819487719393078       0.96225173641054995       0.74383211290619078       0.91099840489366446       0.91338902265856081       0.90893012305791732     
  0.75418260476373500       0.79732692925240223       0.72091209336206352       0.72780612614053020       0.86102150230317487       0.74481979927272313       0.72736025451950737       0.63396055706058874       0.88897377955974533       0.79038583665708184       0.81599866342561411       0.68878193631999285       0.85444793374354833     
  0.92476172233741860       0.93272488692152467       0.88967179022825460       0.91373185595759965       0.97478036924989231       0.92545622041952735       0.93970461558298590       0.93186734415873373       0.96628977953059647       0.76143823599783311       0.92530898959979435       0.92881771452368955       0.92418104149453240     
  0.72506501059225525       0.86892610299690209       0.74897854629504523       0.84173378389645281       0.82920171740023774       0.67668721230815831       0.69826984843799422       0.65663518623204309       0.81074296792419365       0.73064155186692992       0.71865141902652130       0.73064955019396072       0.80398944664482697     
  0.93987279955233682       0.94169107699012078       0.91070454184224192       0.93144376056211886       0.97996349084192524       0.94107659945613797       0.95383124995175372       0.94578938228763887       0.97016821075098958       0.78280422675543881       0.93991423541431696       0.94466641838238252       0.93981664481744187     
  0.64388972711508474       0.84246174196548274       0.63977322063549980       0.70867829617620226       0.87899538367942787       0.79044648634125525       0.66230437772566242       0.75741091723359766       0.80331026686289275       0.80733369038116531       0.75651707624957243       0.72395031839507407       0.69411000162332881     
  0.95482316944051970       0.95301297430433829       0.93374693172907852       0.94955852432727528       0.98508342662697956       0.95529833124307706       0.96657675013005462       0.95977797114972119       0.97576395386177095       0.81110876057291648       0.95473975824076995       0.95869990041737452       0.95499834436358833     
  0.68111892950439590       0.84734694825661661       0.69103756530986282       0.76800311591009152       0.75943899018014183       0.69041718132818053       0.74031630519607661       0.69243089714051709       0.90532172036466318       0.73034215446880246       0.69704887676182425       0.79842402724158923       0.69785927080823951     
  0.96969997966629851       0.96390297241091072       0.95579945189348925       0.96727792114139366       0.99026421292511591       0.96939876048929408       0.97867879825577486       0.97383151810279323       0.98176616764283109       0.85576645520478223       0.96956427201982387       0.97284175014002039       0.96995381801092184     
  0.68244915532728634       0.89422184337652733       0.73146180836875452       0.85889609853587900       0.97307442719832971       0.74079246874284155       0.64820703091764942       0.65653796327955227       0.81278991914477394       0.61572578660741395       0.75760307329391474       0.73716336102381419       0.74932212717685642     
  0.98497895291616455       0.98155762574314298       0.97804206158929741       0.98367502710743160       0.99512084975437332       0.98478354362395204       0.98946480147920102       0.98725176345015930       0.98997806244645292       0.92154471826530293       0.98464710155693869       0.98640610378582871       0.98487263374815726     
  0.84422998240927449       0.98418970389579252       0.72782672319854469       0.75798197480171758        1.1024736240819566       0.80929718952131346       0.90562213791334534       0.69799732626542776       0.84623839668623801       0.65729886456671016       0.84965223742764695       0.73750175784165228       0.74994117343167399     
   1.0000000000000000        1.0000000000000000        1.0000000000000000        1.0000000000000000        1.0000000000000000        1.0000000000000000        1.0000000000000000        1.0000000000000000        1.0000000000000000        1.0000000000000000        1.0000000000000000        1.0000000000000000        1.0000000000000000     
  0.73319065319347232       0.61899822037252772       0.67996906165144133       0.77834591831319622       0.84489016810817597       0.62149356513659471       0.82207286872098961       0.72847981194512834       0.70119415334921797       0.60964230087265137       0.71086425346585091       0.65485036955783849       0.76932364552289245     
   2.6596294026288287        8.6144360793994412       0.81891725091301770        7.0694602321646061       -12.741894824357500        4.5934885083545272        13.756141496619186        3.9151294679262292        0.0000000000000000        8.3210236731235518        5.2561385231259745        12.175062372850885        4.0715667293977758     
   3.8370700007201091        7.6769739328237936        7.9501336310082680        2.5375938339784581       -4.7384707087474682        4.2215095733214678        8.0881092445936531        4.0250326994478440        5.4198888125661036        5.5142056444751715        9.4848087437710902        6.8039418088536818        6.4453880265551051     
   7.3710413827133889        5.9473157719962053        5.0295072593782093        8.5162124618868500      -0.50656626020756190        3.5090031410159908        9.1750968673594731        5.3530667014131490        15.343282182123309        6.7163046316558015        2.4699228304091236        6.0090146422008930        4.8201958521030130     
   5.4548817461537089        3.6236241784891656        8.6184182663655680        6.0946793010120794        5.6296046118615086        3.2186560979499976        7.2467247794405631        6.0112672537748075        9.6007681366368320        5.4138243202035206        6.7084877077015044        3.7496269222745564        6.1426885016754937     
   5.4137139683177393        5.2426776105874495        8.5363274835744694        3.6063635253383399        4.4000886386610558        7.4355265229196323        6.4650382479360218        4.8799595985916557        4.2967277548372840        5.4310764440541925        10.312854161723225        5.2785109840319100        4.8474531597848554     
   5.8492604124375340        7.2058960615745651      -0.51708194725346257        4.0180829048541904        6.7761773082546295        6.7944299216031920        4.4692832393356605        3.7139650357551393        5.2642598196695412        5.5283135444449538        3.5290592830693730        4.9916112024858048        4.7994292341700593     
   6.8682052445429171        4.8672288179198810        2.2302743232427207        5.6208172884448961        6.8860149719990762        7.5177410495391861        3.8837646907829066        9.1785149273969999        6.5585253453989987        8.4402246405962789        2.8998915519240702        4.9998731941204131        5.5562813451949831     
   6.0299770655145926        4.1946597643378061        7.9150025102407104        6.4685874883933216        14.185047390768261        7.5620301539423380       -12.122151732479512        6.6362025011096719        4.5516020904202836        7.2265253745699081        5.6055581462347757        7.6171136857193220        7.9196568017306328     
   2.6699568860118279E-003
           1           1           1           1           1           1           1           1           1           1           1           1           1
   9.9190150051836450E-004   5.5287946970332348E-004   8.3319546851558844E-006   5.9355077410981663        4.2606329304104938E-005   2.0267327510530898E-007
   1.2006855372486142E-005   9.8014337867155457E-006   2.8692870468244587E-006  0.36910126849992791        2.8644478763937518E-006   8.9485768881323276E-009
   3.2652873031202977E-002   4.1608717488846141     
