   0.0000000000000000        0.0000000000000000        0.0000000000000000        0.0000000000000000        0.0000000000000000        0.0000000000000000        0.0000000000000000        0.0000000000000000        0.0000000000000000        0.0000000000000000        0.0000000000000000        0.0000000000000000        0.0000000000000000     
  0.23351598047349162       0.53458898788773968        3.5278063691219268E-002   1.6915146467368133E-002   2.8259216155922185E-002   1.6453975843389198E-002   8.9049199632145609E-003   1.5115756638223926E-002  0.36308799919321283       0.18159608440620559        4.9321559463653089E-002   2.5881766275399436E-002   1.2112299634737447E-002
  0.81510053875950561       0.81510053875950561       0.95571964739115278        1.0600681259028331       0.99700320673977461       0.96328570322651230        1.1681634830734917        1.0698380674427490       0.77277849272363153       0.80972912193864244        1.1866404564770319       0.95966410229856192       0.93874031836492056     
  0.30925323954817002       0.68208443982523348        7.0414590141238451E-002   3.3775470062997470E-002   5.7515958263846534E-002   3.3064019757221903E-002   1.7470804578984866E-002   2.9992113332300108E-002  0.56130844268405766       0.28281814725104776        9.4962920015946861E-002   4.8593172486230587E-002   2.3997391916461767E-002
   1.5187445868873792       0.96455482601128406       0.98006242211865480        1.0310097310057196       0.94123367339522457       0.96569086647653535        1.1645519980015080        1.1039298798734893        1.2515196837544653       0.89566745566748107       0.92859032442807765        1.0527997524968415       0.98322703875461803     
  0.32279732675360467       0.70497523712117593       0.10433121510153756        5.0906926476329800E-002   8.4779429059857678E-002   4.8358188636976572E-002   2.5597759460146457E-002   4.3867549360885695E-002  0.60216683511330737       0.32180080169697384       0.13833210156565534        6.8266664107728858E-002   3.6659708917737420E-002
   1.1259829938814050       0.96500090603292610        1.0904977245988396        1.0003273542938060       0.90973992354812083        1.0031177426565063       0.92895115495154001        1.0085881187601347       0.90138671393015546       0.94968714842906787        1.0531806092406442        1.3695722755431345       0.95622875563149157     
  0.33542309751856619       0.71935176178606974       0.13686835387576973        6.7878107996535819E-002  0.11414522751351035        6.3485293444421401E-002   3.3814521037495056E-002   5.8613490815459142E-002  0.63057861277845706       0.35441146510230931       0.16935404698687240        8.6439718946956720E-002   4.9144909924357202E-002
  0.98026419088290173       0.89179777428268114        1.1355067022192828        1.0066932553927423       0.88192546375087777        1.0294545088623750        1.0315691650176610       0.94539701909025764       0.89616950791727346       0.89051441000276232        1.0047186693293406        1.1769655551850737        1.0445195090161583     
  0.34794760381288875       0.73344291986449106       0.16485207212125910        8.5231452597908167E-002  0.13800172186051202        7.6321668467040138E-002   4.2816898501510804E-002   7.4531069631519342E-002  0.65509871611566806       0.38538757972578103       0.19808993764050792       0.10371273066837240        6.1990132753606320E-002
   1.1309807781481831       0.97566892741891187        1.0249278395179435        1.0035644690000052       0.89106996195311228       0.96861818775043973        1.0370577590049586       0.96380376703023818       0.92403542394965033        1.0899023337249651        1.0597055780716824        1.0746320738799562       0.99152145670347147     
  0.35991197297598110       0.74256880484706311       0.19177957128298123       0.10275659903517576       0.16225633142461193        8.9466104488644116E-002   5.1509926313984607E-002   8.9548610480979285E-002  0.67161490024168580       0.40631045603725263       0.21881955596750521       0.12109820630433235        7.5100563815871102E-002
   1.0032432110738396       0.93172251843144793       0.96632982684402913       0.95759446423836558       0.96093323405114384        1.0051705252209209       0.96134963396471695        1.1072819875131141       0.86912384792166053       0.95018251788039720        1.0018311962285471        1.0105986095293837       0.96941241396672406     
  0.37088147421168810       0.75148982039846124       0.21501635573478273       0.12011200801749207       0.18708495659824492       0.10333665612186248        6.0765670965544402E-002  0.10386687267631116       0.68755357503407044       0.42718409071069202       0.23984234608885843       0.13727920624827877        8.8474152182180549E-002
   1.0588253350360377       0.87061787267212254       0.89741733741521135       0.96035453921255898       0.79201477745078552       0.98622042106408103       0.96987194228009066        1.0038071982849106       0.87616417849255113       0.97742116500579868        1.1155248138725977        1.1235722819900971        1.0405416606724081     
  0.38198281519027394       0.75904818167734078       0.23756899060505127       0.13716356178444769       0.21335050074496709       0.11843969786577402        7.0059136755970558E-002  0.11781113292237674       0.70198419815006186       0.44328530418384215       0.25227774172221840       0.15488607810221883       0.10325845895571339     
   1.0262653826976356        1.0916971874775008       0.92704377167508278        1.1918409686974756       0.86652215171813640       0.95434401118893131       0.92500000000379501       0.95792380969189550       0.88646533344116873       0.83537312130773567       0.88394976318205642        1.1376842644401250        1.0135552497340852     
  0.39324434957648069       0.76638396663830455       0.25294020859139604       0.15192364203184061       0.24108979780540854       0.13577783591199369        8.0707365994645550E-002  0.13203431569181454       0.71617920617198139       0.45955533469698390       0.26419419789170051       0.16965679673455816       0.11902105782709813     
   1.0360025683714309       0.86019791379944921       0.85687848603526995       0.85791584529508880       0.91109824088215952        1.0425990125642441       0.99278669417779986       0.97070740539138611       0.92470212389679229       0.95343884266524825       0.95183100729719061        1.0248569169914750       0.97176341144433531     
  0.40498535664597374       0.77278431710996331       0.26923947978001639       0.16666834927822455       0.26928077579888132       0.15176583533659876        9.1609079244313815E-002  0.14581192682341582       0.72952973532965260       0.47394932780167248       0.27703291031167243       0.18439109296271627       0.13415725223286507     
   1.0102043429505037        1.0013733851555389       0.83944595283342271        1.0864531697317499       0.94707223280598696        1.0374969862225920       0.97378143989096799        1.1105643088079846       0.93827885308859549       0.97770997910779645       0.97055524196652321        1.0098169856695121        1.0158755698287385     
  0.41788672963903362       0.77922829089544998       0.28604145411563031       0.18115204702664592       0.29741700554167061       0.16601159463670620       0.10421583568832843       0.15909148104373133       0.74110869911389321       0.48859032590972362       0.28976273576354639       0.19926077724236821       0.14902930314472748     
  0.91904525333943310       0.94189119734618887       0.95171272100038518       0.97331497439970216        1.0068973597468092       0.99924694486666032        1.1024160399785192       0.98065744207382510       0.96488583239857029       0.91621086249271333        1.0575762244254938        1.0781019608795657       0.97541406232854055     
  0.43047873919559876       0.78532396363121093       0.30273975189088032       0.19604374895648613       0.32499741099011964       0.18019955813965777       0.11677471019348647       0.17333727407018248       0.75111030090696740       0.50183691265987596       0.29984936041986132       0.21574492562545669       0.16434801619044642     
  0.95971370948241097        1.0329547527998295       0.90904555674120102       0.90241952079504384        1.0977414505097860       0.92330779637156901       0.97479878790116126       0.85140935099306958       0.84729560513018065       0.98694745528794625       0.99660353388237843        1.1105510955808966       0.94091533770068270     
  0.44369082575969232       0.79124455820245465       0.31910697471432675       0.21227151817838555       0.35261052396235470       0.19388957823289010       0.12851026599464491       0.18701313226368854       0.76050830713656703       0.51461041620038539       0.30997723526607490       0.23381617546911085       0.18016527812162192     
   1.0230479458986386       0.94925037973717674       0.90530213941919813        1.1496469742379534       0.95540153310267117       0.98145137809903071        1.0842811686133991        1.0937240735300815       0.85437530904678205       0.96525053287094520       0.92687430102100643        1.1715512330157196       0.96345042554170024     
  0.45696111462725891       0.79653376786823560       0.33515393862994464       0.22802929658499957       0.37810125454238919       0.20924291677883877       0.14023767895610859       0.20265272915984600       0.76914258950123537       0.52638284944877578       0.32001973785259097       0.25209766018252328       0.19612154835813658     
   1.0763082828679300       0.79792372365345654        1.0908401804936734       0.87883459519705176        1.0175220465700721       0.91226058548608435        1.0730385471913948       0.87150193051087588       0.88094996311684293       0.95432564164320521       0.96052172016281478        1.0884334506785762        1.2066239912137007     
  0.46863004839728273       0.80168557697272869       0.35079042556797624       0.24421855889083138       0.40306999881421618       0.22412018213232759       0.15327592696939063       0.21815406920366737       0.77752988439243631       0.53752832940899475       0.33018186145334916       0.26890439903261160       0.21250758569377878     
   1.0643472294616501       0.83054896298372849        1.0426887582986415       0.95570064603331140        1.0581714085145264        1.0034640345062178        1.0471316889065818       0.91577448228219827       0.93653620860674969       0.94071792169384127       0.89616576313367491       0.99085845209417156       0.84379325121443860     
  0.48043473725429997       0.80643987205130163       0.36466987564156689       0.26055141766872059       0.42750941632157646       0.23915216161011646       0.16623304524047791       0.23301200676303066       0.78556952346687170       0.54810234559849125       0.34141546981257964       0.28505617141897938       0.22864636294066312     
  0.82272381331477640       0.78184830984181020       0.98994774688219711       0.95314142708287597       0.92716289612929481        1.0072975393649504        1.1137963459121765       0.94171412580789271       0.92612879811891924       0.86078936752560953       0.88608595987963923        1.0896657732014916       0.86785078448793962     
  0.49075173198380573       0.81127244244924912       0.37802665991855444       0.27289029670926168       0.45217243046678118       0.25438943700191141       0.18128955252003759       0.24759400184695854       0.79327465231664884       0.55822106471831523       0.35279933889393905       0.30150296812536875       0.24447875381755368     
  0.86371020157952505       0.97155892604841076       0.90280866351817601       0.88817280238053520       0.90629631888894269        1.0139023342163249        1.0371627557369152       0.99469554053707498        1.0113608843402355       0.93188570574695873        1.0329923461584156       0.97973452439457365        1.0460498637702882     
  0.50099256415514060       0.81576069601873114       0.39180030536846283       0.28520267797167886       0.47263701556418936       0.26944649368352830       0.19644350169923186       0.26261267721325487       0.80054124876094490       0.56749382413907135       0.36487755773209940       0.31793068209303277       0.26067880058926096     
  0.97271871028464674       0.88142681004986401       0.88803824227604622       0.89515830475565428       0.80927096102491358       0.87510857288783583        1.1196868176634549       0.87411304130899448       0.83088408183022255        1.0159056396488404       0.94385344025340401       0.96279948841737328       0.90036247239926237     
  0.51119543943947732       0.82019923828503005       0.40516416464528393       0.29781188394429037       0.49311184616932030       0.28535398938268863       0.21289203856585842       0.27869045129452125       0.80753836343306373       0.57656713112055724       0.37682797026196307       0.33331206314391992       0.27706126034264233     
  0.96734579981186697       0.99291692137714760       0.85605190331651249        1.0475157340968388       0.87829561159838421       0.97625841065684527       0.92509560274050617        1.0121816406806170        1.0040693738077691        1.0286173006156716       0.98193250900191342       0.85828380230085577       0.85766864896439166     
  0.52168632725522057       0.82461096403796053       0.41842416776975261       0.31038148120780917       0.51322552786279796       0.30112969576422660       0.22964358260368301       0.29515992250744599       0.81421158394143989       0.58516426126615451       0.38876740729792925       0.34786403236379088       0.29373167301776909     
  0.95574209025248602       0.98211843891652773       0.93465282354195001       0.96453605738399384       0.97270397708941114       0.87509499195504037        1.1112564396146916        1.0636277627783011       0.85228380912337443        1.0837083802934062        1.0604208567424664       0.90121642542161318       0.90861217469181232     
  0.53144880111323056       0.82910495144581642       0.43164134851749125       0.32401309063051587       0.53339100888810709       0.31686142398249245       0.24652208503150225       0.31067496814677403       0.82065103316935872       0.59366273797075375       0.40063372911716300       0.36242699034550907       0.31063509554659541     
  0.90682500555315448       0.83593796698139355        1.0131522234508565       0.83230679864524892       0.82688863908572618        1.0460236570730219        1.0789761457799809       0.92209014136460277       0.89222557914606992       0.93642843269804987       0.95648825316274821       0.90448747833448129       0.98205156351422551     
  0.54138783837150939       0.83351590644447915       0.44737456931457092       0.33797390667863164       0.55173172483415678       0.33285890153915615       0.26375213119243018       0.32664318406322124       0.82695233648560362       0.60168101473505464       0.41224422744786382       0.37688707158751272       0.32718088895861080     
  0.81510053875950561       0.84026288985039077       0.97311695993353287        1.0540494449648139       0.86532399888580647       0.96507700903562921        1.0503650829704545       0.96114387553358360        1.0002670307134582       0.95324441870346288       0.96846320676725517       0.96583134298719509       0.95358180659497349     
  0.55077492190219846       0.83786931361452521       0.46336948312787668       0.35151625404591058       0.56949790708742842       0.34808748873668433       0.28034189373879215       0.34245170526064500       0.83295004078045032       0.60986340758710111       0.42393199424510108       0.39079081672696458       0.34327859094547314     
  0.82307128530535312        1.0177290837883979       0.97807701729675711       0.97348585431454693       0.83709463679939555       0.93267276153332468        1.0434116970760565        1.1741036721271825       0.94351175587174174       0.88701149626131215        1.0256824759535781       0.85963847573802266       0.95915567412775937     
  0.56011869277362158       0.84182086158999681       0.47527945889606205       0.36488561148093124       0.58494003215218637       0.36308234286974961       0.29723445760010370       0.35804831160900619       0.83847698801400972       0.61862936762470577       0.43622226550932008       0.40432775097229023       0.35945499324861990     
  0.95423302787520059       0.86493360571389821       0.92438797244501214       0.78147361532733450       0.96939561199589752       0.97142883570849103       0.96799972806589807        1.0100161578330853       0.90774488972852119       0.82438806675134646       0.93727513941056295       0.98024448239932394       0.93817848313782359     
  0.56931399181678921       0.84582900544967976       0.48707827433982953       0.37815914293082525       0.60091725898356241       0.37775017078189255       0.31445551206334843       0.37453930252713247       0.84398612002939333       0.62724926684907989       0.44837967604883588       0.41822072730195553       0.37577412847722103     
  0.88485640030423252       0.91515073677023961       0.93664503050382086       0.95096363680967377       0.84044865775347788       0.94963524147236111       0.84670276887563112        1.0254794810788943       0.97718185896156584        1.1374935653536959       0.87963422763112875       0.97437150133609984        1.0042937088719512     
  0.57841841397963689       0.84955088572154591       0.50125417566977382       0.39201963587379385       0.61709321949531215       0.39241301905716935       0.33155250927588059       0.39106250493330758       0.84938668789916716       0.63554276587769309       0.46111766479796884       0.43247447187951432       0.39295321926081295     
  0.88659564041413308        1.1410293015874140        1.0520671654729918        1.1807480924738412        1.1340095884810015        1.0587066306687190       0.97276543826580320       0.99648486387488722       0.87745925739294806       0.89667526145632326       0.96377944878337662        1.0151496869447836        1.0825430470119459     
  0.58801067368182947       0.85331593300502251       0.51558146683078454       0.40506517952847454       0.63347043666997205       0.40802384847396395       0.34887137477589952       0.40685392286256156       0.85496398086563186       0.64350867622260544       0.47525722690644678       0.44563829782976527       0.41053639853771873     
  0.88069800921881258       0.82805115745362567        1.0089732391519479       0.89022620960566790       0.95352832004256527       0.94958957750554529       0.84451531217355225       0.89551898684866005        1.0769155195426581       0.96560518114401184       0.98391215791024822       0.93013662870353797        1.0484559959408715     
  0.59801628805782370       0.85721437961165614       0.53034007372602177       0.41786349178820176       0.65056643173334794       0.42383953422648918       0.36690235654373465       0.42321084411003579       0.85995633030982110       0.65101618966792640       0.49015342034977954       0.45865096194483612       0.42611779883019374     
  0.95401146696490458       0.96417222061137076       0.96416028773464901       0.96556270074050965       0.91262375515037042       0.84398997560653355        1.0230619123082973        1.1006865483846369       0.99626456289007137       0.94459027472436297       0.92553108730196931       0.87864215528905121       0.99737744968677156     
  0.60818066254787728       0.86102680338901649       0.54515809795110359       0.43128078304969408       0.66731089347397698       0.43945434666102096       0.38489866666068367       0.44032792409703719       0.86516992122191316       0.65863211010892120       0.50509562522216034       0.47131248821617244       0.44115944735476625     
  0.98049261694894019       0.91584490208710156        1.0816782819951360       0.99345151209117322       0.96255362391906385       0.85823061045754934       0.95379893200456711        1.0522498463130374       0.97265192479733087       0.99663613897562997        1.0532394104582898       0.96550342149081259       0.96609156651993633     
  0.61843001744277992       0.86505855507804885       0.56008776890826051       0.44534575676853411       0.68333590857457072       0.45503277316786245       0.40250528281979198       0.45742136209942802       0.86987129337691316       0.66650780980850000       0.52008288050439289       0.48402207855666879       0.45641758545006400     
  0.87180589957520560        1.0427139058679642       0.94877152274306420       0.87756652173935390       0.96002070322034294       0.90893458650636394        1.1139249813099579       0.99637625218185555       0.92941862627039407       0.94585862401035758        1.0443136613192732       0.87248846611632747        1.1679110304054365     
  0.62887174420478020       0.86897203555475100       0.57475975182253569       0.46178548978115819       0.69946452733474151       0.47085782595442371       0.42119115173717725       0.47422134795121662       0.87453099985727212       0.67434991869965466       0.53444750900915350       0.49816744022595344       0.47220904925612628     
  0.95246972255435336       0.89733048650345737        1.0818462306389622        1.0712126663352690       0.93657476794061323       0.98901676520171489       0.92615236674411239       0.96275172211144266       0.91440179430023727       0.94032654880990696        1.0440262109758465       0.95713236826281867        1.0075834870993370     
  0.63965383309640944       0.87296174379178304       0.58862213134859354       0.47856260035702386       0.71599216144502853       0.48687235731258477       0.43952614604718260       0.49136685920182133       0.87892792660651931       0.68137792848701129       0.54905110859762407       0.51211011277569296       0.48741959243284522     
  0.99592765298007335       0.91574586309854566       0.94361208893964554       0.86291334526962560       0.96230041858979154       0.85974039720544004       0.86302962716205589        1.0620880556878394       0.95502673352228318       0.95378354444161950        1.1475069758435117       0.99177072787603149       0.95169299069017566     
  0.65047622676159889       0.87690736990239626       0.60247140508752151       0.49555787878662516       0.73213555353436210       0.50512241306022865       0.45834549656416285       0.50709763332012225       0.88328235966618185       0.68777930549326316       0.56457948986277062       0.52608293556466468       0.50181693470443411     
  0.89947921752868365       0.99004753073045815       0.97794006297126079       0.93705237277885778       0.90767975748790164        1.0050554347651792       0.92717018226635783       0.98909662599350467        1.0260950270661089       0.92674002232795727        1.0155646393662385        1.0221417219964690        1.0721028879794527     
  0.66074159916468500       0.88058768081555538       0.61547912941820604       0.51221259061677060       0.74751491989917385       0.52333130561124319       0.47706089954783365       0.52238942829051416       0.88732419799462470       0.69390493394774067       0.57990879638658333       0.54016905545737692       0.51767960606750907     
   1.1900088467419156       0.93303437170805636        1.0908913602413388       0.95876132309081208       0.98994704074241557        1.1670803403628929       0.88317528794785594       0.99855892874095331       0.82446046183570720       0.97244901704255082        1.0943953948108462        1.0376504425041404       0.89958560147108324     
  0.67087010745161135       0.88422351438456015       0.62879389645587336       0.52872130252890137       0.76206353301560426       0.53920616890594131       0.49648571198216290       0.53651928212032041       0.89118988923622733       0.70012953991541393       0.59469023584089986       0.55449615922317264       0.53378257691821573     
  0.88107929059140766        1.0766413887333448        1.0494209125197713       0.99375146295897365        1.0199169683570983       0.97252066088830957        1.0007228335365856       0.87996581057885614       0.98257288761809591       0.97203255144123701       0.84119211547077144       0.92340257613989274       0.96189522245610948     
  0.68137809801105020       0.88800448755947281       0.64101218421006623       0.54454226833722219       0.77522771116414491       0.55455797864308509       0.51525868827963206       0.55030205522919173       0.89510688325139931       0.70703751840268847       0.60989262081472573       0.56906321970144791       0.54905199130166582     
   1.1934668017626859        1.1061330498005824       0.83396102005362804       0.94486810995044290       0.91203533265068371        1.0927028672042081       0.91005877616816122       0.86709643888425114       0.98290458602574982        1.0093471134010674       0.84431232241930831       0.87984857002146666       0.95294968506550981     
  0.69204779311494791       0.89186647118773921       0.65343284904877130       0.56030752250391325       0.78769537804543188       0.57119526171696822       0.53238837860129617       0.56553963470693813       0.89911675315877992       0.71405045802716960       0.62494694937562023       0.58315087874669469       0.56410065271532384     
   1.0185690045646256       0.91779224513972513       0.88814565864517003       0.87280533006535299        1.0111323423050742        1.0889046551625943        1.0544719087865635        1.0121323113270548        1.0473610226843912       0.97616878709952137       0.91911143028812914        1.0092195935779205       0.85265059041471647     
  0.70273447799679178       0.89556281228186263       0.66495445602996606       0.57610778605154433       0.79890299394332553       0.58780608931153910       0.54969249018686606       0.58099598041379186       0.90295883684836753       0.72057690310096245       0.63993876706085373       0.59637136942201308       0.58016877033393066     
   1.0052663453265891       0.91508214186653547       0.86770549329698732       0.89447958088463642        1.0263184481972412       0.97836930752928319       0.91216596903699054       0.86270252764872135       0.90349419035842116        1.0936198821182428       0.90759343213689181        1.0464336909445919       0.89165148976450959     
  0.71308082326403222       0.89918973426299298       0.67675641490036942       0.59170173973852069       0.81021424313360935       0.60304729720963279       0.56762264257282236       0.59615913710495028       0.90666903742216121       0.72705194480293955       0.65465803319654514       0.60857204365592443       0.59616177975405604     
   1.0145133058809619       0.90727104423674887        1.2771019448757546        1.0392158919306973       0.97735499662993075       0.90291241068113792        1.0661806105339660       0.90792129001523725       0.98170881659051090       0.93573714343351067       0.90645865873842413       0.88662686624477627       0.92128208253608479     
  0.72210501843444286       0.90282940803617795       0.68842887654559293       0.60787441810146725       0.82095988965661049       0.61833303870872358       0.58557468537162571       0.61115759853178431       0.91014998109058121       0.73291535000296371       0.66974417639798411       0.62116640177669047       0.61141212739853712     
  0.96659958307838323        1.1108120957478655        1.0796624674079796       0.99919225034949966       0.87129379910951099       0.83831107264640425       0.90682500555315448       0.96178293262196124       0.99849929683366012       0.98111427444723154        1.0178541327777195        1.0098256170075124       0.96475533288835091     
  0.73081027896008255       0.90643347345400660       0.70028113001242187       0.62330610323433411       0.83205858984860270       0.63414805604190705       0.60352678158209649       0.62734552096657015       0.91338314152067890       0.73850546835719033       0.68641638488449708       0.63383928679024515       0.62646219597144470     
   1.0283327545381897       0.94760694652825139       0.93600477107726410       0.84412958211639444       0.99025394286140256       0.98142842987469825       0.85637640394053027        1.0049064354819808       0.93862056858619813       0.89118744521216764       0.86918015757763023       0.92565713945987393        1.0042041784216540     
  0.74012413040241065       0.91017997097409853       0.71318531580444111       0.63909773685019944       0.84271354372284524       0.65002231207279049       0.62104495726613207       0.64411221922031836       0.91676834177151612       0.74463410522950191       0.70267547288021071       0.64696256877575387       0.64192506692188556     
  0.91796827894486233       0.98736661722339025       0.85489254996884056       0.84170613925952131        1.0439273482585081       0.93273002483157841       0.93649945052055672       0.97443290109812741       0.97958737077103608       0.91809352449772286       0.88418826927104077        1.0239853544930537        1.0110066834903093     
  0.75044037509207628       0.91402311630955801       0.72470227823347799       0.65550808471470179       0.85314207444604773       0.66595554695812786       0.63858504879743350       0.66045094223713097       0.92026824100953919       0.75078730335495580       0.71835112497611409       0.66197777159731475       0.65749693581175872     
  0.92474710526640003        1.1444832576426123       0.92336694401391739        1.1030355159068519        1.0512603246531029        1.1345364858907103       0.90167085277204162       0.86988531238207489        1.0393754431779936       0.88203404372546179       0.93961621645879612       0.96287123725306467       0.85897361326318566     
  0.76165003622031091       0.91767488797263308       0.73601094131779565       0.67204955253141418       0.86269588408642728       0.68214627638694170       0.65480263152574614       0.67637428716578174       0.92384135314220250       0.75742844894096850       0.73373104899051556       0.67720735478336114       0.67392759627490684     
   1.0716789598011460        1.0119486944420195       0.94315533622045533       0.96153361684936123       0.85572637922605732        1.0020979351497852       0.87469536093312061        1.0004741509722670       0.96092684689552299       0.96960174932415621       0.87739023888450196        1.0319288276608733        1.0084988103679966     
  0.77329504554372663       0.92120273221593818       0.74732772405018488       0.68972881212162840       0.87191473660154950       0.69744092954005388       0.67022309198437746       0.69299887220534406       0.92756752904395745       0.76435522266893352       0.74818995201954452       0.69171004294055694       0.69072959747211271     
   1.0582655586776826       0.88251321973482111        1.0642396218815131       0.95891313573502690        1.0177685955242783       0.90162913084120500       0.87855232553407769       0.88289391585083365        1.0828974007239291        1.1144156814743502       0.93707672511157203       0.95835468423706338       0.94507928597114732     
  0.78491005858199736       0.92470043769525134       0.75911184318079528       0.70677738872879192       0.88116539370172686       0.71211666832622234       0.68868479338201971       0.70957342105908339       0.93108953985199527       0.77135813716257806       0.76243114507995380       0.70734410606208376       0.70830519056140917     
  0.85181267277052020       0.85023967847237258        1.0718609166565269        1.1347480632999485       0.88456972486697760        1.0683083073754411       0.90985417201726293        1.0105413987426810        1.1309789266035717        1.1234759954567115       0.90682500555315448        1.1370859579890267        1.0006975033129863     
  0.79608170895082775       0.92807386637939826       0.77230722304901123       0.72355160959475284       0.89038030459977346       0.72714770443486731       0.70608247075393904       0.72653745375470968       0.93435242545316188       0.77834014009192176       0.77605116835609000       0.72478982779551615       0.72596795929482894     
   1.0273665431376777       0.96246191366228095        1.1835579298677614       0.91860081379144032        1.0329682422058923       0.87726651566690961       0.96151540509162781        1.1990731964128913       0.93541818941472288        1.1504629157287409       0.89114015615563091       0.82629668401361167        1.0278657811781819     
  0.80721766026203912       0.93152754483720868       0.78588006917825137       0.74036474341506830       0.89909707970186192       0.74264693485689293       0.72647149610304051       0.74372663242500103       0.93746018689111521       0.78497302189731477       0.79008837668073728       0.74226455103457878       0.74486213428881476     
  0.86659230500742757        1.1307554218876985       0.93264608804554738        1.1105960727712600        1.0429704304969816       0.95630136834179091       0.91743219701093348       0.92223773224699612       0.97600124118129195        1.0233271720147659       0.92183058429637499       0.87648923409785040       0.97380323401512536     
  0.81841654681111409       0.93511549466941668       0.79925717184916079       0.75725676841302358       0.90779430879136347       0.76058460731837252       0.74660041368439356       0.76022468618895589       0.94037663364471968       0.79107976727870455       0.80467428010788877       0.75888849011094539       0.76319531982691413     
   1.0126913021417947       0.95817072765194100        1.2659193206124240       0.89887771062548893        1.2080620661980088        1.0325931285655838       0.84516953163591269        1.0829710010827394       0.96935979027894559       0.99642133196766414       0.92285437310118890       0.88895521523610799       0.80569819923567731     
  0.82963480377287968       0.93895659609177817       0.81246857807812711       0.77416360739669576       0.91548234864783784       0.77909885541661106       0.76816600450815353       0.77624179929114956       0.94338060012982616       0.79715233860124834       0.81925496712650825       0.77569904481584107       0.78105248103235181     
   1.0371979753760201        1.1328593560291309       0.84965501264135501        1.1610161099355456        1.0383129401099025        1.1038711906218044       0.94710058167525213       0.95850821463622105       0.85061847875693664       0.98119966708791562       0.96232641203354630        1.0199330190955302        1.0170422683131888     
  0.84068309774348826       0.94305181112562253       0.82513343014153062       0.79146027802868235       0.92308645992160943       0.79671940559803145       0.78958100513644980       0.79414516005274738       0.94639360788794558       0.80350623638905982       0.83417323963307044       0.79140922234936817       0.79882672025918144     
   1.0254079356043935        1.2114201262944007       0.85814318360039710        1.2212222270861464        1.0338631069737503       0.97725317974955872       0.84337402390672633        1.0754899477119686       0.90019791508026548       0.97192005168671625       0.87105765886683106       0.96693809607649550        1.0499754410387976     
  0.85158815561476608       0.94695250587855528       0.83805856161226422       0.80853070776869396       0.93024437237220692       0.81394108707527435       0.81059407811481909       0.81270193731151918       0.94961314180577172       0.80995959713427002       0.84923067953908249       0.80748197385183906       0.81721542935821534     
  0.83312610231714967        1.0870710946454250        1.0008650659247318        1.0650889617905319       0.98425564660106979       0.93341218238066415       0.93308450834326506       0.99022123540667273       0.93442501812457512       0.99664171697237458       0.92991012694045516       0.91473459285535197        1.1011622135077299     
  0.86323818408401387       0.95067563931026589       0.85089663367630186       0.82374683810000782       0.93747204906767356       0.83041869387429734       0.83103231675480937       0.83033527566906373       0.95295875243717743       0.81714603859830415       0.86532673916933112       0.82410236720686192       0.83405731570060260     
  0.87886356009308997        1.0337327300778629       0.89116570308380005        1.0086620852157009       0.89624282188630888        1.0372344826912614       0.97774747091889835        1.0191935961553842        1.0765298898149787        1.1691576327307214        1.1268807661901667       0.95477197979212769       0.84462306112335528     
  0.87471977670988488       0.95426916967275754       0.86372886816174488       0.83882087696799446       0.94391575067352740       0.84673086603040926       0.85028038895101266       0.84740498843101009       0.95620478489807936       0.82429820849849389       0.88132342633215655       0.84139059599281474       0.84977593481134617     
  0.86727329370757267        1.0067700255987275       0.92062092375504623       0.97088666980864280        1.0540442297483152        1.0925695093105505       0.93016700567174215       0.86491694428912114        1.1192291363427380        1.1407056275869163       0.97369875614600887       0.93608697181282996        1.1064531313587767     
  0.88612523161814427       0.95782592033444036       0.87755746798402257       0.85481871723346414       0.95056588365525296       0.86352339776217102       0.86917321630890698       0.86365221529725422       0.95943019363642279       0.83179749893910349       0.89718224581780526       0.85719792098300873       0.86534561427924717     
  0.90770834756470287        1.0645508201275724        1.0099662934283986       0.96865945832655354        1.0962081006074447        1.2175937894123203       0.88651564417400330        1.0496027689335243        1.1414338792914347        1.0585424039303477       0.97777092299045087       0.91469356056499096       0.90097411155690088     
  0.89820546681491154       0.96143371930711818       0.89129578590106384       0.87123268672622756       0.95697606861542284       0.88099600202639206       0.88766618118020157       0.87944858271772652       0.96287168652727162       0.83944354320712244       0.91245852139020411       0.87288353040677691       0.88110592920609920     
   1.0382869361373193        1.2458231866371490        1.0847057346698463       0.95770518859883269        1.0292130220426476       0.87488562215507470        1.0353933979746401        1.0580660305710170        1.0483881136459174       0.99433355607712737       0.93612249065821029       0.83532855270550654       0.87583291324647938     
  0.91187626613071260       0.96492422200549677       0.90497660110157874       0.88752525361323054       0.96298938975585113       0.89772042426158472       0.90575127379193110       0.89479439111245185       0.96643815733182081       0.84812125702036645       0.92333072033747920       0.89036011054033959       0.89698720717926250     
  0.81067155427893900       0.98602282871539193       0.99534765470260511       0.96257877614834342        1.0278275901472187       0.90680140659411312        1.1846300324556327       0.96713663644902981        1.0331546890249108        1.1910406990837743        1.0683028171203157       0.96389259605101696        1.2354581126366113     
  0.92505230421103912       0.96851239076802920       0.91893362215538510       0.90340306883887556       0.96892971593216981       0.91352382349367867       0.92267927253484683       0.91001935154111679       0.97011599195502174       0.85736886607997387       0.93487939230142569       0.90742242759445779       0.91261141262541734     
   1.0571249803708676       0.89426563372261314       0.92805005587838474        1.0415619281017916        1.1681089112375584       0.90313420307816095       0.97827793857836010        1.0261765927794315        1.2624520422477183        1.0409229834819274       0.99803908185137546       0.92848448981555687       0.99404488776300493     
  0.93734974443311814       0.97238286889916437       0.93262125192094059       0.91873543649014056       0.97471503210943777       0.92872387869028417       0.93968262147003145       0.92556456400822973       0.97373173326846152       0.86775539985936589       0.94664735356688978       0.92262407892793596       0.92719032236735177     
  0.89105445718880616        1.0766139854135990       0.96626962812858974        1.0322098411923499        1.1176258068249738       0.99753028347933903       0.94496452915436180       0.79569197289470606        1.1143974114775275       0.97772535944529892        1.0805955850263724       0.92856293277236024       0.93503233936930663     
  0.94953390021974504       0.97648244366798354       0.94631223555344579       0.93348002994512103       0.98029461391108597       0.94311381384252080       0.95410155329318058       0.94133562677761218       0.97782256475594409       0.87924748752583892       0.95877486592923666       0.93836505734814746       0.94156596366368028     
  0.87914349388800750        1.2187600936960215       0.98320382282829055       0.94522429837165223        1.1999288293541803        1.0273621840195684       0.93859573026179255       0.94228331435235402        1.0329994318164419       0.93879742910524822        1.0195031478653205       0.86864890277632312       0.95867326340365655     
  0.96234627478583679       0.98178485798901860       0.95886471373737636       0.94916933711566498       0.98580483130590701       0.95723061003914267       0.96654577563127797       0.95616817042685975       0.98245332225178428       0.89461389280005155       0.96848561955069079       0.95333200873449286       0.95621155773887812     
   1.1570176767339588        1.0959695681826425       0.86231083455707569       0.97494665069190078       0.94587650940536427       0.88415989255570215       0.85857442443630216       0.90143509777759712        1.4353798978488630        1.0330143721227976        1.1227072782573932       0.87059189304311546       0.90910260181530445     
  0.97517631679993855       0.98728699878501935       0.97124742818418364       0.96478898693850124       0.99097111444341979       0.97096905013119095       0.97819571165939934       0.97119010680320272       0.98714893232804790       0.91430325279231139       0.97821629175147606       0.96818510438855421       0.97071264302672378     
  0.88188225583838509        1.3084445796780708       0.94876919856495567       0.98195249810669882        1.1915330587905204       0.81510053875950561       0.88272653847980453       0.99149259056680206        1.0990517957939467        1.1218598821797308       0.99093440697489310       0.93532953885459214        1.0474661149895650     
  0.98771713673417183       0.99365678090507226       0.98578613848930652       0.98193591482276743       0.99556333409586839       0.98556608601845064       0.98933634545394322       0.98562132867979302       0.99365942608536750       0.94900791989526889       0.98886671668804782       0.98394958099964602       0.98518415734913722     
   1.1656553823702427        1.0272251042635820        1.0626858874333356       0.90811034942549607        1.0287736648515597        1.0804101599888947        1.0608389999152739       0.82004951616198629        1.5205412629552462        1.0567844328759899        1.1054900249535773       0.95874251761089657        1.0278716722009202     
   1.0000000000000000        1.0000000000000000        1.0000000000000000        1.0000000000000000        1.0000000000000000        1.0000000000000000        1.0000000000000000        1.0000000000000000        1.0000000000000000        1.0000000000000000        1.0000000000000000        1.0000000000000000        1.0000000000000000     
   1.4326382099478763        1.0025700419647305        1.1776427850795426       0.99076917341596427        1.3211713497857125        1.1068800818227831        1.2391558996657319       0.87293660705700626       0.89552942511460021       0.77277849272363153        1.0433487227080691       0.90334131724143940        1.1012358670532361     
   8.8092613612182937        11.800765413806976        5.1240676167921348        2.9022990676654450       -19.052254888597442        9.7797218186862960        14.577261364761746        4.8657990582261483        5.3093802228521980        14.029526200735214        8.9839860422468938        9.7506558036154569        5.6555834232973332     
   5.2312997099247038        2.0854756726805781       -30.174792902410665        7.9812647494895685       -1.3112025839681509        9.1820466614695118        13.556846890415486        6.8475797619408478        5.3724010385210210        8.1423262862412056        5.0996230515217214        6.2600822863425716        12.535949304424904     
   8.8628262481586653        9.5705634782716498        11.655940591135723       0.85855916234143514        4.0629751137429135        11.031732156717371        9.7754912190534231      -0.76380945853224325        5.6533603675993866        5.4133665934998989        6.9901401338484650        6.4709037794516133       -2.9007510483047212     
   5.7617270189945016        8.6293275785275974        13.673954724975355        7.4345343791304739        3.5036729427413893        5.5079869345176657        11.490261552389462        3.3087173208686962        9.7794606815729761        9.7220705957669207        5.6084569850346329        6.5001019767043369        7.3810175266735403     
   10.434421587363977        5.6557763953765772        5.7515742464012369        2.8511759201022806       -16.441520039868394       -10.463519298621154        8.2526587748895253        6.4552438544794182        10.314838052620265        4.9936959374007905        8.6272722185725641        7.2822207357595117       -11.388681888248891     
   10.610087407599066        7.6131627260216197        7.7609688378723822        4.1012400582241799        7.8834978268984850        11.264879091169316        5.6952282813773287        10.293932029755533        11.754985591003598       -3.4088174663869024        5.5355200054171441        4.6359818903359162        6.2980218146808715     
  -5.1788824275618017      -0.13636608788500981        3.3913645528952499        9.2969282157728568        9.3564326102400877       -10.053995968183751       -1.0151289440248936        5.1239660839712684        3.3121168718535676        8.0261898535921166       -11.129531740949851        5.9822628165478999        7.1190044154472920     
   5.6400929145896121        9.0897912178724471        4.6436024166294114        5.2159097062900734        19.506234340928359        12.207016755625721       -32.351588413261858        11.163514739059439        4.4443424628479296        2.2097500905971366        5.9948228802445680       -6.6365229721271888        9.4622973544067648     
   6.5808424143806207E-002
           1           1           1           1           1           1           1           1           1           1           1           1           1
   3.3871699179609811E-002   1.7059584765646316E-002   2.1883338527252407E-005   4.9990324767811671        1.2907665942557178E-003   2.7226684690470612E-006
   3.7376268782798075E-004   3.2536783877127142E-004   1.2778659944950892E-004  0.56822371128802707        1.2766666671845352E-004   1.8379837598185595E-007
   1.3407421940583381E-002   3.6898834075936189     
