   0.0000000000000000        0.0000000000000000        0.0000000000000000        0.0000000000000000        0.0000000000000000        0.0000000000000000        0.0000000000000000        0.0000000000000000        0.0000000000000000        0.0000000000000000        0.0000000000000000        0.0000000000000000        0.0000000000000000     
  0.25011765482886295       0.57610672101252458        1.9016777552544766E-003   1.2976909757298472E-002   1.4887079162417636E-002   6.8058016722783596E-002   1.5447007519154544E-002   1.7542813396664698E-002  0.26781671941588880       0.17601279968601802        8.2276802702672541E-002   1.6647907992292113E-002   1.5056104113991459E-002
  0.90978248113900251       0.90978248113900251        2.1952193093240173        1.3180149277040869        1.0895010664669278       0.90978248113900251        1.1692011536706033        1.1641135402322411       0.94897629428989128        1.0243573591412072       0.92532268231619330        1.5102126613941729        1.1444637279186611     
  0.31251018080950077       0.70934868526321715        3.8354944134970604E-003   2.3855701294320575E-002   2.8994441792222055E-002  0.12841404134374471        3.1162992720126272E-002   3.5589798602929809E-002  0.42634814378723501       0.27027775407435983       0.13786450822698418        3.0788501877579318E-002   2.9618542548349017E-002
   1.3595900819653104        1.3547705665993521        1.6658532521493914        1.1662164754177144        1.2235695742675829        1.0498174163371805        1.0581704505557541        1.2179361109338822        1.6731119479853309        1.0549212682813864        1.1294664506644592        1.2417483613249911        1.1688429337843369     
  0.33060211229546749       0.73525364289473960        5.7875687902939153E-003   3.5505844332634151E-002   4.4148150174601261E-002  0.18385934108661997        4.8117027071639493E-002   5.1786453192038340E-002  0.45614343287762404       0.31597227463467531       0.17130493209700404        4.3776305069539202E-002   4.5122480904955659E-002
   1.0526612418855734        1.3098345864544587        1.5310943968762678        1.2991738642245982        1.1426985916086101       0.93758464826184973        1.0813537288316639        1.4707563018737975        1.2249549653899268        1.2060260251765407        1.2326052567975894        1.5311488886427980        1.0422493935824884     
  0.34573387875434819       0.75205980333228883        7.6556866403483942E-003   4.7482841505174393E-002   5.8445094301460367E-002  0.23660503536004859        6.4281346968921987E-002   6.7514416573322578E-002  0.48209214010899887       0.35003787088400140       0.19633533170142251        5.6392899970582160E-002   6.1467621315701097E-002
   1.2269899160272908        1.0353504167737901        1.4316975172751318       0.95960769808272339        1.2566827648325334        1.1580412511537412        1.1643247686120608        1.1002185126426260        1.2013578570490966        1.2505464924135532        1.1957163040187029        1.5563949127793897        1.4247350885587609     
  0.35828104770415764       0.76696848038446785        9.4006805035455419E-003   5.9566268351171514E-002   7.2847625526830523E-002  0.28467110017352554        8.3162385880040393E-002   8.3636122058324297E-002  0.50452398983854629       0.37417049391652946       0.21799808174135085        6.8868704322014501E-002   7.7956066780524580E-002
   1.0339932488202956        1.1132906421761166        1.1640373351458864        1.2622227639137540        1.1828950954887334        1.1052474258148504        1.2289371111456000       0.96664747282372521        1.2734827945998028        1.1436696294623743        1.3176989792726064        1.4039143400363352        1.3661533273668018     
  0.37179943121137471       0.78051195231992421        1.1412620419629881E-002   7.0477307751807924E-002   8.7579552879503045E-002  0.32929932386841509       0.10201038796377060       0.10010042517947695       0.52519763754720827       0.39653535119279987       0.23584449989682627        8.0677591343177882E-002   9.4441554385300983E-002
   1.5020587475941081        1.3645173999001541        1.0741221580504701        1.3352345252035798        1.4262480844905336        1.1123549254365492        1.4582766007199763        1.1662442599149072        1.1395089656886956        1.1680994669268190        1.1712694690380105        1.3540160755673083        1.4887284560020075     
  0.38229456177324161       0.79171810274310161        1.3642056885257700E-002   8.0925490447466678E-002  0.10290274344441000       0.37196102251220137       0.12208643445189638       0.11633497495459739       0.54372054291314531       0.41701722027521321       0.25122287794159953        9.1759089187633106E-002  0.11050864003152257     
   1.1145615905778472        1.0180673866075385        1.2962836204849406        1.0847850697833923        1.2283580108870187        1.1479369103274928        1.2168257377751299        1.2808457630574530        1.1945831714445889        1.2773629421485360        1.2324824313183635        1.4871309362548091        1.3503003128658044     
  0.39303916374212960       0.80247540819418861        1.5797046056627989E-002   9.1596218284290140E-002  0.11925479240062305       0.41243418972492502       0.14057000749029047       0.13291494492605441       0.56014552058575640       0.43583547999812061       0.26619519780391943       0.10245529047752865       0.12660214184193305     
   1.1879975355141443        1.0428433001733515        1.3518613329044775        1.2405241564409089        1.0732948525098529        1.0789785744497205        1.1642434904177714        1.2775566652806711        1.1778192510316481        1.3794100349214355        1.2634598229710041        1.1176332178466080        1.1486216188082299     
  0.40343503881297088       0.81285908293982811        1.8024429609469032E-002  0.10232967579619337       0.13581320917419321       0.44813446694130099       0.15703748865277717       0.14934797617643480       0.57516514078270453       0.45306925824691086       0.28118729008588722       0.11469982183558115       0.14357738042617724     
   1.1424097151635944        1.0497827187224820        1.4287650562918739        1.2771698884994924        1.2877327124886890        1.0680293546800346        1.2692607408230654        1.1039743354449378        1.0762332194193276        1.3321833386074864        1.2773509838015988        1.4717191713788831        1.1432536968117786     
  0.41307034275853383       0.82144583464355381        2.0353381308257628E-002  0.11425517699497634       0.15228655338572447       0.47766816572032456       0.17381476661928219       0.16390792885497008       0.58961210028993183       0.46964531365719064       0.29547198680561526       0.12733967329014276       0.16188924699954918     
   1.1887561717194235        1.1342171772779084        1.3792219887538537        1.2082171371648418        1.0430169999903394        1.0863944794973588        1.3592979060904480        1.2058779204800403        1.3088509958685612        1.2349659691422044        1.2509936780475379        1.1768040526765489        1.3644705294106532     
  0.42137549726690032       0.82826395970473510        2.2849307686462567E-002  0.12625812120476429       0.16890724629421972       0.50485541091503749       0.18987566721990295       0.17718193587685674       0.60352720313294617       0.48540454312386577       0.30873429513111195       0.14097122427114575       0.18107541177198239     
  0.98417753113532347       0.99944375984804334        1.0365334943521820        1.0530454978010491        1.0525322011752196        1.1255054746143498       0.97104958094893246        1.1669953342571611        1.2077753412730707        1.5430527345151785        1.5826313184505703        1.1839355685241730        1.2397642707503331     
  0.42948035173473836       0.83535717298474321        2.5525558181326947E-002  0.13815689153293695       0.18585851296854208       0.53063050899838138       0.20590091911272082       0.18993863925502688       0.61697721133872663       0.50026228857103561       0.32154294217330559       0.15505859616386203       0.20043088358405595     
  0.93982750311714958        1.0774872005154263        1.1001484683576350        1.2170299984767281        1.0411063016790600        1.1892716629771607        1.2887798070696639        1.1119744530657965        1.1641958905769039        1.0364767745840635        1.3587237325798960        1.3461775946188579        1.1265134533333312     
  0.43763375112234038       0.84234851155594581        2.8558238917979407E-002  0.15038913182694572       0.20264316717662506       0.55749137019989259       0.22117480960843716       0.20450742859373602       0.62908200356261290       0.51233301142148002       0.33242912512346934       0.16947577306240880       0.21989069941827463     
   1.0775371175501394        1.1936135210261851        1.2702486991133961        1.2351079592210417        1.2152563481506826        1.1259700206181782        1.2445376431138224        1.2361106045088743        1.0720133768258169        1.0626175480823166        1.0473039734528369        1.3557883860400564        1.2303925464597993     
  0.44564046601730889       0.84912613069413756        3.1978732813998989E-002  0.16232545267147533       0.21918060567515524       0.58380436601404651       0.23745157601831823       0.22150833752502083       0.64028678668933769       0.52353592849875419       0.34381754294321232       0.18325544921229869       0.23820835036198590     
   1.0494976695565943        1.2338203955353888        1.1711332291171397        1.4627561435857361        1.1373729253290361        1.0509469988027671        1.0356069257395588        1.3719772215428969        1.0684431655319193        1.1130721187342065        1.5477192637825301        1.3965470701969904        1.0344136285697716     
  0.45500454521543393       0.85575383667287219        3.5486355826384194E-002  0.17328431642678443       0.23622293105715758       0.60791448732059794       0.25270736968751073       0.23876548706526571       0.65087237782256435       0.53472186504462849       0.35556981666932530       0.19594794519736108       0.25528691258385250     
   1.0078279543716622        1.0806818258083906        1.1138325961827755        1.1908338755576480        1.0708645771381096       0.99959426338912893        1.2418040618586523        1.1474761771281172        1.2446403702908708        1.2334377148310240        1.1866528509973351        1.1831913430659935        1.1144046010561266     
  0.46588429082075644       0.86235991090733155        3.9086511304200919E-002  0.18390373907900234       0.25344646798470027       0.62926108247141377       0.26810355351584680       0.25482203716804236       0.66119634807241878       0.54611858145495729       0.36776080222520935       0.20921288635947510       0.27249375702058126     
   1.0731774228656170        1.2897589818667174        1.1823066801643163        1.0871100444596098        1.3760580083328702        1.0147752909257077        1.0617239162812291        1.0664602402026913        1.1255539307076539        1.1849378196099425        1.3939846662941404        1.1098925385471050        1.0516495049098207     
  0.47775816455611902       0.86860531373043492        4.2862220527669026E-002  0.19438933332013619       0.27074527351761568       0.64831898935292220       0.28237472835175015       0.27038660790182983       0.67064624549390173       0.55700684405391809       0.37989856552316237       0.22463598480022748       0.28992865260502809     
   1.2426969480464831        1.0849130395243776        1.1445121800328402        1.0749271453244675        1.1284541404559270        1.1680054772235358        1.0402116691247714        1.2388355142063021        1.0890947281351897        1.1061355020759451        1.0650041754026804        1.1915762717615692        1.2624119321128358     
  0.49057891620887523       0.87438364685204939        4.7587829668943392E-002  0.20497074550995253       0.28866143950517603       0.66561475506675483       0.29780507711098259       0.28488901621109103       0.68032999955742512       0.56716228800001878       0.39182217539071729       0.23996217969878705       0.30620466144815400     
   1.2095792410309367        1.1538936344499762        1.0308762924480501        1.1959518511327021        1.4462782334209923        1.0854239084044452        1.6820369326343980        1.3098576315950452        1.1953256921795403        1.2129909104268253        1.2308143033141461        1.4264873828332980        1.1302027356901148     
  0.50192040804189109       0.87962101088442779        5.2752336025320132E-002  0.21610037745364405       0.30603704086865913       0.68324098078628914       0.30895619781480127       0.29871676156301114       0.68907427867715132       0.57707761641174882       0.40366278257850019       0.25508285146804272       0.32049600832334729     
   1.1134094481177348        1.1430620169461279        1.0929503336025748        1.0985110433565761        1.1020986306821225        1.0593008309830161       0.94285471724052372        1.1530632014682554        1.1652104658164100        1.2043475731192816        1.1500063542411372        1.2536698435625335        1.1830948119796922     
  0.51198013386867458       0.88471087590800268        5.8072088695937982E-002  0.22754112042458538       0.32292548474606630       0.69987102260658429       0.32093271973504950       0.31212903813803200       0.69783767585117773       0.58661572266767681       0.41634226206989489       0.26824150152209114       0.33356335029046807     
   1.1189255246978935        1.0134054757185147        1.2213257606519290        1.1779921353132943        1.4091379749189901        1.1729972496390153       0.97757186246381156        1.2290985264176491        1.0046182963936132        1.0009500403119753        1.1339697479193644       0.96291758487061863        1.0451933932282442     
  0.52340690298527082       0.88968719309405420        6.3535268354439844E-002  0.23959627721774795       0.33998946064170554       0.71377085566635190       0.33168234852306910       0.32581934282774705       0.70692037456586609       0.59615119395881344       0.43010972112968043       0.28137567978442513       0.34483021078931775     
   1.1413561243617452        1.0022422010896641        1.1421748071612485        1.0846891714272346        1.0602579245301418       0.98412667879298610        1.0695344419963431       0.98011894996390914        1.2201908456076265        1.2119113844054259        1.2618789818745169        1.1149017155898457        1.0774579435393024     
  0.53573981503547341       0.89448263754537471        6.9109753957669995E-002  0.25292062731902404       0.35682528974236383       0.72659934954243188       0.34310698610442242       0.34031364683515092       0.71571683179678314       0.60522718938725639       0.44427548952131374       0.29569317404820078       0.35880842644250016     
   1.2667786377106212        1.2250910880507599        1.1644187240579307        1.2851816333822552        1.3312240031681559        1.0848033650079958        1.0198592451005148        1.0198861604946949        1.1658693476538575        1.1598859761697051        1.2387759814286570        1.1462165364548393        1.0733532094733855     
  0.54846993122497889       0.89905647631136276        7.4889451639685856E-002  0.26608301243040855       0.37380092211648991       0.73910792937236169       0.35490261991942029       0.35602190455110255       0.72417573396540669       0.61381776192039605       0.45881148030654378       0.30979299825758594       0.37571377607986239     
   1.3772319786435674        1.1037814163745017        1.2084759984612490        1.2841506993966891        1.3753916270682485        1.1414335474252764        1.0460034631109714        1.1721064705088673        1.2155118515078274        1.2768978458867588        1.3382237585442223        1.1171386054682972        1.0725875890563066     
  0.56148400907013540       0.90354217378646828        8.0877028040011803E-002  0.27958271622800057       0.39162170798253454       0.75191313800239346       0.36737494647287600       0.37196220186711437       0.73196624278328137       0.62197611936861363       0.47306917688425637       0.32067231889001491       0.39313893666973454     
   1.1585105901871153        1.0934481633158963       0.96972908371934785        1.2350544717413687        1.1959300453646708        1.1671219150910386        1.0506634084006461        1.0986472975663244        1.0132455212686600        1.1162593326759083        1.1761994804528957        1.1398543607397462        1.2360367780111401     
  0.57369414489444337       0.90776153146727800        8.6678056668181597E-002  0.29369383117561970       0.40860753497633723       0.76504444863593246       0.38326792162717283       0.38643868157578048       0.73968054184113341       0.63007799109539375       0.48640227506204003       0.33191767388890825       0.41007379936554017     
   1.1916286402901541        1.0974461185500657        1.0675937688215242        1.2113693117113493        1.1571608980407855        1.1653398861205229        1.2507758571722731        1.2624932907438184        1.0496630804042397        1.2617001279491746        1.2608521854211343        1.0524391784130755        1.2110192319619741     
  0.58504691530371022       0.91186836243055036        9.2398693513249350E-002  0.30831389456464264       0.42398956485028505       0.77816657393955624       0.40025045570586471       0.40078804420602088       0.74662758044268884       0.63849994425529144       0.50004561869959729       0.34365999745716563       0.42654887707500583     
   1.4147835854088622        1.1284925707263935        1.0775395052575754        1.1138194050753256        1.2690229541288314        1.1540292991927601        1.2964173704008388        1.1426191590749593        1.0973886337734242        1.1950203457313964        1.1057747340353739       0.98895625714909063        1.3853196363891247     
  0.59589434398283692       0.91573441239751829        9.8199882354105997E-002  0.32406997180322106       0.43861583565589518       0.78992741325796034       0.41621096911555128       0.41484444737090009       0.75355742589412811       0.64694951051956318       0.51483882798278047       0.35699678231315024       0.44253886691175776     
   1.1556399647044779        1.0225139917699380        1.1873378233562177        1.1692307096255190        1.0948465962082090        1.1673840728296954        1.0437357301675108        1.2432765522480347        1.1397332483621287        1.1558155293174193        1.0178466337370424        1.0532569368245979        1.3331738874623349     
  0.60600456595592900       0.91960295422022698       0.10492857940176446       0.33970453645432552       0.45326948608369505       0.80141846692976826       0.43237432612827315       0.42779319338031119       0.75986542639257559       0.65527012764737547       0.52850400506744399       0.36956877650315523       0.45736129122767877     
   1.2831493444185760        1.2329634608091282        1.2966146950247330        1.4485452986341028        1.2794182668042315        1.1438461672223630       0.99798906427802447        1.1607281284439497        1.0399582005789549        1.1258090353055650        1.1742586442565974        1.1487341559052782        1.3104052638645478     
  0.61618920231560537       0.92346838046579915       0.11282421268177133       0.35515341442488096       0.46814884978748444       0.81209744089407165       0.44673792145025770       0.43993610150220852       0.76628286793496836       0.66336975798183773       0.54025895621122433       0.38290031149963888       0.47092287532327459     
   1.0328126005248492        1.1273856262598010        1.3039898929500837        1.4066055580758705        1.2010843643969311        1.0881304601764143        1.2488881795485962        1.2339804039207909        1.1154414089786748        1.3290355475531916        1.1674369566558036        1.2176938835311961        1.2255870814825323     
  0.62685843605909886       0.92702804802373595       0.12079598826926244       0.37065702413738089       0.48344676183319391       0.82229259584235848       0.46128428082032780       0.45305978844160733       0.77326182819517575       0.67155901378123195       0.55167082337595108       0.39887858195231185       0.48374024241098884     
   1.1507184661069449        1.3134963929808041        1.0428146900144526        1.2114048363979306        1.2930135928283528        1.2362808976288628        1.4458048674143755        1.0180859340169930        1.0632077600476899        1.2740069665488567        1.0883318896048539        1.1051213528393991        1.0164516115574103     
  0.63793702329135482       0.93049911830188103       0.12892498796688198       0.38588330585184760       0.49776883422242457       0.83146952455505396       0.47902165018304999       0.46694688104448545       0.78011600433560002       0.67977182715028961       0.56285123564384010       0.41509107484634672       0.49584464044094367     
   1.3866930759358589        1.1295919802944721        1.2388343212389243        1.4467880309554164        1.0439247766642878        1.0063637950959181        1.0217310175239553        1.2552236352746258        1.0668948040482233        1.2595122177891533        1.0575930164485434        1.2744065337851196        1.0927813258182744     
  0.64912716885584532       0.93388149479829696       0.13786996165888252       0.40108503382698535       0.51043988847095145       0.84054563209157740       0.49584931024318252       0.47817545936127376       0.78712041367739449       0.68781929246014095       0.57501306210258563       0.43139104887399393       0.50950373894771983     
   1.1914628775206140        1.1579967103128581        1.0764472671792502        1.0602748949153649        1.1925627411506996        1.1241551811214661        1.1996613343226779        1.1629924927485282       0.99043140585953127        1.2839280754377038        1.1908564829649058        1.1010034338108765        1.1648175479902199     
  0.66085362695879424       0.93702687686049646       0.14779674896594788       0.41654272055010544       0.52261281735014464       0.84991931561246914       0.51097905705644386       0.48741343157346706       0.79457207359668114       0.69522731949463557       0.58757556188071347       0.44772983698889668       0.52440714688318357     
   1.2324596816454614        1.1681170619720085        1.2057147709231140        1.0788192812110136        1.1240243758677826        1.4424478011065442        1.2058523436104458       0.98974639466909620        1.2419723596086076        1.3458720555467842        1.0321206881202842        1.0814662308532381        1.3099799612327241     
  0.67292635043688032       0.93989824753428652       0.15799954099231711       0.43178915351611741       0.53508018442683059       0.85908072560329840       0.52673110962065761       0.49927407575654398       0.80253736063772596       0.70180158541598958       0.60017850514718751       0.46433900566362762       0.53976593151362118     
   1.0210746290950010       0.97265993202913437        1.2754847026338958        1.2022807326732889        1.0364685734678620        1.1083577854201374        1.3013141461790034        1.0637443462993190        1.0918262048295841        1.3441493963635556        1.1861474236547491        1.1466631590164511        1.0463539620885065     
  0.68479783298956487       0.94265462169504444       0.16825735096649899       0.44615768501310243       0.54794022590930980       0.86699558623167228       0.54287283773749540       0.51200054796455452       0.81033806878317460       0.70822055383561278       0.61371260496868363       0.48116749045021012       0.55585147877329000     
   1.2482971851098197        1.0818263667799262        1.1663708650404037        1.1536172269254283        1.0424102167004929        1.4099822464578331       0.99691584143236855        1.1416685926409151        1.1963461188812670        1.3538269255814037        1.2128681301943982        1.0169465314926769        1.0679394159376421     
  0.69612649373495017       0.94518298717126414       0.17918127319398355       0.46017904179586178       0.56024153584354563       0.87504379787005704       0.55934376185110146       0.52859552036335355       0.81792505121591963       0.71491804901285627       0.62646922935486227       0.49833470562568566       0.57215287973865769     
   1.2515564674092583        1.1171816360116793        1.1655107410822851        1.2013016839690387        1.4109723748326566        1.1380623964219412        1.4763796735019670        1.3019540767825004        1.0808064692582977        1.1833253400036798        1.1155301750117286        1.2184193692732124        1.3881765454528157     
  0.70733189517437467       0.94776565217077169       0.19024640839730511       0.47252969773598313       0.57410008612953711       0.88241894143011190       0.57519513212225426       0.54369981996460659       0.82524003221144915       0.72115699945157796       0.63949062513903987       0.51572366754907883       0.58778179002492592     
   1.3967193107514548        1.1847687471960966        1.2359488022092986        1.2397272986371590       0.95960769808272339        1.0305901165256528        1.2464760969172402        1.2420686735180648        1.2410902049156463        1.2177917501334650        1.1202108166623104        1.1326051229819332        1.1233056856895136     
  0.71896991820739575       0.95043427579474959       0.20166749132028522       0.48275316999403861       0.58885214005235242       0.88978884993998397       0.58986295651743714       0.56151427984042024       0.83210926604044722       0.72845717804904664       0.65322295910335926       0.53372903081732970       0.60360123072069150     
   1.2546784851308765       0.97995677054077479        1.0017765481445691       0.98327760280764809        1.1637153498990798        1.1034580210984712        1.1362950430731831        1.1865210715462462        1.1578248876703285        1.1164084888364658        1.2067701656374705        1.1315912897000537        1.3350004745137432     
  0.73106577101136350       0.95331408833579789       0.21317123023493334       0.49366436094097382       0.60228986494229897       0.89626468353731259       0.60468981844907344       0.57785023713382366       0.83847335714923521       0.73595357859347899       0.66715183070069217       0.55233493897157460       0.62058602420723796     
   1.0255385102266648        1.0782412907535361        1.1925506027331316        1.0685417739531047        1.0966047106224728        1.0811186315529830        1.3356168596283622        1.2951842464473067        1.1146457475421130        1.2956278973354878        1.1512732579592519        1.2343207848205229        1.1959336271410343     
  0.74333854109210096       0.95635861476698725       0.22465956032225265       0.50488834025427187       0.61607584092997458       0.90288253501510451       0.61887173279381591       0.59733743257779126       0.84509082040648043       0.74255634843173912       0.68122459448149097       0.57033450210251280       0.63748427458400359     
   1.3058320861012884        1.1545456848090878        1.1415446624750112        1.1756585747222619        1.0211209436493391        1.1129836315534372        1.1044556334837581        1.1376808704759986        1.2854675388163694        1.1816927625156315        1.0724506734633918        1.3121198242156584        1.2834713188674893     
  0.75614795849148553       0.95922302838626849       0.23632524381928552       0.51592895550874940       0.62976125576876651       0.90874666201358067       0.63485999402838689       0.61747659476951977       0.85114753595101333       0.74893300620874914       0.69614361926968427       0.58808028578748284       0.65369925996847833     
   1.1844986838883054        1.2052821326104348        1.3188650490351073       0.96881126202212853        1.0220199549141760        1.2771311963341223        1.1334282887197860        1.3253965687451359        1.0387465165117475        1.4113744869603746        1.1888674484846151        1.2273052803140956        1.2032521834771792     
  0.76680444511284429       0.96185684610777611       0.24831556074298786       0.52779736717153780       0.64319006227821574       0.91433675677945969       0.65078858223412883       0.63700562751037482       0.85736737085437154       0.75521236171201955       0.71131443627122726       0.60381937467805358       0.66989801780405789     
   1.2303007241739075        1.0970315307691620        1.0294959088085638        1.2841082970088333        1.1932470514159814        1.1312360221305102        1.1573410005741747        1.3390043825978164        1.1778254261983603        1.0264323644841473        1.1419540653668210        1.0041177538249810        1.0504384947995133     
  0.77781261045904060       0.96440025463898515       0.26237404619730614       0.54121886137853970       0.65769127284823292       0.92013518655181648       0.66641788239198574       0.65512328569884437       0.86336544876660859       0.76106602211066088       0.72595259145979829       0.61846233316216914       0.68601664719041189     
   1.2973383065884210        1.2092697110558346        1.0123573733720339        1.1449727461034949        1.1023354648275197        1.2385812577832034        1.1279540223297149        1.3279431787291469        1.0701286028075669        1.2184693981476349        1.1375764916481952        1.0624372561893145        1.1430730013367798     
  0.78703306245946147       0.96672939658005319       0.27613730984294538       0.55559126502841227       0.67259990125414570       0.92585630312542777       0.68128399139081242       0.67327996172270788       0.86918787948873477       0.76655416752050920       0.73995659028705385       0.63220732369464394       0.70255248967487460     
   1.1906061471007567        1.3088630101907277        1.1857572934847185        1.1194249004258887        1.0715341944928549        1.2364468200102627        1.2016168748496614        1.1457225085672451        1.1432076923514083        1.0441295509308057        1.1678783050014772        1.0850821598137750        1.1297946611214409     
  0.79563768049639538       0.96905074320984097       0.28911293080891287       0.57069863674597221       0.68808342444189630       0.93133997381453293       0.69717228106736284       0.69058166811527133       0.87515360673487219       0.77155204148758183       0.75382119892135113       0.64635728186812802       0.71907688400537728     
   1.0401782940683664        1.0793879604002892        1.2507430256432122        1.1697618419544960        1.0303266560723643        1.2016096517617914        1.2382780285014170        1.2283856186037718        1.0368770344163476        1.1124839143114966        1.1525408699023980        1.1273166454130787        1.2998590826626206     
  0.80296503776277828       0.97139503507572278       0.30242973762954189       0.58559853856794131       0.70350804254197108       0.93663276255550831       0.71245816643525184       0.70725831259090111       0.88123379564752646       0.77794247860362531       0.76608368240921620       0.66305744750947515       0.73534460988163008     
   1.1490877622414990        1.2952775192545110        1.2944176287799576        1.0575638381362700        1.4056419647240594        1.3082134043674816        1.1563576817394607        1.2308044156029605        1.2505971397520561        1.1456570507485766        1.3055477161776108        1.1693823609152851        1.1870986429766175     
  0.81180925986688679       0.97379559205956745       0.31585522686272555       0.59845918039851653       0.71755452169789358       0.94164127150575216       0.72816282557702972       0.72446230638378262       0.88735705192825853       0.78478130885567554       0.77956885262351638       0.68073833255497307       0.75107547616059134     
   1.1195204031440340        1.2278391878599537        1.2152543527922290        1.1167827937826682        1.3774013857667893        1.3527875372806075        1.2243088134349691        1.0551188435334429        1.0772879921246128        1.1142702637394069        1.2920982407717019        1.2534217688472240        1.0611120093219573     
  0.82152783355276282       0.97631715646883166       0.33121836514995501       0.61133246539182884       0.73246243592208904       0.94658119605910118       0.74398555358104734       0.74107400457807981       0.89340609579196184       0.79049090423256796       0.79238072439571772       0.69782694814090052       0.77010666554761975     
   1.1925939561896426        1.2872340384398759        1.2313629372995183        1.2151569222782295        1.0119266229527328        1.3263305252224575        1.1440758510056506        1.1380845695521498        1.0892988841047653        1.1678399617992314        1.1336472734904741        1.3736234107747836        1.2823225704110981     
  0.83094852126170948       0.97866428725105825       0.34669327499451263       0.62386889974955728       0.75046867297929443       0.95124193290777803       0.75984678957712448       0.75792322321546823       0.89937713557307808       0.79652230732761453       0.80462978480117808       0.71455823640224259       0.79144691126721578     
   1.1513619016092047        1.3447995875479246        1.0358445403228329       0.96510476097676134        1.3015346071996374        1.3145879656721156        1.1943719318250812        1.0893417905636578        1.2408069617979862        1.1002230158338064        1.2996197141548194        1.1339188032304408        1.2200720314810110     
  0.84021661303708473       0.98045759203110860       0.36292246890480984       0.63717912140898336       0.76707781917164441       0.95553021802710725       0.77648793789010573       0.77381954115496288       0.90549766941311316       0.80253038484008843       0.81827043099754959       0.73058946798927860       0.80809053400047293     
   1.0779725497782267        1.1820227477767062        1.0215892930532824        1.0818001156108259        1.0764190391380040        1.4282645312164173        1.4420165563709637        1.1229511230417917        1.2300920647176530        1.3567883795864446        1.0657684729212922        1.0060175526880175        1.2255685550421946     
  0.85090785236593203       0.98223499333324937       0.37972889567069529       0.65238609261081015       0.78314047999255965       0.95951464911874340       0.79282995705490655       0.78941946877293967       0.91223193496554966       0.80896094981345390       0.83112742936892758       0.74885004976624414       0.82448153124417733     
   1.1441479818152349        1.2369201364854014        1.0699790007586008        1.0715024024371507        1.1277827723846028        1.0482254017212398        1.2747323251884892        1.0120244025238692        1.4585339277204488        1.2761960820083424        1.2037928659590793        1.0492307610219735        1.3070700019181325     
  0.86168449902695687       0.98373008918946581       0.39851180351455440       0.66917921473311992       0.79987169334687003       0.96336805089045652       0.80601953229005718       0.80401139902768881       0.91887021153929915       0.81541378615563731       0.84506377160187784       0.76927252748396424       0.83774008143777812     
   1.1021111580416527        1.3067288223832330        1.0386024112569148        1.2060370627566976        1.2542873856346370        1.3683374420999679        1.2048963584880739        1.0464385560585774        1.2266289694051229        1.2595999133649483        1.1965099548467837        1.1461899554965449        1.1375081848391924     
  0.87314649622433438       0.98516406384052657       0.42089587636390519       0.69034994504263592       0.81508973322661593       0.96696250437227693       0.82052644508652328       0.81783195181411528       0.92546864384325056       0.82222681953027532       0.85996015961148220       0.78693595096734359       0.85135895156537000     
   1.5054929436120386        1.1468505305557553        1.1697423360848489        1.2332171956970126        1.1830697930316003        1.1681616838538591        1.2793052063094923       0.98016457528016721        1.3146414005373712        1.0912659863344922        1.1937637692642800        1.1612736036298250        1.2577765049581295     
  0.88522686913453252       0.98660334740383981       0.44585610635972805       0.70926925279737352       0.83127420837268218       0.97034865033346740       0.83725353076151798       0.83334675597823848       0.93194595775517397       0.82911108754628082       0.87246568034724903       0.80436939233120075       0.86563486600161899     
   1.2263240534211248        1.1392602309150131        1.1923992406196582        1.2278453136806167        1.2206280727667713        1.2001957392490374        1.2006974225382885        1.2489016172060807        1.5706353356987532        1.1209343585277207        1.1685385652090914        1.1597018800818257        1.0959277090190924     
  0.89705914909375539       0.98809719269421148       0.47281501159324318       0.72782252087200627       0.84825652816251251       0.97373589600746291       0.85386508288264462       0.85036198859315071       0.93864933113473847       0.83599534332251046       0.88447046809309493       0.82245018401924619       0.88102352620669677     
   1.0847672329656344        1.2839786556663768        1.0642512851779984        1.1646487995939276        1.4531988301069529        1.1859699134325352        1.1084687307322592        1.4008931378501464        1.2658206158423486        1.1442017400558393        1.1955273571905636        1.0209102753471559        1.1034917480531674     
  0.90877317300292870       0.98965833417086746       0.50148123982834902       0.74706948504136761       0.86442489270701139       0.97724969710457377       0.87017298930219034       0.86723317353313301       0.94573958175609429       0.84390678994721924       0.89542676797003973       0.83997759719662202       0.89577257281630740     
   1.1214846269917012        1.4163985617339279        1.1795315395159052        1.1127202791414728        1.2423276604116307        1.4954720623663675        1.2104829137671229        1.2694813264925495        1.3695299549513877        1.0556752938356626        1.0598651869698252        1.1094854668457883        1.2299567796921171     
  0.92250428893740333       0.99112349972272540       0.53116429515044783       0.77040114862839060       0.87870838064227974       0.98087825968984232       0.88680284810972232       0.88592639588052635       0.95154534734858887       0.85212924843168136       0.90653055848517117       0.85984949155828061       0.91011917145652699     
   1.3676793541676564        1.1479946872400828        1.1825921332207121        1.2425148741360892        1.0816205978293545        1.4108959533262113        1.1897893640354942        1.2141745112690230        1.1533850079574519        1.0762281968003966        1.1795546888070307        1.1106561688746142        1.0391996552719149     
  0.93455341175894724       0.99244886204950178       0.56423506070218210       0.79679265197944182       0.89292908623597800       0.98415080214514139       0.90351733261988099       0.90576973488322310       0.95711901526714793       0.86144691431781928       0.92059944881118927       0.88042032494461331       0.92432895556921568     
   1.1679819136916088        1.2971500647188496        1.2259771880470134        1.2653457771980858        1.0832734630233933        1.2712166543953654        1.2859111982204434        1.1658411820288854        1.6497513719283010        1.2048888918068548        1.2051054751624872        1.1775174357215430        1.1368364443520433     
  0.94584510332865668       0.99369142948754796       0.60411496938317566       0.82566567157067516       0.90753861593880802       0.98703148295767396       0.92004284613408283       0.92242810321214197       0.96123428279227829       0.87184522642069828       0.93418391948113255       0.90127263724098472       0.93819948057747804     
   1.1522262126115574        1.3801746389948935        1.1458507587741389        1.3934293271789364        1.1047804150528857        1.2411701457866195        1.1773265368455448        1.2767739660542381        1.2969631647790798        1.1109505729174243        1.1227627625061394        1.1091838744896143        1.1675335166623084     
  0.95650443265767804       0.99478654165846969       0.64876029296166127       0.85592094826366616       0.92411296050579617       0.98972790415138245       0.93708469601349298       0.93979407830704331       0.96489034948740615       0.88260378994106492       0.94642080483155344       0.92190032798026456       0.95136163365610815     
   1.1851521338717426        1.2575609490599868        1.0231858254012971        1.2545022155347880        1.0447729793638199        1.5656905787099247        1.2848797747068850        1.2405212967673769        1.2038516838965045        1.0699250734328594        1.2044381967928641        1.0527578488465124        1.0453875588098882     
  0.96687728641556636       0.99580861297811285       0.69836033884741189       0.88428286602094941       0.94321091213708574       0.99227027293527126       0.95245022327147977       0.95454900467921189       0.97004067441748987       0.89403069476849384       0.95890492302885677       0.94196395572459157       0.96343975953481786     
   1.2898684843556218        1.2878948922901128        1.0409562395458876        1.1779037877567591        1.2944824119549259        1.2925969586107988        1.2018472356154171        1.2400425037467282        1.0695144303234327        1.0827510027930620        1.0943069548039432        1.0063407522230563       0.99219641561613958     
  0.97753523649411500       0.99699637788557982       0.76646269054512195       0.91233312963498170       0.96207185458796585       0.99477682067780138       0.96824956549222374       0.97033325428661765       0.97675052081859770       0.90837208065275588       0.97229046013933185       0.96231307255591414       0.97614880640469259     
   1.1778622856802472        1.4964621437083858        1.0477647204547897        1.0361210429021521        1.3097733090219210        1.3094100776840321        1.1608689650932948        1.1658553785774062        1.4195086998284188        1.0036510423608567        1.1753901391256989        1.2420088217637861        1.1296911711885667     
  0.98904978133763088       0.99839127224393442       0.86489198375050869       0.95212245194502687       0.98093077389463879       0.99734896188774180       0.98381161320435828       0.98493178252025293       0.98687707075468312       0.93572509833443873       0.98581175403699772       0.98127189284580285       0.98803716291776666     
   1.3585744208907660        1.6571727117590094        1.0463214254127695        1.1279994689194246        1.1807681999265311        1.6461341762157371        1.1287829624729058        1.2336441218326519        1.1676007339530932        1.0576680489194636        1.0275620032606732        1.0335711705795048        1.0933008836769007     
   1.0000000000000000        1.0000000000000000        1.0000000000000000        1.0000000000000000        1.0000000000000000        1.0000000000000000        1.0000000000000000        1.0000000000000000        1.0000000000000000        1.0000000000000000        1.0000000000000000        1.0000000000000000        1.0000000000000000     
   1.2426152431445523        1.6358440954368145        1.0300464036479333        1.0704286435886525        1.3402400024529784        1.3588610267816190       0.97307790174426723        1.0830270239397100        1.1902580022775955       0.99167012614668693       0.92635371577393322        1.0680763115721099        1.1569432628373073     
   10.835722014600231        5.3612696994138522        8.6734398471054259        8.4366283361130918        1.3778505640179954        11.671658289333337      -0.72508140112088026        6.8445036966440354        5.1913367022653851        5.4101876237881514        6.6951790351772154        5.9160117421594318        2.1139765180929713     
   4.2413580240021540        11.595297646538762        1.5739110402183389        14.690476954291118       0.75901165071759702        1.5705580426897550        6.6279743087387200        2.7942509646672220        12.119054768021309        13.230654416296902        4.7903729063855947        17.285160618685826        3.8579485022198008     
   7.4026508653555450        12.612938118590247        12.134089176959030      -0.47034099415674696        9.0771224043641361        4.2690035715736148        3.2551617415482079        6.0152018781225003        2.9881893228514214        4.3966907565827746        12.338164248931344        3.3128474512411596        2.5797958639686707     
   1.5308845149503623        9.6888446841714586        5.7493721813035670        6.6908037015784778        1.2112310780735596      -0.67492554878265343        12.215242619359056        9.2991456871403742       -1.1928731122878027        4.1784401388679573        3.6972298630542157        4.0911371599418702      -0.79458380312559007     
   5.6569346400628682        12.002992469522653        6.0887782591685342       0.70912954446548881        5.7788488471120631      -0.71719588051697813        1.5351945345321449        3.9661245776936256        2.7508549476906028        4.3255478196758865        11.913438045143842        5.0982832671144447        16.791767621510630     
   3.1713891395768292        15.805114375837581        5.9429737404863729        1.5593752983237030        14.508396001664932       -5.6991674475257526        3.2497368392273667        5.0040891986899307        13.157926718430556        3.3098438882971974        3.6456192298864352        5.3641516500086466        5.3093439746476605     
   15.206609545482465        5.8822031019244285        8.2542463204474377        4.8893169588366252        5.3532186416988568        3.4596956325104768        10.837199061214932        4.4949307937397887        7.9413361872645778        6.0206679144059256       0.92130163334345716        2.2730254273321773        3.9751628195193045     
   1.0307963936539672        8.5722225862722166        8.4886344722294460        10.588877180618706        1.9110087530652686        21.137058376089524        4.0653134145331418        9.0578574441295014        9.0658549574302789        13.584146003711188        8.4488397857254292        5.5109383798814173        14.611005771705559     
  0.53382880844412395     
           1           1           1           1           1           1           1           1           1           1           1           1           1
  0.28358195692427296       0.10711823656334708       -2.8949060552146613E-004   8.9006713640222053        1.1968782915995497E-002   3.4024358810129183E-005
   4.1887357824351512E-003   3.2186063011845605E-003   1.1406334126551414E-003  0.28193484537723013        1.1396695909152441E-003   2.4698762889486538E-006
   1.9050870275756023E-002   7.4708857590720692     
