   0.0000000000000000        0.0000000000000000        0.0000000000000000        0.0000000000000000        0.0000000000000000        0.0000000000000000        0.0000000000000000        0.0000000000000000        0.0000000000000000        0.0000000000000000        0.0000000000000000        0.0000000000000000        0.0000000000000000     
  0.27447090777055555       0.60055160082006498        1.1847567700724387E-003   3.4583356628883788E-002   1.5464200633097325E-002   2.9624629763773240E-003   1.5840094735004154E-002   1.4060149012312244E-002  0.30676996138003337        6.0941494000382283E-002   7.7854721079070169E-002   1.0390239823671689E-002   1.3143704158055438E-002
   1.0310415089207854       0.94719818151784185        1.7267658157153465        1.2629291063094359        1.0930514768547253        1.4638819280428257        1.1931451413071956        1.1844672624548611       0.94719818151784185       0.94719818151784185        1.0910014600968825        1.3452242187653773        1.1169911273207993     
  0.30317331338904435       0.67620772331666523        2.3930787411860256E-003   6.9399638333195263E-002   3.0859026136547545E-002   6.0333631019999640E-003   3.1967420066807126E-002   2.8242712059364621E-002  0.45643843404103901        9.2200977423203295E-002  0.13189039553687421        1.7643726883127854E-002   2.6556959098118938E-002
   1.0750524436912110        1.0537877910399527        1.8743504379357456        1.3113839682890338        1.2348629098944477        1.5442043453274497        1.1182226981135013        1.2230812914347089        1.5335341723771845        1.0935573137381382        1.0844094999414051        1.3030406812786639        1.1334571144680823     
  0.32072673357108028       0.72301267867455743        3.6518728610009615E-003   8.9805493688551397E-002   4.5315515183765767E-002   8.9398779545031472E-003   4.9296951473772423E-002   4.1099899057340773E-002  0.49159946798550014       0.10986102347452402       0.16637679887650436        2.5611997850935909E-002   3.9707562538281407E-002
   1.2723124560091508        1.5564709411257009        1.8202246254312975        1.1055660249338721        1.1382670371221950        1.3079477424902783        1.2500538623493029        1.2636789582760424        1.2441977364079748        1.4016251042498784        1.3481772516480595        1.5105462914487999        1.0274286574409390     
  0.33369893347705903       0.74206306330345040        5.0715335482080254E-003  0.11276383499026855        6.0414701315109690E-002   1.1780159612152031E-002   6.6152150549802474E-002   5.5180967042415693E-002  0.52205099715841885       0.12026212673717884       0.19343498623875802        3.3712307148116273E-002   5.3748260391136178E-002
   1.2082913114000067        1.1939186629224021        1.9864329302677799        1.1087674543320312        1.1616807595416805        1.3339375995875169        1.2425603654176003        1.2129984648079708        1.2590925862544580        1.0799520365891457        1.3162569278101943        1.4157356010217621        1.1990047596239155     
  0.34647444783129350       0.75899903333072494        6.4487417740791021E-003  0.13840621569729525        7.5956844208584132E-002   1.4884928475352586E-002   8.2277905203859858E-002   7.1546541645913050E-002  0.54866632062093723       0.12841896869975722       0.21448112246835263        4.1555376088608452E-002   6.9153745631809968E-002
   1.3103123664160683        1.5592272952009389        1.4416082557816472        1.1914296936662643        1.0865590869195605        1.1980422200233167        1.2220413114505626        1.2610432990034643        1.2417648102323662        1.1211224769768100        1.3597073098133012        1.4389496342307173        1.1387675247917086     
  0.35784360548131217       0.77100684527070329        7.9983675455240627E-003  0.16309858137917038        9.1609143513076904E-002   1.8214937936857883E-002   9.9544804298398126E-002   8.8001977869799575E-002  0.57273164038641855       0.13635870101411735       0.23266550864917640        5.2225810647573215E-002   8.2979016538251918E-002
   1.2037958141299188        1.3063618536318391        1.3118807698249075        1.1050561245225825        1.2051508049502020        1.4428379026027056        1.2416576583358363        1.3212956246738645        1.3735715561879744        1.0507977873595908        1.3414984883949987        1.4529754998681321        1.1645709145619618     
  0.36996365757137889       0.78158234632176959        9.7654954698307601E-003  0.18539024963843251       0.10607024019578082        2.1650565169740465E-002  0.11639912431505769       0.10431852012276834       0.59230978655864475       0.14383190854950392       0.24992712376369003        6.3181030142500233E-002   9.4431987536865658E-002
   1.2484650137583631        1.1911675437545435        1.3217974494736118        1.3932310359164779        1.0595466150487629        1.1464665701352690        1.0772790813123954        1.2528009265281117        1.3681585355949257        1.1061406517895553        1.3037832375507905        1.5328545902997468        1.0040451082455593     
  0.38162889085396567       0.78799787198667537        1.1722255596778742E-002  0.20745468321778143       0.11883044118307451        2.5375876950061011E-002  0.13153187764779764       0.11921703164975912       0.60797130436774194       0.15180455017679059       0.26525376432811809        7.2634933476739258E-002  0.10438424210845690     
   1.2603111198329546        1.1778995068574312        1.3397216379528336        1.1297979703937568        1.0578307250617951        1.5062314468564255        1.2657454467419822        1.2169554599419274        1.0668027201080785        1.2894920650337556        1.2647643046007992        1.3141065363510422        1.0097597010182704     
  0.39329392380836792       0.79432906433355810        1.3883390684956125E-002  0.22691431137920942       0.13002523838864261        2.9508476478186482E-002  0.14456584251194132       0.13190252770961622       0.62213340192131383       0.15841483912434465       0.27613431494928176        8.2527025259635428E-002  0.11622096461435122     
   1.2128442566965967        1.1335252617787133        1.3438584253585020        1.3006564314616407       0.98823214707041651        1.3602583365566419        1.2920336576930036        1.0495903121590244        1.0898077134094355        1.2287312228931944        1.2238868470225803        1.3012660805065808        1.1211525014033319     
  0.40251287954108800       0.79990495395409045        1.6273568943775976E-002  0.24728765901712946       0.14139005659541340        3.3934454790477533E-002  0.15895203349137671       0.14531062303000547       0.63557102006963562       0.16396630643730739       0.28792297929938659        9.0985520652698895E-002  0.13252365337961086     
   1.0882646416780823        1.2765387970019040        1.2864165031782362        1.0527359405298116        1.1331376768779349        1.3162038584571569        1.2768752523690736        1.1623399344581067        1.2357488014790359        1.2364830935310607        1.2431242644869196        1.0906586480073510        1.2311544337818341     
  0.41156994067414215       0.80622101013933600        1.8808874931330582E-002  0.26973245706456983       0.15475941862470174        3.8167325392899153E-002  0.17559435390243444       0.16023490021869516       0.64852010447086295       0.16958176854668802       0.29702714052538803       0.10022747597660467       0.15006354647762302     
   1.1209558675526312        1.1308691541674367        1.2902847746913726        1.2155252951288860        1.1882648141748497        1.4068132736333221        1.2421185607798613        1.2616404063946112        1.2007232556586380        1.0390218706285748        1.2749464764249419        1.3988887953792459        1.2549265249680472     
  0.42075662031536987       0.81258915758007266        2.1457378167337688E-002  0.29018153478643255       0.16939303550815663        4.2550327730640665E-002  0.19180308811757255       0.17557796197205502       0.66102576702781046       0.17545451465805831       0.30656728477923273       0.11007902026851973       0.16975619374889875     
   1.0432135519543011        1.0902332689717895        1.3522117916655976        1.4994717787558633        1.1247673538941994        1.2903199847491831        1.1904539242261010        1.2104278457106190        1.1432115642546130        1.1927910960806782        1.2153910403898380        1.3602958584890836        1.4697968420227516     
  0.43166127352150446       0.81916663953307312        2.4809079579883379E-002  0.31043703793236849       0.18343978398039695        4.7039207350231954E-002  0.20692724710264276       0.19190634675284723       0.67120615841320841       0.18202592700551357       0.31763955110630704       0.12263180093259976       0.18657370293521117     
   1.0777759814425969        1.2003330248868227        1.2035140220054865        1.2240842211718139        1.3007807246328904        1.3193529700751905        1.2470978632115559        1.0894110576171769        1.1335232563938122        1.2945711418885484        1.1472496530450447        1.5438504987524531        1.2804158163231198     
  0.44186207070056754       0.82552353067818618        2.8363412569633560E-002  0.33125978018978347       0.19833917194050096        5.1863645064356881E-002  0.22211870144985296       0.20789320788658872       0.68171613015903010       0.18942673861478723       0.32925357957327434       0.13507434611626015       0.19999583935451856     
   1.1881547725219359        1.0197848377911334        1.1762758290143276        1.2187962214472230        1.2108707802360372        1.2912944914687696        1.2085065852788262        1.1931882988398603        1.1619561054158125        1.3201242813140597        1.1432325303062143        1.1909432396609005        1.1835037464630187     
  0.45208828891493275       0.83191313736183437        3.2364397603483093E-002  0.35265343882160066       0.21384859563764214        5.6789365906185607E-002  0.23802672763388391       0.22222867688414463       0.69315344731552453       0.19621915433129131       0.34185575539693169       0.14766008478035958       0.21346949061968101     
   1.1892734262621569        1.0415278787641598        1.2544470106625416        1.2108042537549217        1.3123113592853581        1.2619335364212614        1.2505849779665075        1.3299810959811049        1.1602569290242191        1.1823858573149926        1.1412664502729519        1.2184498884996611        1.1560317646473741     
  0.46271981934337519       0.83768030259154724        3.6653555021086554E-002  0.37178622909214171       0.23045745560708494        6.2076548611213478E-002  0.25146585583846903       0.23902554393254344       0.70402004423389830       0.20220068577871772       0.35402433400493660       0.15986775452648480       0.22605382856111292     
   1.2909873952969886        1.1407144374468146        1.2319605918589887        1.3478542099833364        1.2408651842291407        1.1363809460618204        1.2142575940481937        1.2390876161634670        1.2362319603465193        1.2688622136098846        1.3926522258037370        1.2175876295440016        1.0693452537114467     
  0.47465540028387987       0.84324204204708708        4.0953517240979696E-002  0.39205077363493668       0.24682485867853024        6.7837522759119778E-002  0.26456543792390824       0.25625290048570409       0.71461655979351557       0.20807271137709310       0.36653139596665063       0.17287273419122484       0.24104335471761842     
   1.4330807381010402        1.2549331726714561        1.2227491451269095        1.6788515383738851        1.1466960218136093        1.2712844527086344        1.1138681305716605        1.4019827150435744        1.2301369078453721        1.4513979925123666        1.1288316422664226        1.2622597360219558        1.2740042339471829     
  0.48645832614155682       0.84892834207758394        4.5354383249401518E-002  0.40757400934824628       0.26367498938201744        7.3905115073116784E-002  0.27761211096635857       0.27236179281058653       0.72443729683806724       0.21322084375798700       0.37987559162217061       0.18597087945583332       0.25775962296375143     
   1.3019676426375362        1.2083480436325051        1.1340807219953246        1.2068914614858561        1.2688469888525811        1.2744918170951232        1.1419699673471029        1.0622726422660433        1.0692373386797525        1.1517023026583957        1.1234357029217492        1.0554223052040947       0.98052981653279514     
  0.49704138808013543       0.85439883999546606        5.0116151750003869E-002  0.42353133540179017       0.28026033960629998        8.0177759395965068E-002  0.28991431835654763       0.28907522004643998       0.73316779338591787       0.21871071107846848       0.39500480629083079       0.19828932012761880       0.27452644718149427     
   1.2540342038917882        1.0507682795416391        1.1767209161153447        1.3998069494082774        1.2136320342693021        1.2279355456315646        1.1799742209887785        1.0500169902333192        1.0154067613547535        1.3230195982183339        1.2373788243046757        1.1228937526124600        1.1451961504445947     
  0.50741295396588670       0.85972344278186064        5.5190353972532233E-002  0.44033905417399122       0.29652591143824375        8.6708329072731141E-002  0.30199232015125926       0.30576508782757283       0.74175103086635452       0.22467505860722808       0.40918844388212300       0.21119346464564748       0.28877892133920002     
   1.2307598920172242        1.1486436391788237        1.0987593163193603        1.1475225863455301        1.2109688459524597        1.1426074122502736        1.0500520742524062        1.3284149250541464        1.3243043865120014        1.0095203056981681        1.2936128043024580        1.1463932322528956        1.0700692643721705     
  0.51724643780070279       0.86527055200902581        6.0711001749138023E-002  0.45686088224705251       0.31313446214475699        9.3797553761219551E-002  0.31527845414060574       0.32320161995537844       0.75086124869774384       0.23071356113902297       0.42388793998523955       0.22330606121466201       0.30617618137204339     
   1.0793464695490043        1.0654973149191165        1.2486940051026638        1.2968648824662519        1.2086319011285436        1.2407929750846043        1.2313858246390503        1.1810709378545285        1.0817335918091417        1.2246058875532766        1.1634314883640284        1.1530161319848196        1.1853722669720286     
  0.52711022053183509       0.87039351256001640        6.6416301084429127E-002  0.47359862959552956       0.33029891429308328       0.10206444234568846       0.33026060875871244       0.34038489793946763       0.75986217754933205       0.23723130603107889       0.43857990936201485       0.23714931239058559       0.32532185824844373     
   1.1862570001770281        1.5740710485753737        1.0490462631392667        1.3133398520331179        1.0767582463975232        1.0923641887491524        1.2851807615363375        1.1303311369166706        1.3713672692261543        1.3203713476549921        1.0521134435393291        1.0618659306801628        1.4085462327682698     
  0.53786437260103159       0.87548715098468788        7.1721156159510357E-002  0.48932014102705501       0.34780188416707453       0.11007409130789944       0.34563870013244713       0.35694644570166489       0.76714813483594368       0.24350367561803307       0.45219096632779521       0.25156532829765343       0.34320117667044353     
   1.2568528394055489        1.2828386281234960        1.1167462665334826        1.3014384910626724        1.4531271846438834        1.1779099812910816        1.4852525770926792        1.1437129739691059        1.1951063700198614        1.3317152780434711        1.1399883976452392        1.2024924944407873        1.2773432080412872     
  0.54828372552325855       0.88033679016981681        7.7908881151140474E-002  0.50401178128171653       0.36519412264377771       0.11770076875924272       0.36153297564869152       0.37401667203474315       0.77480259601782864       0.24948869398853865       0.46614651684946184       0.26504542472465087       0.36038250120850851     
   1.0990618115729611        1.0207126964979456        1.0603132749595070        1.1283609266637147        1.3260097553890966        1.2827352274924728        1.1657212583806615        1.2620237840032931        1.0945123684411686        1.2086403644857273        1.2079860008759029        1.2563030711255516        1.1204216256628998     
  0.55739161207839605       0.88512163078421791        8.4456269534079434E-002  0.51822967710316636       0.38257090834120128       0.12475702647369008       0.37855148684399093       0.38947782513965989       0.78249484344693876       0.25567295052717509       0.48036306803519402       0.27858555316332168       0.37518909839458292     
   1.1041781805234285        1.2180176003206897        1.1267507341976537        1.1861807389047505        1.5289059285992741        1.1623683884169194        1.2783248839982500        1.2744436685324383        1.1771292008011027        1.0198982413105000        1.2905717538840082        1.1028809118839908        1.3494253936111271     
  0.56763082592211078       0.88969494013796757        9.1786128847258827E-002  0.53234086915291656       0.40019094658174958       0.13267703020077579       0.39591350774877876       0.40516204344143242       0.78998485167890198       0.26170866119496511       0.49604655529842312       0.29312278753742871       0.38921656026816992     
   1.0662620567688148        1.1561176803696265        1.1990919241163029        1.0231538488544603        1.2571906052178001        1.2038966048976638        1.2472530452986741        1.0360639214078649        1.2501590152087572        1.2272186553101132        1.3704257906167641        1.1451310205028933        1.3177415020495080     
  0.57802941229672800       0.89420584337234776       0.10196956158626089       0.54632008282995470       0.41683316132612525       0.14237325587258318       0.41351881825672354       0.42112555988688882       0.79732903593230275       0.26799322256350233       0.51230055296484289       0.30969597041668390       0.40404751683329182     
   1.1529717557204244        1.2448793858471510        1.3364412002612427        1.2108386194836718        1.3079987952999281        1.2361340749630656        1.0852420317482263        1.3680520519702710        1.2102907077847616        1.2688901024760142        1.0809944796951692        1.0561129233600555        1.0992289349678739     
  0.58854537958660269       0.89864526543740231       0.11261120399495524       0.55950006034423538       0.43250345516223454       0.15250848012420187       0.43002682143078591       0.43736348146637521       0.80441906927812357       0.27427848783206504       0.52798382594012083       0.32733998693748206       0.41887753317595089     
   1.1189116012675810        1.1762036164022978        1.2815562283813358        1.3594725211058662        1.2370689732338478        1.3854035373640590        1.0616509021946683        1.1379879805758764        1.1735110703321505        1.1643062322991635        1.2841355299229182        1.3545041951384149        1.2645494843539766     
  0.59924213005985694       0.90291483658544935       0.12418080279443505       0.57259360190522679       0.44877139385307036       0.16270464931314552       0.44515812386703069       0.45374323247053033       0.81107755273110860       0.28092519668351362       0.54391245659427445       0.34598754514910057       0.43396660655841279     
   1.3017648522973106        1.0859015385323414        1.3934188929911147        1.2163294638562911        1.1384330751286342        1.1553951270834899        1.1997694729035921        1.1359949664101070        1.2326603051805569        1.4715350130961540        1.1924865255615640        1.3620431161859847        1.2555953825733495     
  0.61034361210108645       0.90693467413614837       0.13576928206759870       0.58593926095877824       0.46411697679100239       0.17400898708529453       0.45907947359379486       0.46967295131953229       0.81763630147133182       0.28789807455503907       0.56062189034760335       0.36525963930888894       0.44909391876289090     
   1.1614428108337986        1.1051775940911008        1.1693663391221298        1.2334742991074330        1.1161358094495395        1.2200831456396839        1.2212936448011005        1.2640501645672693        1.1963733104364067        1.2147346776438317        1.1149301231467008        1.2420098140007887        1.2192933342460042     
  0.62223731002777083       0.91022669093054642       0.14800741788330002       0.59988604954783764       0.47839551766325317       0.18659125009153799       0.47145301435123738       0.48493879834147963       0.82408840461384802       0.29509341814981443       0.57790779019335392       0.38492429851736876       0.46272560271565560     
   1.2479702493577454        1.2115492617406622        1.1467063823377637        1.3687122241990457        1.1776638588672212        1.2192128490075012        1.0458917540255610        1.2484048379871919        1.1877740110352986        1.2569027808201250        1.3285662141001742        1.3938782843071309        1.1055589344437424     
  0.63395352696108120       0.91301045557459626       0.16044326090812966       0.61469898169800874       0.49083210249567738       0.19946541354955882       0.48463263400283424       0.50042469330097283       0.83016112164857625       0.30226300387315808       0.59643741182043275       0.40501616542878172       0.47673920487321941     
   1.2712635976874531        1.1319125012723474        1.0725988852459012        1.0780631568106955        1.0261988571386853        1.1001889157673190        1.2207937758273915        1.1326024881325105        1.1082937709821601        1.2067772835693105        1.2386851909307703        1.2961794222869716        1.2647690885079579     
  0.64443957441651389       0.91565614426413733       0.17384072879344759       0.62941257694376640       0.50593915706763026       0.21241715304711731       0.49841347387103907       0.51603908986688241       0.83655339331719214       0.30924488947386747       0.61453100042604880       0.42411347934342847       0.49144603401856696     
   1.0858243892540926        1.0732011564185462        1.0383716300467376        1.1576357787656406        1.2886395923805412        1.4306617606224825        1.2443024411176693        1.1993190209648172        1.2423707651739808        1.2432958266533265        1.3213651792194363        1.1989997518413793        1.2120814559526023     
  0.65293543983153746       0.91845067659784996       0.18776980576632549       0.64395894238799467       0.52311090699079599       0.22536366282628231       0.51268908775082778       0.53190298266813174       0.84286337987833349       0.31619061917559493       0.63108967759074985       0.44191298961811187       0.50599745285011599     
   1.2907411096979251        1.1371374111463248        1.0900306423860531        1.1523268057580696        1.2717260918456192        1.1196563754732045        1.1423051469788876        1.4358783229460739        1.2110489008776391        1.3036110584425782        1.1438484491388039        1.1864394637288329        1.4385558579926285     
  0.66156538455741154       0.92174485733953437       0.20296303341897573       0.65843741105406373       0.53975146095271531       0.23810913930807853       0.52523478595861162       0.54711154631585335       0.84910572733311762       0.32297207245765225       0.64617080684234118       0.45981868335558235       0.52164817038773170     
   1.1292042352014982        1.1446721360935168        1.1859526812285306        1.1933406932615265        1.1590749125289825        1.0938357550523723        1.1052319605522858        1.1672060454579187        1.1816156795683617        1.1178763374908403        1.1320066742726154        1.0721515820093601        1.2717874069463175     
  0.67041322775883661       0.92503240789878327       0.21685780189889983       0.67236488537914008       0.55594624493156730       0.25184352249949504       0.53646137947524097       0.56232058273849406       0.85532268599934491       0.32980215472735225       0.66151537542688277       0.47543675777442862       0.53842171962432528     
   1.1131572334988793        1.2814207926933436        1.2681492380383645        1.0972647973823604        1.2577311134645581        1.2314865408873852        1.1639030391282934        1.0865833066044641        1.3530703571471667        1.2075147351052145        1.1101685167238282        1.1204694765521497        1.4957444014699757     
  0.67942325026507522       0.92785592069980372       0.23196740756907105       0.68637670930526862       0.57241547073664867       0.26729056416151226       0.55237518919818507       0.57646430303816787       0.86146999137165814       0.33637268422394201       0.67683055542713388       0.49166822222814094       0.55194253469786259     
   1.1882321429969076        1.2980944881178704        1.0796745447469269        1.2039572326211547        1.1976555058133800        1.1718492899871977        1.1946680125448401        1.2393353714281974        1.1540181903003277        1.1033610424793545        1.1075828489444139        1.0827904612120127        1.3440157164492261     
  0.69071814950192889       0.93077423575965224       0.24885677207871387       0.70097177545021327       0.58800336767929640       0.28277118996507788       0.56901950456192985       0.59172683236691881       0.86756412569242369       0.34288265754723207       0.69443994683303556       0.50803156524168636       0.56501114542538922     
   1.1505612209547897        1.0906770294449957        1.2146183380359314        1.3621741970339543        1.2384813065747737        1.1926730687478573        1.1820752091864561        1.1344723241509156        1.2501354255151911        1.0176594919572721        1.1017693064538412        1.3129136985468985        1.2425107826834809     
  0.70275411177995650       0.93371742125568669       0.26712355282167494       0.71507699764209121       0.60405155451410153       0.29791879141030636       0.58568120078393693       0.60567394078224979       0.87350261911297078       0.34976186893562278       0.71281898679507583       0.52463380445129804       0.58009679795288116     
   1.2494329992412780        1.1027047118049469        1.1801922694033196        1.1782537096382728        1.1610905833071310        1.1521790972200461        1.3513830505837465        1.2561763381167743        1.1087367979736380        1.1449501634240595        1.3218454511959707       0.98706876158043266        1.2691394169987489     
  0.71416807163785723       0.93699804562606914       0.28593317870628687       0.72809220575838696       0.62102873225372046       0.31347021138071968       0.60154387272959098       0.61946187389254515       0.87909908085567345       0.35753264360823794       0.72968749701223146       0.54149448166219794       0.59351279346652375     
   1.1532064318576973        1.1437248163237395        1.0170387143768664        1.0693026417075004        1.2492373844289131        1.2613034658654785        1.1376264453048262        1.2742543052515247        1.3184648884865526        1.2433649397177051        1.2348307249860300        1.2776911031095968        1.2720926337669924     
  0.72628218960660107       0.94024170005678476       0.30499108961572019       0.74039303334033801       0.63656644689020370       0.32995312419622941       0.61645452712740079       0.63387749843536867       0.88457089335614358       0.36631750475178959       0.74592006913454290       0.55873480816939913       0.60747722959731243     
   1.2196937421348175        1.1406368508727873        1.1669064626623158        1.4739934870430973        1.3287494525262666        1.0449243953687417        1.4561603254803324        1.1438109607535485        1.1739953534462169        1.2394506678390826        1.4625249651622176        1.1027364782768878        1.1381701600553265     
  0.73870016183561615       0.94322109541661592       0.32506323805093978       0.75174902037561409       0.64984615067975293       0.34684162588516021       0.63226655855248548       0.65048142390763841       0.89001353369362080       0.37522818032392369       0.76216421638248055       0.57664541801428626       0.62109382304897054     
   1.2480546538570092        1.1056550919240082        1.2355357345160449        1.1659881455276457        1.0739648306889762       0.99847005806174349        1.3472916398801074        1.2962527415426817        1.2363003883714530        1.3266036875676834        1.0814064386435167        1.1881432920994961        1.0578807055527162     
  0.75097044202220031       0.94604589496374603       0.34750139101981486       0.76306435208614554       0.66313419666355211       0.36645926158701941       0.64796000468517967       0.66730441223264414       0.89548096521562126       0.38443738495256324       0.77846122149456598       0.59454290557332001       0.63627395502370032     
   1.4365515238718012        1.0977057472343277        1.0633122473030476        1.4385876518933371        1.1400567979618597        1.1400961621544015        1.1608374356486719        1.1257905052125792        1.2218755131194170        1.3763483067115403        1.1509922948883289        1.2228189000418006        1.6004713774643800     
  0.76284568649680806       0.94921893146938952       0.37086170770715138       0.77619461248767885       0.67476966203944300       0.38722068510553526       0.66418725294604575       0.68371258992768991       0.90102705659430060       0.39376991638666659       0.79391220771223681       0.61199703953877149       0.65440834266810832     
   1.1996952557656257        1.3540339973662547       0.98058071385693013        1.1583634014833708        1.1091622405605377        1.2960860407317953        1.1139634432053278        1.3107138234274245        1.4037977105707464        1.1785903995844920        1.1330862043648720        1.3552988570279298        1.4164601825590029     
  0.77498314674131374       0.95261580780645017       0.39454951550150064       0.78945296652989860       0.68903028068098626       0.40948076479553053       0.68064735868711979       0.70055288684675365       0.90582915392326468       0.40377173300200636       0.80877546670231093       0.62898211259228776       0.67333028940644479     
   1.3422964302927498        1.3866135056192421        1.0655581529510811        1.3248044705042736        1.1509528534592632        1.2868492794041515        1.1644089313319435        1.2093074606321141        1.2451278577585101        1.3849681957502218        1.1322136841998784        1.1857834831646104        1.2036010571230893     
  0.78771081604424986       0.95594454668225715       0.41896624686426376       0.80273984894541750       0.70720824488737144       0.43208312144929123       0.69772817181204416       0.71900260386828285       0.91078110720192684       0.41420999087015392       0.82328812338866897       0.64557576444177522       0.69248641832335367     
   1.3451162215045069        1.2618219453988817        1.1290359341193477        1.0958454624160829        1.5126748382881032        1.2926328726472753        1.1078352060372072        1.3213711839631184        1.1981647558209521        1.5001213201441477        1.3491026749392199        1.1762182336285445        1.3695120071923956     
  0.80079665131728306       0.95913567756960383       0.44351544729583925       0.81595293275543124       0.72584929514783725       0.45515905289941555       0.71637626176533131       0.73641295231026149       0.91526764694608009       0.42541865136331219       0.83660948728289630       0.66259491174614160       0.71158884287959701     
   1.2408996124517204        1.3231617863194389        1.0820575890107884        1.1414259291053046        1.2835162677080263        1.1969275648723969        1.4040133609932364        1.0951067146570430        1.1691506217153895        1.1800724517388983        1.0719134713952898        1.1500204921848776        1.3960211349864882     
  0.81362155676646208       0.96217414060979478       0.46889783865917500       0.82752567810091171       0.74390602578764153       0.47856567879468792       0.73528581897684342       0.75252228433667867       0.91977487781418188       0.43728410639039261       0.84837706008036395       0.67764645880789132       0.72947853187645539     
   1.2427877210935543        1.3117875235176462        1.1552188010446329        1.1959374743039919        1.1982995068620126        1.2016605705318699        1.2758114147403132        1.3333008273760583        1.2351384123579923        1.2980799726862440        1.2022206241730573        1.2455901216875669        1.2254136958492274     
  0.82616464865650752       0.96506299784298366       0.49774665245734773       0.83736535766156195       0.76112249834624668       0.50252159368239291       0.75272290614299586       0.76880314462071697       0.92437306111356954       0.44866862643887673       0.86050610398260208       0.69204256551491727       0.74719428746389671     
   1.2596788915910784        1.3555419675782361        1.3840103920200229        1.3154282121678877        1.3385720047535470        1.1608245720853165        1.2624189697554959        1.3337580975287973        1.2103262050301402        1.2573100821983996        1.1982304432376023        1.1992584016202861        1.3682424608644783     
  0.83883783214878793       0.96782624160645381       0.52645864545289978       0.84768466040453894       0.77555732543183631       0.52735127373030322       0.76952749677005328       0.78490592001856985       0.92907817768606871       0.46054899683916251       0.87207636468063210       0.70669189528734322       0.76533779027314652     
   1.2910248219482889        1.3095010600332495        1.2798978533785705        1.0387119112572807        1.2132588845091541        1.1827316952045839        1.1993742482462917        1.1744568206441772        1.1325048551474866        1.2382560234292355        1.2761720460516071        1.2279885799544197        1.1431800504377994     
  0.85117747944021860       0.97039439333259669       0.55595147636900877       0.85793903666933891       0.78861492098059816       0.55514692989620662       0.78633068155631303       0.80139976054922157       0.93379914470756487       0.47261853051257197       0.88393060893458197       0.72270584231364099       0.78350026903863290     
   1.3053779874774780        1.1718729944349395        1.0788673265339570        1.2104026190845403        1.1604515181040906        1.2275286218307664        1.0917063138683363        1.5531155795872962        1.2420873212312205        1.1856343569480818        1.1304771241595475        1.0039648618272872        1.0679649354431364     
  0.86353664660568741       0.97255864956856986       0.58879972848299289       0.86988830804484762       0.80152259910250456       0.58552145662005639       0.80265241969193857       0.81706017309131673       0.93845340303583435       0.48605335362560015       0.89442758503265940       0.74133533415867303       0.80168478795346676     
   1.1097183340705441        1.2734423514365758        1.0823572730175763        1.2619480344806677        1.1975344406200510        1.2308386064049608        1.2469511554922428        1.2013276797029941        1.3161518730451589        1.1574785205202884        1.0678630583619897        1.2062032994986214        1.2599923234929655     
  0.87488771483610772       0.97488922672333012       0.62141033122328837       0.88129660734967585       0.81528747588708905       0.61343005149587604       0.81974350358775327       0.83175692525100020       0.94300456657702236       0.49912812227147935       0.90301737897563938       0.76114279271382645       0.81964969713836267     
   1.2070653562614624        1.2435976351896418        1.0458064461415328        1.2421019817914969        1.1011606581108029        1.1002970787724171        1.1164456017885647        1.4136233385342198        1.2426005882511315        1.2195242333043437        1.1986067326316707        1.0990604199680492        1.4028391936627262     
  0.88634982127912787       0.97736266766970759       0.65546110029369664       0.89269042968995227       0.83070475346459760       0.63911083921154233       0.83713603856259877       0.84715484285631293       0.94755763033032048       0.51196573098308473       0.91188334622479139       0.78124173881762937       0.83667933733310285     
   1.4441622696398182        1.2198535235806207        1.0631303037306190        1.1169681417486319        1.1545216482017913        1.1022071491191758        1.2222505709398384        1.2152000246092354        1.1379952554951900        1.3713414532352350        1.1989656796682295        1.1616865212766057        1.1284821423294877     
  0.89743474877681972       0.97981804181297272       0.69112525594829921       0.90424990275012085       0.84711126006787474       0.66492350812444023       0.85470108675375067       0.85902369686480118       0.95179765845058517       0.52461626887446877       0.92062553932139479       0.80052949833641973       0.85293880333137539     
   1.3858759364771416        1.2213395683526120        1.1889049878235587        1.2080428325008441        1.1476630182607679       0.96575719971745344        1.1291020861955032        1.3233265903528855        1.3338846376762228        1.1646700645690578        1.2527540779675805        1.2062644658950969        1.1268117884442317     
  0.90854560611247326       0.98223754140479425       0.72989183450513206       0.91468244176546554       0.86362502404602925       0.69426692609846263       0.87204742253474465       0.87255012954272770       0.95563976809738738       0.53604659842196256       0.93049878243874851       0.81820138374271034       0.86876813075962378     
   1.1445429964346447        1.3748050047192224        1.1125686240245762        1.0668453836366378        1.2233509863193039        1.2712120659511490        1.2488473087339558        1.0406306383110691        1.0436161254800540        1.1493034292077133        1.2856707117481694        1.0383623794539905        1.1460413245909651     
  0.91970739935246326       0.98471252221322902       0.76704797227606802       0.92444131871139068       0.88040300308082065       0.72484204744876846       0.88820996555169462       0.88878133868070930       0.95929226779366794       0.55320565839137081       0.94052407649421810       0.83909021175338905       0.88548504543345963     
   1.3581578362793982        1.1912428239273070        1.1928367660337909        1.1126673878894280        1.6145257039446947       0.98190622119030979        1.1109773713007371        1.3713674708260994        1.3040572138972695        1.2659072159051612        1.4790141675084201        1.1651892836345064        1.1933324248461934     
  0.93109400893599914       0.98709270003836880       0.80359988087144174       0.93467659617064180       0.89698519798997933       0.75383343836069361       0.90582809954318677       0.90543707191524359       0.96256539194901480       0.57061542586597247       0.95112995850985016       0.85908273123383894       0.90188198616113702     
   1.3801814063324467        1.2662453382198837        1.2824631384522263        1.0928169584698282        1.2412301510823420        1.1124641602058780        1.3278163577944839        1.1409088673389884        1.1236367784598646        1.1427040784349287        1.2063290655468979        1.0944287045290486        1.1732394966752453     
  0.94205813069468758       0.98922753735607405       0.83852013754291344       0.94579918804754803       0.91366898664057028       0.78460048552205808       0.92034104152187612       0.92216398337649796       0.96526273512007987       0.59858006281108400       0.96123322332607342       0.88117820810241121       0.91686456813484896     
   1.3339698698654414        1.3498689117486371        1.0118033679595377        1.0617198564594732        1.2400052588995407        1.0486631158263857        1.1059327304889230        1.2460376565159998        1.1600649170551947        1.4598644901233284        1.1997257151762415        1.0757299715121920        1.1602416715298465     
  0.95253205176387079       0.99131906870790398       0.87334878860941645       0.95685817539707341       0.92998134777211527       0.81807708122017520       0.93582887440876716       0.93834828370040169       0.96905588930169850       0.62600019772901139       0.96917558942561977       0.90241820063584455       0.93183669043270601     
   1.1477409053777030        1.1204445558620213        1.1916376526589101        1.3428898907804323        1.2473518384979119        1.0370808942267202        1.2780704046197433        1.0961340392669847        1.1424157999002975        1.1265545694248871        1.1867116521869925        1.1074382384132437        1.1228641133690587     
  0.96508226633854544       0.99323116971743197       0.90799207371314994       0.96760738105468946       0.94659951541338117       0.85778111898421772       0.95041524840146452       0.95400977820275557       0.97380132452818124       0.66644808604234806       0.97643888323950945       0.92661447121277296       0.94758879294522891     
   1.1323877851702657        1.4113938418108596        1.1860833375011286        1.2771248080993454        1.1729888732047953        1.1332531941528992        1.4055283164473924        1.0914459184881451        1.4261903143477719        1.2555107451858580        1.0554304553070291        1.0781273238619185        1.1748340876198378     
  0.97786233057388028       0.99518039630411892       0.94064263859305675       0.97765101815227173       0.96355571207828683       0.90564427992784746       0.96545965959858038       0.96908994129798742       0.97962576748890207       0.71123813847916828       0.98367959084092982       0.94968687444768718       0.96564013069091004     
   1.0914289658313316        1.1192564329020476        1.1350974092411279        1.0893324116915566        1.2381493736942946        1.1277512166477335        1.2788066222831460        1.0673087136782144        1.3245065238889935        1.2496101903095631        1.2369260838734082        1.1259457075208137        1.0512915486725956     
  0.98872223968925554       0.99745003860866854       0.97078401228321876       0.98906271161117831       0.98153157036695060       0.95326468810328513       0.98318930199921573       0.98476778970322754       0.99015724584376008       0.81970595669614543       0.99085411929613298       0.97518708261322273       0.98263115894861430     
   1.2358466101697394        1.5979740728209739        1.1167647240978893        1.1447574378093663        1.4774669331954904        1.1756002484663488        1.3961366380555067        1.1096761682118188        1.5022899692262091        1.1029182492259368        1.4246517523291704        1.2922387882590540        1.2751170773859648     
   1.0000000000000000        1.0000000000000000        1.0000000000000000        1.0000000000000000        1.0000000000000000        1.0000000000000000        1.0000000000000000        1.0000000000000000        1.0000000000000000        1.0000000000000000        1.0000000000000000        1.0000000000000000        1.0000000000000000     
   1.2290098733884420        1.5972976752022414        1.2429788599385354        1.0905445246511292        1.2363760289282797        1.2056188470152696        1.2348851618370578        1.1754477472762517        1.1626760608393132       0.97824695600876566        1.1977470328314515        1.1513217712138994        1.2864467584561863     
   6.8887738553118263        7.6537731354641547        12.540067149864656        9.1110730012203263        8.3828815374893217        20.796397185085997        18.774961784218124        10.234740901953083       -3.3202344892097724        9.5616049635937177      -0.48548430910060797        15.305087922751374        5.4226245442101071     
   7.6035268287778726        7.7688650867662892        4.1679363337147564        10.409577329039063        9.0932254092920139        5.5558437397052733        6.9321207604367938        7.2751154293116445        18.439048145608634        9.8174299751424723       -1.4930322753776843        4.1985263236015387        9.1959991720963377     
   5.2110937176776089        16.411718750638929        6.5793178502773646       0.47174192582924368        8.8748274570132928        4.5751076304955411        7.8834557354224426        11.175220620053057        13.741343151161804        2.4532084915842951        5.9422508985218032        3.7770586221748568       -10.075578415646069     
   13.309711189182588        4.3481726282064743        11.413383318118196        9.6540331301824729        11.273008623161289        4.5981669337405071        5.9946474919511576        15.299359537933439        9.0930170996150039        14.383198881129459        9.5383805911372370        1.6812996161169058        13.288269937059814     
   6.3666846826640331        12.192981895204174        15.447405226831197        6.0083610909155203       -3.6031012406599725       -6.5072034336921512        12.577395718940950        6.1496731397980886        6.8164289439723014        3.6593357067459840        12.977292050245589        10.458366988729034        2.8058984043262569     
   12.191121441028026        8.7141848268445390        1.2711616867129212        10.407449372552430        7.7069013055583842        9.2194625331662259        3.8464111942930637        1.1384685372533467        12.915218643091567        7.4288763409659024        7.4192481849943581        8.9462991285411348        8.9571389907885628     
   4.2023188339875457        10.933020407684518       -3.0826775296994984        11.517337579814633        10.326405037237132        7.5303355770512850        3.3628134137068932       -1.1074711237010184        7.8633792957066415        2.8497660345234754        5.7663740533438634        10.935411630049851        3.6806934013875114     
   4.6735070434804618        8.7363228913850559        7.3924190996177623        7.7773247304782505        9.4107153477144916       -15.494191279183724        8.2777836796596489        4.5763124088467855        8.4060406037931052        13.109933202515325        8.6234167408494606        4.9263885473687319        16.714070408993493     
  0.33384962461391260     
           1           1           1           1           1           1           1           1           1           1           1           1           1
  0.45824808948331663       0.14243108082504100       -1.0430455479994497E-003   6.4379441399633111        1.9312276457469219E-002   1.3235389190866474E-005
   6.9332983388922043E-003   6.8319314070114899E-003   2.6956052217152150E-003  0.66868050656171607        2.6946260690831250E-003   1.5110656469925970E-006
   5.0000000000000001E-003   8.3004022011057863     
