   0.0000000000000000        0.0000000000000000        0.0000000000000000        0.0000000000000000        0.0000000000000000        0.0000000000000000        0.0000000000000000        0.0000000000000000        0.0000000000000000        0.0000000000000000        0.0000000000000000        0.0000000000000000        0.0000000000000000     
  0.12533569054075921       0.18728905534708817        2.8692440714504506E-003   6.0083584497521297E-003   1.7394417456564837E-002   4.8744405831635911E-002   1.6320809407067236E-002   1.6247591783864666E-002  0.41432831159595201       0.13458298181707196        6.1388708210962546E-002   1.7404042167802811E-002   1.6641842614277647E-002
  0.66911319201810759       0.53875810294823534        1.1995441316055522       0.69233306819455043       0.62480274282180470       0.67093097341621977       0.75926478565497357       0.72071596296475537       0.58303230380841065       0.56613606942940997       0.74936480284998619       0.62701269793207737       0.72672904360308888     
  0.20726612878851067       0.31936321431567394        5.7770784902673586E-003   1.2177421165523067E-002   3.4743466399379058E-002   9.6803630043328745E-002   3.3231623202881588E-002   3.3176032598200511E-002  0.55442251520963315       0.20234303062771000       0.10436430352309266        3.5592250816758687E-002   3.2688568158730308E-002
  0.86608480874003202       0.65636330454880765       0.98479748258490341       0.77211089245318043       0.69588108385571013       0.61503368746597420       0.73695113957708958       0.69021062299208635       0.84381173122614450       0.66743719858373141       0.60171142281140133       0.86811005428215671       0.86991270928667386     
  0.25835390781119033       0.39036720153524040        8.7333827421775135E-003   1.8585482089985249E-002   5.1160920860615272E-002  0.13582170666057880        5.0261874828895041E-002   5.0659703317938995E-002  0.61486347703662336       0.23833009467173066       0.13612334661057107        4.9339063597933719E-002   4.8328306568369714E-002
   1.1125683632495849       0.65483066028155945       0.92381330646454995       0.69207451976081802       0.79663947451551353       0.58136859673277108       0.67643540686129977       0.72376675880661756       0.62604496403217291       0.68078689855109875       0.59938534753194328       0.78535257056035956       0.74704313103907016     
  0.29992070314696584       0.44205664220548885        1.1638174637408809E-002   2.4961258142886938E-002   6.7758768063136549E-002  0.17512728436060876        6.7854398716666792E-002   6.9589860861814026E-002  0.66219742073742038       0.26314368393583581       0.16571805409468135        6.1568016422843271E-002   6.4009571560704234E-002
  0.63471273126417116       0.54415375495032348       0.88917623602268347       0.72402489325948038       0.74743103642577713       0.64306723833032808       0.70365506168492242       0.72601382001344494       0.82001728523886919       0.66377569466584418       0.67141395003315008       0.77965685360304882       0.79878531152287824     
  0.33236009595761251       0.47785114766330711        1.4477097796758143E-002   3.2350398676043605E-002   8.3508520063928296E-002  0.20651767410044880        8.4752275915500885E-002   8.6308835585668403E-002  0.69718661981831431       0.28286909109617453       0.18407308435536235        7.5033605614827859E-002   8.0363816763960788E-002
  0.71527945988236774       0.67539933854949019       0.84049261100323058       0.78544537186815266       0.65477496354682785       0.66113985215139370       0.69423002972381476       0.73021344983411574       0.69749300265621039       0.80041541228644897       0.57862365692321793       0.86046989430090803       0.79127736023430661     
  0.35911093789350634       0.51211507375617582        1.7582044995377997E-002   4.0773910718664472E-002   9.9235937981843353E-002  0.23966376288628966       0.10012006709141415       0.10190428739549716       0.72844668479099339       0.30052661557443128       0.20114867895234792        8.8994826685919709E-002   9.7192182907554131E-002
  0.77460039100025224       0.75715267233931660       0.77387806488938227       0.65495888784589218       0.65731588147374342       0.64820044542015409       0.75345788143705117       0.72345362217808595       0.73602269692136091       0.70799025470947585       0.66056255260520247       0.72425784276842076       0.71069676817107263     
  0.38137717144898825       0.54272758054257497        2.0686296676620999E-002   4.9730295693525897E-002  0.11427618681661686       0.27178607429800022       0.11487907009679696       0.11766609645407465       0.74942392766778720       0.31643562798442398       0.21495670296737068       0.10233228075807216       0.11426387705747421     
  0.61721504214036205       0.55134385700462385       0.77342816189566443       0.67012908260599091       0.72531861738377823       0.68259171531398843       0.64178742682849887       0.63718502199394256       0.63389485910495158       0.82458093666134324       0.67004900807296985       0.76492446104111889       0.67789038755035680     
  0.40140165969140662       0.56657488903126141        2.4110007020162218E-002   5.9197330097357344E-002  0.12800991778259968       0.30510134781679982       0.12942150889310630       0.13402091346103445       0.76692141845635353       0.33092994361449385       0.22798432653824685       0.11489120969996622       0.13082448710384428     
  0.61693524447030668       0.62661983857974091       0.71745933422658781       0.87219430350743166       0.69118572174461534       0.76953824011828953       0.62329820905091848       0.74098691221338076       0.64020463903307134       0.70861145528275427       0.65330245031517797       0.74471510378456185       0.69704427120789791     
  0.41900557533876809       0.58843399445610034        2.7684010575634552E-002   6.8025606070990896E-002  0.14073253691139700       0.33337999796312756       0.14506885205182032       0.14833471011651633       0.78186530785009145       0.34140872951274531       0.23986888822979677       0.12743360599734110       0.14698428389751136     
  0.73160672357035716       0.71489557932882775       0.71485149035808093       0.63490470357683404       0.65254919652414789       0.67209315851538431       0.73975126663580115       0.66974118262975191       0.61191950739389922       0.71592235418761141       0.68594952084515604       0.85896105792278621       0.80118230259777501     
  0.43543691635033338       0.61013586198616654        3.1296809854186362E-002   7.7090760182261034E-002  0.15497099148334478       0.36043635597299678       0.16125196731390543       0.16138271567075768       0.79580868319369347       0.35199710939003193       0.25007277003793699       0.14566106567293785       0.16297618454068297     
  0.56693723817771657       0.62722273921578764       0.61089881601777818       0.77986411603688910       0.59166259976295854       0.64479913330424010       0.77553945946427683       0.71080953346517195       0.59517169982314089       0.66420137260938583       0.73923313858371476       0.85584081710646021       0.65489564917769183     
  0.45202759718263935       0.63054654895303996        3.4828879791132014E-002   8.6123755109534447E-002  0.16939036582488967       0.38418353859190052       0.17567942697545078       0.17712223427166818       0.80858312003540411       0.36384361578777769       0.25944528980729858       0.16379439574071350       0.17879472256876583     
  0.73866040190017856       0.76018665543147435       0.68067771554300738       0.62152357272553960       0.62614488680440450       0.71388770933657242       0.65102070992384065       0.70679289813490043       0.86555783891055460       0.63221133131685603       0.67493343908024606       0.74548517405721360       0.63148003679130271     
  0.46864309760580070       0.65007495206193167        3.8163602743706899E-002   9.5997067734200844E-002  0.18285860305953927       0.40729533851550809       0.18801065295142524       0.19319269108924883       0.82056494700595284       0.37573232484688840       0.26859212743711292       0.18034393462086590       0.19585610445905988     
  0.58724875232257878       0.73094031365593959       0.71396606580586330       0.69357724366430473       0.66951575740115521       0.67731647367529568       0.80648246567123372       0.64408738909691254       0.66179022444948488       0.79946207900615629       0.68205410085344076       0.67950149892801492       0.68068079446863516     
  0.48482355171803665       0.66761303257882565        4.1776147136938488E-002  0.10673589903843907       0.19676704492430100       0.42478425438093731       0.20433761898716502       0.20856614612934166       0.83112448312041265       0.38474395041873238       0.27774937597373067       0.19570410802592592       0.21306522909936532     
  0.67360327208623283       0.79578778331212463       0.65981048097230877       0.61365610039516250       0.69917376696433997       0.75371221916074060       0.66446959251817139       0.85886030943901737       0.69077392635360513       0.64643583231745083       0.85990701861459207       0.74004406175419535       0.70533185372931495     
  0.50040455196087374       0.68364746294991252        4.5847433275692351E-002  0.11732528518123972       0.21206484944540852       0.44287548185153164       0.22017841174481931       0.22289865754114330       0.83950589464015291       0.39287736792842670       0.28770644824246294       0.21140425001014135       0.23006347829620363     
  0.71157658168981075       0.85898312253611409       0.66479417340416669       0.64948543204611964       0.66348643805390928       0.67304766192516297       0.60494150769290456       0.62073700079162697       0.71955910780230947       0.69769468364765719       0.59668201711105173       0.89724192698541139       0.69887613888171785     
  0.51439317661067285       0.69841159269347552        5.0071895242867370E-002  0.12737926423424764       0.22746681697225454       0.46436008260278605       0.23507626521133873       0.23561556033375416       0.84808741051979397       0.40130474400102878       0.29780103549664694       0.22760569977479314       0.24734927035465482     
  0.66754752824045682       0.72285000188753568       0.62813416639780795       0.63591302743470446       0.66207870239078259       0.64525945407820773       0.58679032545510157       0.75084343683756816       0.65084541948896946       0.63090668830546293       0.75446034736871126       0.79549241897538736       0.66114059904613376     
  0.52789013027054998       0.71103164405525432        5.4174509761555564E-002  0.13871990859163952       0.24250749696843696       0.48384933951954501       0.24905707964479237       0.24932886455934233       0.85513648177644819       0.40953677587306658       0.30692238098511021       0.24401713513887549       0.26509995569609751     
  0.65535176081361191       0.64154209974128729       0.66977041257510850       0.75883946423304804       0.65076915834590132       0.67644244788217300       0.65461468071114548       0.67560770212340793       0.65500829087599455       0.61181328035069893       0.59105624339778429       0.76742301507372512       0.60576454711516581     
  0.54176306773150873       0.72336622192491606        5.9026026585375653E-002  0.15138723275547256       0.25805863423304970       0.50092211921891194       0.26582192951155842       0.26369559627334249       0.86272053614424637       0.41611486213659055       0.31572365362387383       0.26063591460339086       0.28287009990681822     
  0.70947613797854514       0.75530169126268309       0.66360341455039762       0.66631259382909058       0.62994074827839830       0.73787280468898286       0.76305059822648102       0.64262151328000061       0.75392449783198567       0.61719872249996022       0.75019037396891097       0.67830364694421108       0.74922895810421331     
  0.55474732877273703       0.73560551192897150        6.3995248238861602E-002  0.16357135582912205       0.27376711401331766       0.51799542309875779       0.28342397577809636       0.27805089419097073       0.86950857178413277       0.42242561105709608       0.32512007093334322       0.27756128351583342       0.29925280558075412     
  0.78292007945612840       0.74680991583515621       0.71873269796369177       0.75210138591377984       0.76427102620091369       0.63187190208485200       0.69864776773773518       0.77218474172689888       0.75607024552535629       0.63586874185372000       0.70735130663242640       0.69764362923952472       0.72139321888489971     
  0.56713693290497169       0.74618162231095464        6.9919622018654370E-002  0.17584486057358067       0.29006162346671893       0.53479850061038536       0.29950488107732232       0.29246077203848814       0.87549202060514220       0.42936281608611881       0.33490477039614763       0.29454495227668898       0.31272354590446477     
  0.62024308711682063       0.77908742654223617       0.66114395100874157       0.79695992765636214       0.77459993080405354       0.67404744797398375       0.67567272877765172       0.66180057947040283       0.69622801805173917       0.72039023295604110       0.72810193070915086       0.64335786003829221       0.63611620254580703     
  0.57929290976232450       0.75611292302709054        7.5982273203779704E-002  0.18814577866915194       0.30666202551479532       0.54990947484096997       0.31617189921392358       0.30693345074437778       0.88079751244870763       0.43575829166852770       0.34498872981438877       0.31167866256364962       0.32600154042547547     
  0.64730050166388875       0.75158399497130868       0.61398898579590089       0.72654039195068520       0.75487055834916872       0.58694200642212513       0.70667727597896679       0.66782860297021318       0.60989364536403012       0.68407157533720053       0.59314213548426375       0.76162079270144167       0.66760163649425341     
  0.59162081005435763       0.76524466420411452        8.2532315256310898E-002  0.20229102315573166       0.32358970581868313       0.56475113131414356       0.33182958834542287       0.32217600678612973       0.88634540209631596       0.44177620523039224       0.35538894828849837       0.32902877774799277       0.33951582889328602     
  0.61338961786263080       0.68944661828070575       0.56259429139489969       0.76108536239711799       0.68151362800387327       0.72922850766443414       0.76034890252801934       0.73906706713487569       0.75007159390138478       0.61370043030489185       0.64621803188134697       0.82141145956673056       0.65426279181441993     
  0.60412888779933860       0.77455035620131407        8.9565006372978803E-002  0.21773824802360467       0.34038752913951342       0.57930056226901794       0.34788512056915982       0.33620853126503170       0.89191220755221146       0.44884820067767994       0.36623962847324104       0.34560946378350765       0.35322635621166693     
  0.68345545497462712       0.67120623080488762       0.68961493646000394       0.73433203165398242       0.70440550248583411       0.63851846087687147       0.70335500563486708       0.69263849768604158       0.63898021739328026       0.76191578543805072       0.67178555796201134       0.74080278477062633       0.66191440023002390     
  0.61648338767350863       0.78453777411105818        9.6874144014778507E-002  0.23347968519526655       0.35656726000960443       0.59332771468181655       0.36563902314191693       0.34970344649103297       0.89697354681746566       0.45614145818113422       0.37729844976180615       0.36085604316887221       0.36718514902016308     
  0.71488925821975091       0.79221224058210493       0.76031343691601316       0.65843262805091618       0.74640756319908275       0.64024038521407145       0.62785999937705028       0.66852016172005679       0.69533128030938196       0.89089871935999043       0.67498479235416253       0.61018733909904566       0.67028092183781085     
  0.62890460519589075       0.79439468198364183       0.10484971774550614       0.24847045313631069       0.37260200783072384       0.60768342203822479       0.38295105869070983       0.36391439077678184       0.90161907281957399       0.46340230128664711       0.38866382085663564       0.37512696450035016       0.38167485949588564     
  0.72427489152188917       0.65582822384112571       0.78680601545680107       0.79198456473049439       0.79580111698946843       0.70267138437107890       0.76501441905609135       0.61043739651292850       0.71659115307087307       0.79720847602629363       0.59960073613279963       0.68619317789915713       0.66939912862613338     
  0.64029206035836761       0.80344421696327484       0.11333326652748089       0.26336187998905336       0.38837910435024092       0.62200767630996967       0.40208467328554559       0.37674379088426391       0.90610667344021723       0.47048392228702557       0.40025122580601297       0.38912620387721175       0.39561962920722726     
  0.58781620676637936       0.68596289286645318       0.66369355991331291       0.73056811524182896       0.73304458039453979       0.74721777938125578       0.74658260188070147       0.60466592403466424       0.66630224922691006       0.71252932590660545       0.74096331287540118       0.72045021287698940       0.61389211102261265     
  0.65056139365089027       0.81282131703580363       0.12180746511884599       0.27877585118242421       0.40296199539128386       0.63613746893721757       0.42036962942975892       0.39403116942433436       0.91049079480776340       0.47734868405792003       0.41234920197954633       0.40269410074894624       0.41026287234548986     
  0.70361162077164596       0.76138348194601724       0.66056398064339517       0.73947565784158165       0.70018340737914608       0.63893856868351795       0.79582236641228798       0.76525886704342905       0.80937791527413516       0.60678372727816221       0.67087220403845726       0.64312553496321478       0.66088749398699209     
  0.66223555918056498       0.82032034072225390       0.13054739530242546       0.29377378776757934       0.41674047207690684       0.64948991574347059       0.43512175886333948       0.41083256215566932       0.91474370119492421       0.48420740902059872       0.42508048407959143       0.41622690509058319       0.42557868931262577     
  0.70358026441074284       0.62424250233592304       0.84343444653467425       0.71395628693736468       0.67699919096690375       0.69505328157846846       0.63929233192906965       0.74187499966721526       0.65880778199902379       0.58725288558162358       0.62831354755631907       0.58752015303435579       0.65395126293466910     
  0.67370043016929038       0.82751970883138237       0.13966098533074459       0.30898645130396379       0.43170994326293727       0.66356975426252751       0.44825736987122061       0.42789187830094227       0.91860559097619665       0.49079102567816674       0.43816898949430721       0.42997917297214983       0.44150088852452440     
  0.67495533020794829       0.64991672992363059       0.63084144789507202       0.82407394533309997       0.66862192381691044       0.67361955857901912       0.67958032131173940       0.65527880709091768       0.59382928808211821       0.63953974515969492       0.68296658987564740       0.76470397586360084       0.75371055926136821     
  0.68381933331640754       0.83381838784318918       0.14821001347373172       0.32640858744652479       0.44747558725479658       0.67813990377959044       0.46181728134742667       0.44498024722222224       0.92201743556741156       0.49688811501916685       0.45173099760756663       0.44375037136638229       0.45748536290017644     
  0.72719245527819176       0.59385779240763803       0.65852649658902640       0.77746666228830097       0.72906827901614468       0.72923700021846716       0.66598557757318866       0.69958334782924791       0.62623955522088259       0.71631576916820794       0.79962670329473451       0.62130393273055629       0.66461123007279521     
  0.69394233668679084       0.84003409917827987       0.15693764284201683       0.34537585515508124       0.46522992433886090       0.69190610953860732       0.47565816880851930       0.46179903616758983       0.92500883816951207       0.50276536984334830       0.46537915731180557       0.45722560955914188       0.47144425122726413     
  0.70172329509081333       0.68282248384349920       0.60965906129052605       0.78518790528626448       0.74578144652251444       0.69830869944795404       0.69576734540638707       0.79139477068081998       0.77828310917603938       0.72152111736450997       0.89043009395325501       0.61753674072887843       0.65112918249933482     
  0.70387479033283551       0.84673965178455668       0.16574007094315824       0.36315512624289958       0.48229741874912568       0.70489869566256291       0.49039954366639088       0.47878663501126073       0.92785152897736911       0.50882585730909924       0.47936140615891620       0.46989178934555792       0.48782579738567056     
  0.72897623757697039       0.64401390399442870       0.59938534753194328       0.75264108388460904       0.74886722550051144       0.61075606190289922       0.59997793301237257       0.71694430197826686       0.62837768834527286       0.70565211124670346       0.70961745185488578       0.64079463247758039       0.75474604091798447     
  0.71355655784078753       0.85331965513075958       0.17552830009530296       0.37993981941112115       0.49732256948097547       0.71772622719867696       0.50699020728432664       0.49631594446932209       0.93070073719538904       0.51519039093970365       0.49423990637293502       0.48213965785012097       0.50457646362787545     
  0.65409851999658819       0.67450795959378651       0.62911313721160234       0.71384154289054702       0.69431789164836255       0.84855477050190087       0.78223748355022860       0.70842729620952061       0.60142382273794126       0.66070607103346335       0.68628674698758885       0.61682490336955498       0.59333082610934162     
  0.72292491397870162       0.85925218240368118       0.18575516538696479       0.39570490525959767       0.51228766278107918       0.73031856155009856       0.52404721595828030       0.51405420166852867       0.93348693724242771       0.52201277363090459       0.50984610575688771       0.49328045431583822       0.52131532276403814     
  0.72872299396949780       0.61341823722434741       0.64911492855576458       0.72622774705743165       0.69044228897319881       0.71002228990955629       0.82847582789971330       0.74244910373166162       0.58673116645905710       0.67219608805553921       0.79061863835352753       0.65024040394313531       0.67399034679511305     
  0.73242090977027097       0.86505866809092846       0.19624598386828396       0.41067960689748234       0.52830051567234104       0.74274043399882783       0.54202214403573457       0.53124597596803502       0.93628829788587176       0.52927895003683179       0.52603753809839249       0.50678989924903206       0.53880461969392179     
  0.65838868783914228       0.67394365356303665       0.66790643680446871       0.64807120587884159       0.67865968641736918       0.79094923489583902       0.76016555790301310       0.69010048145736214       0.62483014758243294       0.79348831703735823       0.59820804269752581       0.63587781146509748       0.62397771645321809     
  0.74164372531415224       0.87075985037965498       0.20656345002645507       0.42512145221529235       0.54421164958805268       0.75525544679970291       0.55965384552460395       0.54724411343058377       0.93917837409170835       0.53657786708968169       0.54275308659651611       0.52167949935592006       0.55596924020372152     
  0.63222525696071652       0.63905434773576519       0.64637384270931941       0.71377257665808524       0.65654196075358096       0.86386428368055102       0.81873942659764221       0.74184743271876241       0.61718757258937418       0.72878548161074597       0.71898758257547091       0.68560292433049996       0.68477436788075796     
  0.75058505082537585       0.87626336905116942       0.22068200360708640       0.43954022645172303       0.55896495061620854       0.76797356439643960       0.57726142229843880       0.56283802421708196       0.94208401352479765       0.54356118609961324       0.56027071382945437       0.53672707264023889       0.57218024695004099     
  0.71769126099677394       0.61422662710765075       0.70824079941195450       0.67950108889726013       0.68846194461751542       0.78320718168758430       0.71921488906638964       0.64411706410607072       0.60167635173099887       0.64238487390520993       0.68994805625097000       0.65993863529671337       0.66119860628352156     
  0.75935237353332530       0.88183394383248215       0.23391784215933989       0.45445199953605675       0.57416108047443370       0.78035136197092436       0.59419785334588526       0.57914073944541400       0.94485782262229734       0.55022288983753576       0.57839674688926668       0.55261592073304366       0.58898090741794407     
  0.69144758106899895       0.67256520632064720       0.68353891834895253       0.66787125132894065       0.65178276877758223       0.77534366342713323       0.58571059829231886       0.69953154664147610       0.70091305141277627       0.67452902315422236       0.71036278361549399       0.66794068480790536       0.72161280846225995     
  0.76768152645447685       0.88735371782013461       0.24825196034547536       0.46994676372268107       0.58918674551874228       0.79181317330420120       0.61001479017584093       0.59534649065853973       0.94769420975227925       0.55696377307163192       0.59503668673681875       0.56825032759665761       0.60575510346586847     
  0.59938534753194328       0.57913759567402678       0.75026522297308640       0.61184076026626677       0.69016681972175942       0.69835218320438430       0.72555312319207033       0.66111648382620047       0.73244387828534985       0.55613271304140521       0.78281050776713246       0.84994668604281010       0.69614713065044087     
  0.77584378858661718       0.89267911706585412       0.26257400563380512       0.48501839581984763       0.60333771221167543       0.80280066059764510       0.62665012825098076       0.61130551669324029       0.95040519325222939       0.56423606181147579       0.60966945896702318       0.58296920847543721       0.62138616162204297     
  0.72709153397422155       0.62792778460047172       0.75757339406530932       0.64204059312489226       0.66981910439556880       0.64069963868911173       0.70280584975144000       0.67472121121682238       0.65552499791295116       0.74542867057445850       0.79527536966491907       0.64766217013832394       0.76682759951894774     
  0.78384957637624908       0.89772180474961061       0.28183145750182736       0.50149522872871510       0.61787854461919556       0.81361174738613429       0.64198150509509155       0.62673723158321670       0.95296302947377032       0.57212505973785821       0.62549148939998844       0.59708925094308651       0.63726548661430316     
  0.66426648551033918       0.67597390020075065       0.77422182415944230       0.62081099676695051       0.66367375206514778       0.69894603772819475       0.67987217154576562       0.78652579953663648       0.74462903352157250       0.72328484885417210       0.68562959251042044       0.78006994797842510       0.58088909614405004     
  0.79220617206702404       0.90267044356915460       0.30008691976550322       0.51906418094490292       0.63251001355031622       0.82358378286686673       0.65743122588772174       0.64155924884401627       0.95548056693715688       0.58004657056402587       0.64242858227427868       0.60954875400284625       0.65275941382609670     
  0.67147430430746258       0.69396244939189777       0.75771386140716845       0.69865682576941945       0.68504211700464335       0.70068695537948622       0.79756435587496988       0.66500615988204737       0.64701458815951884       0.66840976464349611       0.62354305471671656       0.60038647489341612       0.74819874164667677     
  0.80067704733082279       0.90778242021699129       0.31953472274843675       0.53618840650954525       0.64819983871429976       0.83163509218668086       0.67329172645785140       0.65644940296518117       0.95760276893213481       0.58761370801149415       0.65971594809849743       0.62220613479776954       0.66887319104521026     
  0.64758389628034063       0.76011989333485919       0.71037480397614738       0.67101938437933739       0.73945116630237917       0.66402160828086931       0.66192387215360027       0.55960846111256268       0.73457949101415798       0.78561980115529129       0.73082883465968806       0.66944330904805993       0.73573804572761747     
  0.80908989783452945       0.91251215721695911       0.33809716230472953       0.55211934016495967       0.66518832766483837       0.84046683552993506       0.68987629616619206       0.67168093745395507       0.95975808830427212       0.59507377762887126       0.67757908537222789       0.63541819703633762       0.68631446635028448     
  0.68094692407374735       0.63754014479538657       0.62383789035220416       0.66818553949286341       0.74746586392698977       0.61533731689985360       0.83863569511342961       0.67021993231745325       0.67410438779956561       0.71478090577451092       0.72047623598446653       0.64002241512101787       0.72789906797404380     
  0.81697075592349977       0.91666742808529922       0.35885097157412921       0.56712232004859164       0.68246264549015412       0.85037403053701133       0.70411230932876212       0.68835669873832239       0.96189782310751037       0.60194373395901724       0.69451918977618521       0.64838272748170489       0.70337472480367003     
  0.68174055152800805       0.65989670127427558       0.73544207954734420       0.66968822884230395       0.64346203119714851       0.71993728865676265       0.69004869360318255       0.78645318042299361       0.64631770047852655       0.60853362095018426       0.66686515067186747       0.64893414216210454       0.67846804913919723     
  0.82443268014053872       0.92128915648473542       0.37802382064721385       0.58339136428954053       0.69904327712261016       0.85937536222362598       0.71759379137016333       0.70396672242439773       0.96394579716851903       0.60819598988502765       0.71129068946257545       0.66182950889933512       0.71903264629542030     
  0.61111050822000346       0.67691268101410085       0.60184644525021525       0.67559022072223796       0.68557021454562372       0.70990455564296073       0.62994698606268196       0.65565297154007085       0.64525196095847970       0.73541545692323607       0.71574134001947287       0.58991427769765670       0.59906941505750144     
  0.83113192234472333       0.92606530469756987       0.39769378839955255       0.60151756290889791       0.71493431779335470       0.86836751504694354       0.73185866524672449       0.71555686000772412       0.96593363041369973       0.61433377407232781       0.72891222132504008       0.67507963330475096       0.73528887867218851     
  0.68867717038967857       0.65685006871704721       0.63387527376376562       0.63520029665957956       0.74793687688286548       0.69383974791520142       0.64819650712446508       0.68172344817823871       0.70494153855365693       0.65556009775084345       0.74089996741775488       0.66429488666460390       0.67887135396688258     
  0.83711129058715406       0.93090524698340749       0.41787787214470956       0.62166047545306125       0.73063886467226402       0.87691252298852340       0.74574333204666765       0.72808822618448521       0.96788329814995555       0.62087514739349492       0.74846013092629382       0.68865857691823806       0.75254017684931340     
  0.61769596924497860       0.74406190597712818       0.65406857173414479       0.65405663007231019       0.69008518421696896       0.71935304120076549       0.69610401648367781       0.62317446918630148       0.72615303799555386       0.72998668399389566       0.73759546880804527       0.68506031201695194       0.78781484850290240     
  0.84463398620433805       0.93570431892827755       0.43683259579442663       0.64170785537554031       0.74630990326159130       0.88519312432247710       0.75884890778609260       0.74131292256246462       0.96981180196479655       0.62862724691400451       0.76770319419236122       0.70347349842352125       0.76978090404201172     
  0.58494290654964576       0.72780367583164007       0.65787491780018914       0.70585682906872937       0.66641195974222656       0.82723863646655038       0.59259982573635339       0.80171824365964395       0.77141292834423658       0.69668939092597981       0.73603726122620228       0.81790417139985538       0.72980063839877951     
  0.85174531527751574       0.94011682273926978       0.46262753805861934       0.66067589706160412       0.76188805176526231       0.89321558615854968       0.77273837856646566       0.75557685412886078       0.97169403679633992       0.63659598607800605       0.78661446897773257       0.72061439362061841       0.78747248003309467     
  0.62491137839610456       0.80068001582245218       0.65736382938969518       0.63332031899473296       0.81413277039820120       0.68166578877378703       0.70865304594230905       0.63324038489010137       0.71510662384818302       0.74742740037095146       0.73253157498680910       0.67520737569726674       0.75140145277214665     
  0.85822712054131745       0.94440503787704366       0.48854446345613706       0.67997571264846068       0.77788649587648251       0.90126878570844671       0.78740175594741912       0.77019372693117383       0.97356516130213000       0.64476419098079396       0.80498386141026890       0.73961704383443394       0.80415802539023606     
  0.64962994351302461       0.65438163106162739       0.66930577753312315       0.75972601956399555       0.73545797371318733       0.64591979098985863       0.68537820841777775       0.73626948254899915       0.76138469439431022       0.64067263127512608       0.80216914939944672       0.69076923315825911       0.77703454577360365     
  0.86564141524797877       0.94835255397062301       0.51636830380829135       0.69878425881021933       0.79461862084276191       0.90933855664823204       0.80070865214971065       0.78499485055842999       0.97541781312619424       0.65342404856955238       0.82216688085589917       0.76016040423098052       0.82117387561169630     
  0.58256914462016407       0.65862214007278042       0.65309903491845989       0.74691407104530338       0.72106934537547984       0.70649344469962350       0.59814948482168240       0.65881109667462312       0.68700420078390878       0.67386007759047706       0.69911206708702867       0.66403654079139585       0.71953586744287357     
  0.87654762376507744       0.95200096176961824       0.54397924902987804       0.71886793169459862       0.81133497116306585       0.91703328188889088       0.81296994407472134       0.80080563355511725       0.97718333641450617       0.66229427764011317       0.83911226597169841       0.78047378555170999       0.83468539167592903     
  0.72752988065821433       0.77427090185514524       0.67379470975059941       0.61777301189144440       0.70127655861457483       0.84152164741670266       0.54377842239351160       0.68326798093626284       0.70566042335946522       0.72100884670945720       0.75618229861666109       0.61796538409031532       0.65978661901201896     
  0.88723331736462963       0.95552635839925582       0.57140073135822822       0.74032767894745932       0.82773324721231034       0.92428226396900670       0.82475177353335272       0.81715789510210679       0.97888429556821555       0.67166503313369841       0.85584757881562823       0.79967765736941587       0.84746229976203080     
  0.71716499085734520       0.68019842569243971       0.63059141255726159       0.64903573095311318       0.71691090271816038       0.62918938663460866       0.62230990932293562       0.67168040676876739       0.72161419139109750       0.76873705637846124       0.69376766555254232       0.78205918531634822       0.67614695985122508     
  0.89645060088651751       0.95902700394467999       0.59860387383773928       0.76280055141098702       0.84438015640940511       0.93098199776254276       0.83792803119485459       0.83308804568720951       0.98046395630535010       0.68145215291784766       0.87140412923788690       0.81846775693338336       0.85954273668049930     
  0.89789540213924224       0.64758274062917898       0.66953065568378844       0.77663104346378242       0.74160156414853806       0.72493023664827083       0.70478001451146810       0.81416371526712994       0.68348777329263299       0.65705781251529438       0.70323322750923878       0.69515618788303801       0.70215279775195849     
  0.90545334030882763       0.96279811775913848       0.62529808631861594       0.78455518628172305       0.86084120522887919       0.93742982251188700       0.85241936222185621       0.84932660661891990       0.98198528786728700       0.69440571187515210       0.88675466100669498       0.83712512204003842       0.87217663912205678     
  0.81160147683874462       0.67366866702189199       0.61066635894181409       0.64757867340031028       0.68330449188776821       0.58857125699817170       0.68007542115572694       0.71020057102102740       0.62119165138486765       0.91424705618188495       0.64691315049374232       0.65507828152430136       0.76033404375125302     
  0.91501550333666559       0.96683754228272445       0.65703558535216822       0.80382431989946868       0.87766497141874178       0.94379388907547668       0.86792701955544727       0.86594842602716426       0.98344937300662683       0.70492041772899816       0.90126370705507231       0.85616300597763706       0.88648158429832069     
  0.84076890907408719       0.72405173144985324       0.69417956989514418       0.63487248205895297       0.84183712875545280       0.77161231739053304       0.71420477751320233       0.62873457316673875       0.74372777779432997       0.74120140564253578       0.71488871055177128       0.69257974886957252       0.72850792101544404     
  0.92442312312469288       0.97089160699643973       0.69199943696153132       0.82417124399058683       0.89395317862721413       0.95035646413341812       0.88393367856619176       0.88345556892924237       0.98500884466763217       0.71801052241596597       0.91505955214576873       0.87531233741320613       0.90016067419637336     
  0.64629636495024023       0.82446811991236235       0.67979914064486990       0.68675290357165619       0.66384987003934859       0.80941583149669671       0.75235568483982074       0.67727619098214342       0.65843144876515280       0.82620816025976218       0.77111106473274305       0.63735945824698925       0.67139747370735658     
  0.93330211273394736       0.97497556565302546       0.72957283514366122       0.84652793142948002       0.91059106277315915       0.95700450522568825       0.89991163852376233       0.90052648160870330       0.98642910415801821       0.73232473496624895       0.92720849335481514       0.89386968150129276       0.91439505211860805     
  0.79405065791914331       0.83081890859077301       0.77280384086811260       0.58601072375910179       0.64398387257651801       0.64948171105844188       0.65127674760715937       0.72890187737633627       0.86967955342729597       0.71987010550980401       0.66668591710474678       0.71535884192487031       0.69800129934517086     
  0.94182482554197167       0.97877521787728428       0.76763649487554408       0.87052522337480975       0.92724843931725431       0.96327680779683200       0.91680246615225913       0.91712720256775793       0.98799395259397194       0.74810550797791031       0.93773626564237200       0.91275963826202067       0.92888156008315537     
  0.71713286207532900       0.71914584034022344       0.73369583469876676       0.64242044919902375       0.63799331992690467       0.71745323102584480       0.75866936547293085       0.69478938343060059       0.68593349013712790       0.65967801781136237       0.67281518174387289       0.59608950266869720       0.67353129741231110     
  0.95038555836193828       0.98259890785619797       0.80692217453078152       0.89460083143064617       0.94292889044462458       0.96929112310767618       0.93371108083875987       0.93385835230405823       0.98971143090776093       0.76791671035727060       0.94916390178981702       0.93115322788038890       0.94265434005761783     
  0.78076847649635484       0.79841658288522588       0.59806854631079287       0.76709132780558054       0.70533184217270661       0.63732093667956435       0.75779832806711112       0.71094214231859121       0.88419441998203796       0.76389153569179480       0.80964766933878152       0.59356612979846413       0.71410150056173605     
  0.95809579800401246       0.98676785113055521       0.85157894365463527       0.91843393505133974       0.95680555207547491       0.97601130076890608       0.95001402902472287       0.94925613952861754       0.99156762899221240       0.79072849135792533       0.96125036188074864       0.94875027984576854       0.95650337138369101     
  0.77115449580800455       0.93458424087577352       0.71377738063576868       0.64362360954632181       0.65256312567847408       0.72857868140878146       0.70445970847054651       0.74013650158402622       0.76307854554685295       0.60031904018723448       0.63104585956030457       0.63860443363244546       0.73720650185023417     
  0.97005846894239534       0.99068851808244573       0.89652895773097974       0.94169256554899827       0.97086507043148318       0.98405811206045368       0.96620635553679390       0.96407234554611021       0.99368761347557888       0.82597922045172556       0.97304929165431087       0.96627557800786812       0.97088202104056254     
  0.87782161770331613       0.88642386133145157       0.61378988996455464       0.62902872876016791       0.60918666045756498       0.67196138740266975       0.68269359471407021       0.58254732232810469       0.84138968047876728       0.78547901542477527       0.63735425949045854       0.64839195491526591       0.66558129304161096     
  0.98451825858425501       0.99546436021816243       0.94761248509757401       0.97137064747651880       0.98536476230024062       0.99210573188318740       0.98295881323025136       0.98265512965537327       0.99663053303196647       0.88531546348781587       0.98582132294054303       0.98351280005652597       0.98510269478596879     
  0.81499062369801456       0.76169498432658078       0.68632752567457389       0.67745543006957376       0.72078654281200116       0.85973295082237944       0.76942548101763941       0.70245701446318720        1.0323534923455595       0.74150558609661033       0.69294287139762267       0.60608999177730438       0.68130897903674725     
   1.0000000000000000        1.0000000000000000        1.0000000000000000        1.0000000000000000        1.0000000000000000        1.0000000000000000        1.0000000000000000        1.0000000000000000        1.0000000000000000        1.0000000000000000        1.0000000000000000        1.0000000000000000        1.0000000000000000     
  0.68333385624767984       0.77554239761814492       0.65241478253409058       0.73236730384904869       0.69756538614812447       0.73601255205170657       0.63830352654441358       0.74825747711075763       0.63395654827115777       0.58828519583422634       0.69684319505351144       0.65929060825135299       0.71932281336952508     
   5.5943746150671645        5.1023521197617061        13.036607862408601        8.5198534904694228        10.291149298942200       -2.6970233354222231        8.1216869072191642        3.4716362797798044        0.0000000000000000       -3.2394453764354081        15.597526209934793        3.4712210455665562        6.7229045267079686     
   7.8003364071465295       0.45778375698900131        10.189698918465663        9.6510503658958591        10.816731452410183        6.9082392024641246        6.5828367391818352        13.462584670963940        8.1007051113270254        8.0361310326319657        13.354307494838615        12.695203705495974        14.801030003552381     
   7.9145713173536008        8.7294823462145068        4.1902616367220746        4.8379349519935397        6.6260286682062164        2.0869394596803419        12.104681868590555        11.409921987609133        7.8567827918427655        4.7053094097279002        8.6159301047638337        6.1631131613294583        14.898902621444735     
   8.1902930213662213        10.190868595373264        4.6116609564015665        17.891178346147449        8.6069376916695610        1.1918653562903598        4.2815140498068081        6.3195159447892726        7.8101146039324556        6.3827375824235570        6.1023629549158827        9.5629792364344386        1.2294818557467548     
   8.4678752168640390        11.854425280637091        8.5878945220797540        11.383321403396188        14.967669130603374        7.6477110096491634       0.90666752574436094      -0.15363619748656876        9.5845717311737335        13.290970822081920        8.6793773868787092        1.7104460934801942        12.811504136885221     
   7.5428273052193262        11.554049014896206        3.7033861947562361        3.1871516567880622        9.2983300422073327        5.7534153674698860       -2.2721358426875984        13.360006855702949        10.254358883610038        2.6632020577695994        2.1438948618871501        10.239050520034205        7.2317042054415168     
   9.8914684148748719        8.1135860654701908        1.1708691082699680        6.6872535846855747       -2.3033268677631433        9.8720501310602682        16.251949466857823        9.3807692530564157        12.197751625965823        5.9621067935169396        6.0946330182441368        9.8724518185226575        5.4474646530952171     
   1.3061710319935791        11.437688526147022       -13.328719364183096        1.2019419953633583        1.9173948830909442        17.345136431991037        10.255485215580398        6.6869046853930643        9.9127348685703236        12.320687756519725        3.4054467808876310        11.230526688464815        7.8278954653994610     
   2.7816664355240195E-004
           1           1           1           1           1           1           1           1           1           1           1           1           1
   3.1157234000611688E-004   1.2347075993226263E-004   1.1948227289665777E-007   6.7593203546401845        6.9544695105138142E-006   8.8917936315154092E-009
   4.4653885637497865E-006   3.1661495044974248E-006   7.9494935357181732E-007  0.50290358073487440        7.9455608538778156E-007   1.1018569010237071E-009
   5.0000000000000001E-003   8.0318064164980125     
