   0.0000000000000000        0.0000000000000000        0.0000000000000000        0.0000000000000000        0.0000000000000000        0.0000000000000000        0.0000000000000000        0.0000000000000000        0.0000000000000000        0.0000000000000000        0.0000000000000000        0.0000000000000000        0.0000000000000000     
  0.13732393557796849       0.13211171091879770        7.8238902723144869E-003   1.4617685868887837E-002   2.5818154765999021E-002   1.9817043146328338E-002   5.7519302842178304E-003   1.3285345312051802E-002  0.44617206433237527       0.12923246781472317        4.0086934998187905E-002   2.7502723259791702E-002   1.1363192875805407E-002
  0.61893126946244881       0.52872346344256116       0.70078033705779685       0.65955977644060726       0.56710718945111072       0.73825697205952789       0.75278845885244772       0.62049320459032276       0.51352459248679883       0.48686111919692021       0.69800271405467440       0.49801116629124637       0.52237997251192880     
  0.25264605457413813       0.22836780771856346        1.5051282454748747E-002   2.9577731967296107E-002   5.0598845533446866E-002   3.9834044678618397E-002   1.1400158044482288E-002   2.5584663809644997E-002  0.72152406626545695       0.21436988084053507        8.2608330854729115E-002   5.1385557521539532E-002   2.2098198643056781E-002
  0.74466218613679969       0.69079334325251351       0.73749056495874843       0.61744038699992876       0.59195072361289891       0.79577682574759112       0.71532099415649730       0.61771109590616879       0.69564769679305394       0.52917954814052359       0.53443290616881922       0.60653734751780286       0.64394693945470416     
  0.31395065285180074       0.27513427209312896        2.1147695125813892E-002   4.2981359547755740E-002   7.1141803127728803E-002   5.9896357707444003E-002   1.7464573072027374E-002   3.4854719406457166E-002  0.78109048972601336       0.25083425889469541       0.12366092036038341        7.0372588260945737E-002   3.5081943734797387E-002
  0.61927930766299999       0.63833623690375763       0.58997449082775066       0.57418061837648837       0.52590620691670054       0.66630658418857303       0.68694069719983131       0.54618124864852546       0.73409926418901106       0.65333932448424492       0.58158278795000884       0.62493853784065012       0.62803625836455812     
  0.36895897302658581       0.31549138017768757        2.7056016319285826E-002   5.7383539437364357E-002   9.2541580522179950E-002   8.0208629378945323E-002   2.3446037020018615E-002   4.4133668688886102E-002  0.81334192257901738       0.27795974421672698       0.15588714049648103        8.7962202848635318E-002   4.8025592362885304E-002
  0.78016818825486400       0.79161477558996884       0.59432634358834002       0.55623158743542223       0.49395236032316958       0.79278043985317004       0.64740659934651390       0.62713622311817885       0.59010277690647650       0.63857714024924117       0.64153208208227042       0.61503734280213318       0.63763482469437882     
  0.41573196529321604       0.34656272819914680        3.4339626826982404E-002   7.0459138573969737E-002  0.11565955755455240       0.10115107805023453        2.9410797887068962E-002   5.3384875538510755E-002  0.83538417717828306       0.29559157670233321       0.18496528458322883       0.10474709009776496        6.2464111064889159E-002
  0.66091398301525384       0.58711631613979998       0.59745994971755789       0.60073691674474317       0.58215148261460381       0.74194556892868124       0.87671903076622681       0.55123053963076507       0.59430022903790247       0.70956141118559835       0.66886632863298712       0.81148189793332992       0.70563431194887205     
  0.45234985358408925       0.37740924126887498        4.1678081549939620E-002   8.3921415430539215E-002  0.13818312637835167       0.11994496629119851        3.5493637210388104E-002   6.4780864697890642E-002  0.85272891761249714       0.31219474966314653       0.20718954525967770       0.12211506858568122        7.7458196158634779E-002
  0.64790081231115249       0.65461022053484097       0.64370475892953571       0.64164269921046779       0.71618954547927627       0.59580166491749720       0.69405615071504345       0.52213481710836951       0.57082544988104333       0.80216479655301698       0.57043290911676459       0.64464269076353087       0.71288211293074277     
  0.48558045493183721       0.40223654389273578        4.8625735032811312E-002   9.7557200718672285E-002  0.16066251147703051       0.14049409506030991        4.1848908591455646E-002   7.7192184203298583E-002  0.86714987422898115       0.32706428039356056       0.22699569923922605       0.13959187850341723        9.2507597598832925E-002
  0.72812605736004499       0.58240398246720171       0.64532190600913542       0.70120502630760817       0.62176265425180444       0.61997285151188841       0.55009747336350756       0.56347858971726117       0.58180429849438886       0.58618920613437298       0.68974130435946601       0.65458541893803968       0.61268173246081614     
  0.51175926179900133       0.42598227737700184        5.5983374446841989E-002  0.11036926575653075       0.18002942633344823       0.15866915485352834        4.8473753824399890E-002   9.1282605748136708E-002  0.87768314362941946       0.34038549825276437       0.24436565524184078       0.15704074591816275       0.10783406284098856     
  0.61878294310855242       0.61010139071640546       0.65438721179712889       0.58594782926674760       0.60263430045649691       0.80917561593491316       0.73243777272801103       0.59062996621297958       0.63809927295344893       0.68013364703758117       0.72811298867827356       0.70297623632018580       0.72059651038941230     
  0.53689231603081478       0.44628261962394777        6.1991185273597961E-002  0.12197781287302954       0.19779917727782725       0.17668799184655498        5.5801508914784595E-002  0.10511669418529726       0.88652507561636529       0.35253495790963663       0.26016124629756276       0.17510590931221648       0.12144813794354996     
  0.57981769001224337       0.63658082477198563       0.61979666595519767       0.60208564703540357       0.63301000207271430       0.66418836904977352       0.64245414662382350       0.62421661961418584       0.60483782748530557       0.68998360447030216       0.71501302027393476       0.72805983016753806       0.57114321972360249     
  0.56078408639669886       0.46500738806109937        6.7714507750916253E-002  0.13763773243501737       0.21770806948389790       0.19396298916275431        6.3393389318574814E-002  0.12111109517223967       0.89464382846767132       0.36453911440269116       0.27560496238773319       0.19186770184892102       0.13471204764565348     
  0.60408785551789834       0.81861557690596876       0.63373870537508858       0.73781893002027765       0.57728227114604114       0.62519108910658627       0.72220023759963814       0.53578358998360798       0.64866739400081008       0.66679854492100088       0.73965925637466512       0.69896993094062332       0.64776894946839991     
  0.58508184278031961       0.48082767656502767        7.4032074946660309E-002  0.15429617794045900       0.23738356971904745       0.21125455615208402        7.0722070994796021E-002  0.13777995226742562       0.90069315360731872       0.37618198797702818       0.28975373025541090       0.20715209132129431       0.14676254958586787     
  0.60748042837610783       0.63950192015071128       0.53143318247460469       0.59252148754421163       0.59985425136920956       0.63099664082697482       0.63014601824660554       0.61976272295049695       0.54469806187000958       0.65560620807831194       0.70375260994117317       0.54871799372033203       0.56188626822973231     
  0.60544404803696861       0.49648635198093982        8.0849663754462953E-002  0.17326885204558221       0.25780133045069353       0.22822656464812427        7.7774925630068714E-002  0.14990421117829195       0.90626691109494550       0.38767119616783668       0.30483721547559861       0.22304316069296665       0.15861659573835993     
  0.58523065809525565       0.54576246117734351       0.63800355309340173       0.65772549994915697       0.57767994436247705       0.69859807284238851       0.58848368494342762       0.58339636120795968       0.49667505516453697       0.62414906457570007       0.71137791061332578       0.72624535174622262       0.56075388866478659     
  0.62540621550096698       0.51148755284394964        8.7913046952656573E-002  0.19313445056861675       0.27842563689329491       0.24438492030350992        8.4536386749533940E-002  0.16200624093079946       0.91142408510504547       0.39769996711349254       0.31899055206476251       0.23912824942959970       0.17341372012098358     
  0.60332249231366097       0.60362369835398633       0.56481640503154307       0.65342594699059930       0.55186734063752185       0.60926988849596309       0.61045647201373565       0.59104087930505977       0.63142307972494749       0.71428946876793609       0.71767024026135728       0.82174703381030123       0.63133531955785449     
  0.64334258961762769       0.52646102257584848        9.5408539083133112E-002  0.20944882696635367       0.30066967520157267       0.26022005744920573        9.3534735744700823E-002  0.17752871959512839       0.91652519053174553       0.40728192137167063       0.33360494497839738       0.25492552702202564       0.18796466619114816     
  0.53205001082842818       0.68243637505745214       0.60398666620482810       0.57894758412437841       0.56324201088181736       0.60327622410766524       0.64498806938863784       0.62988017794785711       0.55558598796313263       0.59188963014283091       0.66781212525277500       0.55528635306452179       0.56555929548114492     
  0.65952775380095541       0.54233131368612153       0.10346119093445649       0.22462696114490227       0.32346330251048561       0.27578414141643010       0.10190816557205955       0.19291677096865945       0.92149107010210107       0.41639781312976276       0.34679552308989814       0.27100472430217787       0.20533547967193549     
  0.60740539799275939       0.55848382124940987       0.58505150911591153       0.61199134854563597       0.68473147079759911       0.66756133046004518       0.65419519093746525       0.57412785314805359       0.63594718210257661       0.59780481330501634       0.60071952971560205       0.60357454354039985       0.63921116950439527     
  0.67251693398257406       0.55774309435496883       0.11164514827432606       0.24172818370385357       0.34589478611851027       0.29093384167483222       0.11287878669410924       0.20988327476943250       0.92587360098074578       0.42525275208913810       0.35853029690610433       0.28682808896811784       0.22224341575684628     
  0.59381013255217652       0.64257128906446548       0.58268867547623027       0.62451432467684176       0.74492581502857846       0.63780884018882478       0.64173407543156280       0.56139584852236779       0.65822039040463920       0.72188189785008550       0.62524762935803513       0.61229623414003909       0.57893254165328312     
  0.68415223499842193       0.57275781071063703       0.12091400829745076       0.25924138529148000       0.36823296148734230       0.30555412472942095       0.12340517505508181       0.22669113720995054       0.93016781153114914       0.43416581432653983       0.36990112977630996       0.30176950347888121       0.24020342888518284     
  0.54168400130620187       0.61073238628933602       0.72823514295525582       0.58837105701716108       0.73425049275262877       0.61537726234695334       0.66005304414620591       0.65721058834548518       0.59167055699601345       0.65057621179170122       0.60372145519653730       0.60330165471944996       0.65722239851243780     
  0.69509626483551068       0.58836259944724090       0.13039814303452749       0.27669704156945280       0.38978129171569414       0.32054938018581813       0.13283832133500256       0.24170510041240978       0.93357074875501156       0.44297262972405305       0.38133713503525379       0.31582584975067818       0.25684510523302817     
  0.59802853477628970       0.70591803522920993       0.67426788493726553       0.62283386548730235       0.61949924115159749       0.64419205597483076       0.56357841778839801       0.62960861625898823       0.54678607318710282       0.68938554079424585       0.59067780749079424       0.68523817598973746       0.54522293847965930     
  0.70504802984867765       0.59996467552904997       0.14057705270321871       0.29376188670722964       0.40957925452418781       0.33736795804038638       0.14206591352623543       0.25718388467762143       0.93689317784876158       0.45174958190854314       0.39285740556109078       0.32803690233719202       0.27329823012620841     
  0.53881840102677825       0.63481942238559541       0.70387359601643296       0.65060385836742507       0.55940108445191306       0.58952511526669349       0.64745973792628519       0.64828738925213458       0.67042855266151036       0.62508551535684542       0.59697052889714464       0.55865682331516153       0.55274638332573722     
  0.71488213551485802       0.61198056556951097       0.15079144875732203       0.31108812273588682       0.42833937582314036       0.35432772431259846       0.15169929685206182       0.27348332802788489       0.93975366673387062       0.46060760495952063       0.40448395989609093       0.34058551609516863       0.28967032948066124     
  0.56600751315657838       0.58893359364951625       0.66712281309153110       0.65359434746773026       0.67841549309252958       0.59749289315527454       0.62473220691109510       0.64602793387192436       0.56552537668692116       0.61051619080955555       0.62907792606835455       0.60953751304436810       0.59138251618242188     
  0.72538257831044650       0.62348054038321699       0.16140664096382312       0.32860288158227913       0.44533845761561813       0.37389068687274585       0.16170549906221116       0.29004432316602097       0.94250711399986564       0.46843850626900330       0.41562440552593605       0.35296087734108539       0.30838515527811911     
  0.52786925532578566       0.59197937351821905       0.60212636826332566       0.63175911148665620       0.59661441339122534       0.70749488511390657       0.59417338156823296       0.60671352949701296       0.56328907715172460       0.64441241576982577       0.63053359679901400       0.58376693262974644       0.60240502522981609     
  0.73546131398505088       0.63443930086009248       0.17250754880077718       0.34688320983172022       0.46244528225742787       0.39234119938952411       0.17193491633829536       0.30861390317139292       0.94508365629576074       0.47660267656341598       0.42440748546530599       0.36732071331018057       0.32891511698100179     
  0.55894591800567217       0.72816982432701294       0.66116324329802012       0.65327723467775367       0.57713076428488908       0.63120084577681690       0.62684386040829621       0.78586721575139906       0.54185908855426657       0.67127307516355061       0.57924012356348531       0.64939369863568475       0.60048901191286275     
  0.74563106747016339       0.64412323879912270       0.18473745615870651       0.36691972722427457       0.48163782631411323       0.40930471825178782       0.18191080842470297       0.32727370011325063       0.94758371288967969       0.48306122146535885       0.43433232852258785       0.38116731920027402       0.34871685816591086     
  0.60843521174071358       0.57641175933636324       0.71211427836610242       0.62125408178409114       0.59225541173323126       0.59560866711094906       0.73485971873525091       0.66805474625691874       0.61170465423165110       0.63142838848095550       0.51976888224047990       0.66518418754439812       0.61991088660450033     
  0.75519938981223800       0.65353395286389582       0.19762005853633124       0.38669844370749840       0.50216319339530624       0.42532044648773354       0.19214568481091637       0.34474617806910762       0.95001788167196766       0.48953513313079983       0.44622228071043957       0.39647612442044444       0.36810008944603545     
  0.56350376726652296       0.57560030931104744       0.73293803256849388       0.71663620921207083       0.75167267289400641       0.69757218231749707       0.60102691469705638       0.71927372345485840       0.61581657267047807       0.60095990375230057       0.62608286907566735       0.53012758204805044       0.66267864607646632     
  0.76391820299978430       0.66269988283657766       0.21058615187002319       0.40939709707600136       0.52092023765130635       0.44120747367699276       0.20208701261628817       0.36108224636733616       0.95244263213930302       0.49584406493551647       0.45842235677738968       0.41019738048209892       0.38597180880929532     
  0.60679845346064321       0.57646001687499782       0.65668412706417778       0.64677853129344265       0.75518308122350730       0.63413764265481198       0.54913032409397777       0.73347389860921985       0.66332799770647510       0.59940418092444936       0.65052524170161707       0.56343632840124325       0.64324021821358945     
  0.77221829390828090       0.67175991887749109       0.22363327962496499       0.43230607156036788       0.53915006508581287       0.45739906983551171       0.21337093299511620       0.37660931179191298       0.95475887134179227       0.50255965751068210       0.47100704026199069       0.42670926816841998       0.40329863642744235     
  0.54046269905694322       0.53951681106821592       0.60509276523038424       0.70449529166234459       0.67167641715247373       0.64927552941724431       0.57368199882721060       0.69776403956110167       0.67142722076493511       0.69693811481147627       0.62686298170834542       0.69118230975600914       0.66550873747367312     
  0.78011025549496316       0.68034037248788948       0.23714309199042607       0.45290492002430049       0.55618768782961092       0.47395055505908712       0.22439587813954770       0.39236158288300199       0.95700776516068453       0.50979257392297539       0.48405512450330346       0.44332935759409564       0.42048359584992390     
  0.55429002741971578       0.56508329917813782       0.62694476626957618       0.77811676600351376       0.70415852941550594       0.63636266252989671       0.69387189621601975       0.64926017709813622       0.73713024906200986       0.59221145027557420       0.67742158084621829       0.67652360263129074       0.61574503221061072     
  0.78880506585663790       0.68830478669617445       0.25132424899064842       0.47321415439976455       0.57323588046778995       0.49084883234613225       0.23659743362497238       0.40580341293196143       0.95895095109022443       0.51673498728997547       0.49737520365782001       0.46057277438065886       0.43723205836067308     
  0.54603659228550339       0.68315363478289681       0.67079291203017055       0.72382280406850308       0.63794448822759386       0.74189129442554802       0.61204574110210030       0.55675334513418495       0.55533662704047737       0.61878611509906944       0.69211625314595993       0.68242301809263139       0.64203099680995801     
  0.79782700240281712       0.69728595423907036       0.26546579241715912       0.49338672199820754       0.58877731003241107       0.50775127848373869       0.24894529862734402       0.41935699562778772       0.96085940023838168       0.52356733680840828       0.51106300014662354       0.47763454105948738       0.45197725915536530     
  0.53780251860711215       0.57121023549200289       0.79098649497491669       0.65404088987701647       0.63864338678505084       0.63845778041189605       0.66466183745816332       0.53765903518868097       0.57811888667077038       0.55088057372957167       0.65365107456908778       0.60371417789128901       0.59133430922328201     
  0.80645059110651474       0.70679574572538162       0.27943641613072689       0.51249344710309508       0.60375248330309506       0.52406020569730061       0.26264224526606189       0.43173337179445676       0.96256458012038981       0.53031476875704486       0.52497880046114120       0.49515901227597958       0.46702586073267366     
  0.61625683677498166       0.61712563332839920       0.60203866196413536       0.68426515571736701       0.73906196454730688       0.77456145666928633       0.71588351493771107       0.54649097018033188       0.66348601646754723       0.58794085220925507       0.69712062699149668       0.64569927530078275       0.63364315183205611     
  0.81505048038776007       0.71600858536580769       0.29316291718229126       0.53079976868214040       0.61786371261115880       0.54101171628093692       0.27606797946173939       0.44439669391015629       0.96429765462427186       0.53709906099200766       0.53810500895030944       0.51288741641721391       0.48140937664119743     
  0.56357286998407785       0.51430540284459636       0.59921340478645135       0.64890783069370894       0.76758135017091988       0.62539195687783167       0.60524226922780178       0.62214778295068274       0.69012180974733728       0.54236085698107805       0.62427919738035431       0.67441584858866777       0.67820902058562371     
  0.82380411307321633       0.72516371319851713       0.30923775672046455       0.54789851036185011       0.63158954646114807       0.55771353987533290       0.28924995090926592       0.45763431558061729       0.96561158466187369       0.54399955116537801       0.55079253293698693       0.52994601581113421       0.49564147939702796     
  0.55667656851895841       0.62041558537491404       0.71238276606480355       0.76874720572993127       0.68251902767742301       0.56658561924498418       0.59571737338392106       0.62590860332543874       0.63276162522415169       0.54370142489938322       0.57919316846225932       0.70535812038446866       0.70876568104581061     
  0.83219797514342253       0.73354904549641820       0.32562441988826818       0.56584700105140562       0.64525155529954104       0.57211099300369450       0.30243945537381745       0.47144272385138208       0.96686660843229810       0.55035674542744051       0.56444540033753454       0.54652459652740026       0.51147052637810086     
  0.64725419171548093       0.58445656499586818       0.64050451109872975       0.62933035752602118       0.70490579987926871       0.62887663828217888       0.59545352868102031       0.50440614269107731       0.54001726014066698       0.63982045594280501       0.64373124063874132       0.71911466536676827       0.58245365536103899     
  0.83926570065377137       0.74219822010856795       0.34124216582748002       0.58351442865801473       0.65852685568389580       0.58386508844254170       0.31564990592866249       0.48617182930865338       0.96802126366077235       0.55586597963463014       0.57856586033877400       0.56193595587681822       0.52772166299655232     
  0.56547320377189592       0.59077155824314886       0.64119429820022888       0.60705740866897395       0.54360371483396774       0.62001434849505954       0.58519326633810564       0.64637291723384083       0.55079963235098761       0.66016771117118023       0.60525054244982324       0.60233504430765483       0.65648360677401096     
  0.84567635765754490       0.75013799401022119       0.35696664301315806       0.60080806986985869       0.67442995458095034       0.59628553209988544       0.32904453292565089       0.50156692830555905       0.96918056706493494       0.56185691764568091       0.59336835434589497       0.57443898500379498       0.54263314623023351     
  0.56173406935446157       0.58466402749206969       0.64986909399097070       0.65310209646211459       0.63648579062166966       0.64359967609084634       0.57671223845257735       0.62476458348995623       0.57817354766588136       0.60754265331700263       0.54923078609120679       0.64405876712644161       0.59040756750977819     
  0.85191137285087748       0.75810566150678138       0.37282407221745462       0.61800656987166269       0.69161472062473472       0.60875197920781021       0.34209866037528852       0.51879146350118044       0.97021913238459656       0.56826860761339937       0.60894311300920856       0.58726186168952321       0.55794619658888411     
  0.69465771699930490       0.62729253442290511       0.58021973790153802       0.70508952221520327       0.68556438091019800       0.52546040285183604       0.63778881779394858       0.69028242168651710       0.62007050156156318       0.68369070137319687       0.65915499381041420       0.62577779238099218       0.65141513310884691     
  0.85808923840484519       0.76633849007301957       0.38871861426631282       0.63436292100934200       0.70629957078851324       0.62525659599141292       0.35483832066264931       0.53672352971950466       0.97123394376341654       0.57491107693947552       0.62483293149134200       0.60085000966349911       0.57124440930038278     
  0.57288765202099567       0.54813968982266770       0.60686108089042734       0.57942105362169083       0.58656741785374944       0.62212039093340887       0.59918797015995617       0.66837367817565707       0.52156103454970726       0.60366957348978623       0.66483006518898524       0.67448190752534076       0.54442311353239248     
  0.86409688849272914       0.77424766179047233       0.40585671356578956       0.65088142671334592       0.71924855643163033       0.64145563617383972       0.36799411991970371       0.55479066156880319       0.97223983942592429       0.58219520612976572       0.64119114952541600       0.61470421793350249       0.58512696852784896     
  0.67527245668309765       0.59532972956788610       0.54694329882337223       0.57485343913302289       0.63661941059485683       0.56501272935637403       0.54794885292120143       0.64672392513655996       0.48686111919692021       0.63832950528402965       0.66587277886182739       0.66882923549034567       0.55970934175726184     
  0.86975640035308244       0.78147131156517136       0.42287426080860957       0.66773936452611249       0.73364504067301939       0.65910320206475481       0.38092886324714353       0.57236037691593689       0.97323883263893118       0.58925770342648875       0.65649376918464986       0.62841030413874288       0.60143252808384362     
  0.55464675941795083       0.60651752934218983       0.66114512411275128       0.64698083079683011       0.60765284464161329       0.64596814235424649       0.67984696347809803       0.73559595789682775       0.54173913637689275       0.63691320487776026       0.57839195494277218       0.64521836808197341       0.64313483766100066     
  0.87533362748587673       0.78903722001829557       0.44259617154925107       0.68007651387318957       0.74981788129506555       0.67631109635512032       0.39268669618882074       0.58902891196604801       0.97429646032100747       0.59612966825593727       0.66935065604434274       0.64212452080197946       0.61718668218134976     
  0.57779595050523058       0.57298259890466396       0.62063435042122084       0.51758416326990597       0.77872801935134661       0.61809179113090729       0.57364161847520134       0.58760758639235666       0.56512892405465265       0.63714930730707564       0.61591325206613745       0.64100267907703135       0.63548472349439045     
  0.88105642316986144       0.79703703797516545       0.46318368303895158       0.69190907738446106       0.76473339458435108       0.68722189826489077       0.40968656842876416       0.60591936218280407       0.97532045754380825       0.60356154130640560       0.68238852713427878       0.65448212670419403       0.63059725355083707     
  0.66614062644607086       0.64120203969193212       0.66400902727861366       0.65418135398234278       0.56449858458266400       0.59085965086693748       0.60319682209705316       0.72188333485210443       0.64951766469080174       0.64684912027238983       0.67228849232613008       0.68358339235815224       0.58839479224008895     
  0.88648349363626766       0.80516935112275179       0.48341866898866537       0.70762281363629309       0.77773702222986119       0.70013628330257660       0.42711755507741256       0.62322045301636975       0.97650637883636249       0.61053294684273474       0.69599877573348501       0.66759539123957123       0.64347635405739423     
  0.54531997121828701       0.59578899414452080       0.64142992207486249       0.59805912520158422       0.65920569260765460       0.51103346070361488       0.62452648693875623       0.59999109272164142       0.72743194826584512       0.57190907574569294       0.65909947974250060       0.64607522154818564       0.57430457564644277     
  0.89132941646065900       0.81273886378286497       0.50395207526555541       0.72289611893118555       0.78981072958059606       0.71421341136431871       0.44808365883568346       0.64097321125420881       0.97771273898759647       0.61784953961358491       0.71000535401336939       0.67939438236504202       0.65624255749685034     
  0.54811296735592685       0.66090126359005552       0.57089957811395198       0.63929484758171806       0.52605402165645743       0.56838579391112409       0.61822365620051389       0.73197323542498327       0.67675158139039149       0.69260176802835316       0.57523289250510679       0.56693339156699973       0.52569630899901809     
  0.89604485259557787       0.82067088749129158       0.52403227351334436       0.73481784962355245       0.80115754010497986       0.72800686367073464       0.46831001458011390       0.66046971502269569       0.97877695771966511       0.62410008676126438       0.72379350995585723       0.69159536213532824       0.66970320548370676     
  0.54747915797721658       0.57941377620430934       0.68781855232547340       0.59483590542162779       0.58341928738098114       0.60511839881371621       0.60480942192206932       0.69600436481983075       0.71165590128553058       0.66469122884685472       0.56693108406860049       0.54914577749250171       0.57331499975211642     
  0.90070053669080763       0.82873878956110747       0.54399643862797165       0.74693437342825841       0.81237539007602377       0.74123150185126307       0.48948442213179361       0.67922041106428421       0.97979263007930928       0.63056582575643993       0.73721152347959362       0.70470889132210734       0.68361348755093765     
  0.64316674523809103       0.57790624146286651       0.76031888255796953       0.59857138284111633       0.57643176412646102       0.56065994484849990       0.58405305231339921       0.63251352374549819       0.59048786087479166       0.72575685713100990       0.52725278160381683       0.57752756809426198       0.53384810354984358     
  0.90595474050551794       0.83674738099706614       0.56710252387050630       0.76254739601244104       0.82297549398789116       0.75402227947200595       0.51134394989588061       0.69590619978991131       0.98079650232434423       0.63750758880727110       0.75131302720234328       0.71811330459825018       0.69779540519427519     
  0.59634736634452978       0.58528613357435333       0.65670884762189841       0.62074857417768192       0.66861268383867101       0.66928459460072731       0.62677728416506917       0.54938839479685264       0.63717629960442823       0.66959382924799737       0.58410364855782881       0.54608833290747438       0.61159488959832631     
  0.91185556207238427       0.84500668826267222       0.59162540841734457       0.77790552453899320       0.83347486842657470       0.76689075839038590       0.53277273305502892       0.71242410631789244       0.98176218505684210       0.64436009096299229       0.76477426705468532       0.73210714208442274       0.71205195375579178     
  0.58932185099091472       0.61928331712125317       0.64556525958547073       0.66515037623670081       0.56680840105107710       0.68969116099236516       0.62640935839422018       0.64869600330139543       0.64577153952575606       0.57525107614278048       0.55514567216927779       0.56974390099523398       0.55446402547056539     
  0.91756738061986254       0.85288032362326516       0.61659866068053315       0.79355114109122094       0.84419202456324738       0.78147675142698247       0.55407357307829486       0.72550272759954570       0.98271836243691235       0.65262294010170463       0.77941644040485303       0.74751500291350015       0.72579682414434221     
  0.70827747471782809       0.67186729776346699       0.60645005318966627       0.60563303385084644       0.56476830526368682       0.63617250749765442       0.58803189655620247       0.54559487938552853       0.61246955098991196       0.65299074590082262       0.58150073786774292       0.56821479516793238       0.63028568209803415     
  0.92357178300953013       0.85998622513768108       0.64306436857249161       0.80924848324963272       0.85541531173442109       0.79725790042893707       0.57599941719557546       0.73887956548813827       0.98371386670692373       0.66098311226706596       0.79396125253561445       0.76398310965199667       0.74073575979411466     
  0.66389691271542695       0.56653565490741598       0.65847750534754357       0.72518218925877653       0.62429535227406352       0.54803235801814465       0.65449306079179381       0.62051907549710095       0.71751114592746179       0.62027010156919449       0.63268303895106626       0.64308520126826152       0.57889549390502393     
  0.92937636110879362       0.86741253981916322       0.66507652919992022       0.82508285205464704       0.86742807027714230       0.80957655306838328       0.59867799834145030       0.75087243933875691       0.98465052045896428       0.66905530203850616       0.80859765186450561       0.78001077514625317       0.75885161241181454     
  0.71174717725719538       0.67714671301531981       0.56283358430467156       0.68214357024086869       0.60042857379147574       0.53243492438851847       0.64203503282684293       0.62037687577532319       0.59754697103609078       0.65200339406844010       0.54044339115442241       0.56431232534415121       0.75286255485762088     
  0.93449613864182257       0.87752332227617591       0.68513937730953500       0.84001967732611671       0.87925130263965701       0.82217924698820521       0.62247656110702054       0.76274467851526628       0.98575087634002512       0.67737859269083101       0.82270219359094698       0.79562938284367057       0.77632354187428232     
  0.69225819592938675       0.63168146573848294       0.56275642554372551       0.61178707002236965       0.58114626953366122       0.54262759553201856       0.64096327899108052       0.56307247451885845       0.85846461899269455       0.59168008895943003       0.59120359520891208       0.56659319292214871       0.65227887666959705     
  0.93951084619199721       0.88725047017276593       0.70775203922653085       0.85333945293604430       0.89052262189436748       0.83628196338456040       0.64662625188710787       0.78138827770734154       0.98686384247137104       0.68496598300633582       0.83571085698552594       0.81124736868476266       0.79328384631116788     
  0.70324074234876477       0.65771477461288885       0.55596319183254694       0.58251115549280164       0.56091614949972690       0.64115512734620994       0.59157688678122633       0.71442062713209098       0.73527812271469395       0.53454697981361066       0.64833885365761357       0.50594093510225835       0.61346019849585287     
  0.94429418978562440       0.89551260946658351       0.73009203497109731       0.86670684106244011       0.90114448344620179       0.85073677194084529       0.66830059926265040       0.79888727936457882       0.98786706170408123       0.69247876960326005       0.84891201158049889       0.82695423426330406       0.81085262344719689     
  0.61167013466801345       0.65726136372637600       0.55471618428955560       0.58543307937936029       0.54164831959413728       0.59094168710232198       0.53484003536497293       0.59699926117821678       0.65044942744295409       0.63815986331596475       0.60061036297504800       0.61131576321811776       0.72139165375019254     
  0.94885005993114047       0.90398720618386641       0.75424389591336771       0.87943804861612962       0.91071992598311546       0.86608323195132997       0.68976948712229835       0.81639929880186357       0.98873065386414638       0.69885049877237948       0.86465179125329328       0.84283700090866376       0.83029160413418257     
  0.61917127102940317       0.75165983177358786       0.61441799185934620       0.62624642255450691       0.52796213708765549       0.53393745113071156       0.58688117008673490       0.66873992954319073       0.70173834925095024       0.60719955211261067       0.63560288627166928       0.61325694292091049       0.60774925496992438     
  0.95381166082747038       0.91181605399112431       0.77858157450962995       0.89107778336225429       0.92017671511517896       0.88100449955846227       0.71189554771390984       0.83428948982195617       0.98957961608872591       0.70749542656975239       0.88068630738569609       0.85841224642391811       0.84915664708797611     
  0.66227448580758519       0.58704883259905483       0.69652846095638643       0.58923094431848733       0.68312274759496516       0.60328773912617895       0.59368489169969874       0.70959353721597918       0.65225808142248476       0.58054090457522389       0.63497953010263797       0.67700857178925977       0.61867671774530908     
  0.95934751417930919       0.91977214225652038       0.80448755931683602       0.90218286423671801       0.92888468441846295       0.89522553956217965       0.73402680146079524       0.85483789213405748       0.99029363420790883       0.71841997325958418       0.89592489088639060       0.87415193708432770       0.86389552615136944     
  0.73188171885532416       0.68897089133005496       0.66220643593006678       0.57705896303534177       0.74110952017650999       0.57609314128853850       0.55986952815010915       0.65418836767133126       0.69136089950025936       0.63837304572663967       0.61969383870961026       0.58940628567063613       0.65847764377491114     
  0.96466573559644164       0.92802039687041160       0.83012550447696343       0.91625312230384393       0.93664965538428080       0.90941566049659683       0.76004869226946004       0.87558132875033390       0.99102908230492237       0.73028444759161881       0.91097887882072559       0.89015319493060108       0.87887132282097602     
  0.75610136794542637       0.58592675215225787       0.55221267056386203       0.59553385917538582       0.57483457951254957       0.57554666146997513       0.58656089516735777       0.70938384513024577       0.63243310709139433       0.61687634390966239       0.60563230209738173       0.63005003144327776       0.61285724128874619     
  0.96917786381721638       0.93621622017258521       0.85498551062992878       0.93087442208909754       0.94416980577786380       0.92318882934699897       0.78573147685040678       0.89405731123117094       0.99185929349853741       0.74406333934175506       0.92531809193468195       0.90533866206187275       0.89566478114271353     
  0.88823445164314319       0.60955019220323303       0.56161471883222636       0.60347341583456104       0.63468845235300586       0.60226849339998323       0.59481368623041453       0.66823322201646562       0.66130795936876008       0.70277141284257350       0.55874503859144942       0.58024913954200830       0.71083137404921859     
  0.97334670706915805       0.94518847486183721       0.88181201714826984       0.94630720232954235       0.95287734993058648       0.93518775199850990       0.81491297448148670       0.91156179610140831       0.99275347716095019       0.76216880970210366       0.93921450650686633       0.91957300964360977       0.91062918900314083     
  0.68220173733789191       0.76877666121324872       0.58565433950479262       0.52288013000939826       0.64127074711528609       0.50491834053983831       0.65584696806146792       0.66708990889134812       0.69141712454941839       0.56712323335769410       0.65907366027598291       0.53841284162219794       0.61623766292878812     
  0.97703543693447448       0.95455989818708642       0.91084227620947955       0.96246492872402400       0.96181236767451195       0.94608606773073189       0.84202418111909938       0.92883978792856203       0.99362947072138230       0.78578521862829931       0.95111464813512603       0.93535015799851806       0.92778482332267131     
  0.65914564652333529       0.62885625148535518       0.55753078016851032       0.57896597467044497       0.60977133297123953       0.56747265047637163       0.54343474342457632       0.65319840247033800       0.64008907460918474       0.65958289815753091       0.68462524737662001       0.65170195262475972       0.73778559578708902     
  0.98030123688308568       0.96411789401826864       0.93723513012301796       0.97141214606179360       0.97186620941993584       0.95873506568546640       0.87785002585545935       0.94588468564420614       0.99474362992465604       0.81924771922665718       0.96344362612538015       0.95406715772535022       0.94613273625191030     
  0.71056492264080173       0.73652769601399792       0.64237493367423881       0.51352459248679883       0.70332661695303855       0.55262554563891908       0.70562973487318770       0.56450109986926944       0.81417375865593167       0.62783326954039298       0.59615039953528759       0.66306787279516377       0.85221633426744281     
  0.98499085462519731       0.97391548919295867       0.96057304899298213       0.97939502309093074       0.98143435601651907       0.97205002636635818       0.91486778215655007       0.96361837939672546       0.99585048866182269       0.86392153278777428       0.97620922079365935       0.97128733185689720       0.96445290348019841     
  0.75662700223723733       0.68827017165239845       0.51230747406663857       0.53688887237877025       0.60633274267564485       0.64104856731825666       0.54117767933416605       0.65635528089008321       0.72412362488042570       0.57613523779335063       0.65216087040531556       0.69047378180579444       0.62806145845000061     
  0.99260640502816500       0.98601049630542892       0.98060564667317751       0.98983540617820642       0.99081371658625250       0.98603789030962630       0.95666372644506326       0.98214201388478817       0.99771232531090681       0.92992243498162563       0.98803894246664403       0.98593678536081775       0.98228397898917708     
  0.86363212028929837       0.69306968173601191       0.49006976199016705       0.58791973643027029       0.73625107995208450       0.63848258353760257       0.59120034395746535       0.58242249305947957       0.76378774981493869       0.54779574549189947       0.69003199568333773       0.59051702887401025       0.71878080996623384     
   1.0000000000000000        1.0000000000000000        1.0000000000000000        1.0000000000000000        1.0000000000000000        1.0000000000000000        1.0000000000000000        1.0000000000000000        1.0000000000000000        1.0000000000000000        1.0000000000000000        1.0000000000000000        1.0000000000000000     
  0.75036447184170196       0.72785942160008965       0.57598641220322966       0.61230908647322158       0.65202649583801064       0.63709511215564296       0.63560288627166928       0.62712198324278023       0.51438199536371065       0.50625666079728282       0.53399906640588468       0.59268192491663918       0.71020831979129273     
   8.5274240433582040        4.1391554852494412        23.061401400657772        5.0332808976221486       -9.2581017429603865        2.8394726862960558        25.614279080151558        3.3880677208029026        0.0000000000000000        2.2905418186941788        19.226215081728359        1.7574648814177594        7.8255403545934064     
   4.4974914857751491       0.78345954072792967        8.6715942009875153        4.9999784256651303       -6.6413606967083956        4.9689107470258600        5.9067171857873566        8.2175534691564902        0.0000000000000000        2.6330926353216664        6.0825407354059804        8.3302442784166093       -6.9409648195818772     
   14.603941564113462        4.7345914350843774        4.5224130099615047        2.0794128182485472        8.4914900508887552        7.4657027672774463        9.9882475439010463        21.389951169054765        7.6421391675272492        4.4607896227875266        6.6709247265398330       -2.1909369454154701        4.2172441669945124     
   10.622535768412680       -4.8904221729992097        4.8373453768894343        7.8333763707511519       -11.929824836431946        5.6677480895134922       -2.7950955044722243      -0.59160235336355749        8.2077311674821800        1.8684565763316174        6.2114955686314133       0.29188531585051825        8.2940376891775678     
   4.6380999179000728        10.018748187913673        2.8220217252665494        15.012004215642470        8.4392676123731452        4.5571394544865722        4.0742009862702009        8.1709692766687070        8.1315760216713624       -3.0727713351480794        14.929947985994788        7.2443614884167786        2.3887255417509188     
   7.2682049366121664        12.563470042282338       0.97230813411852490       -3.1828571467992544        6.0430348106343539       -7.4390545509954906       -5.9510216905158471        3.6269952770735534        8.7258034290534159        20.674610377454059        22.402484012020238        25.951063617292320        24.770379358870620     
   17.948939235539264        5.8750108271636607       -16.953272409286299       0.52716194465935329        6.0601700184044516        3.5322113378968996       -1.6045375049333226E-002  -8.5466037863955844        10.848232585526219        6.8858554376054606       -8.1441139106783282       -6.7567122405139264        6.2919631910624227     
  -5.8485064153005810        6.3080315684057826       -2.7754664996732843        14.812003215148755        26.103395867865391        19.111932970839643       -4.6451708217777625        2.7530313656719225        10.965734637505035       0.22183176120202494       -1.5668256285610469       -2.3016161789393310       0.35194850105396913     
   1.9384066968028543E-004
           1           1           1           1           1           1           1           1           1           1           1           1           1
   8.1609691502790491E-005   4.2098194021960535E-005  -1.7289698433690641E-007   5.5714989523906127        2.1630277187742261E-006   6.4476454984124737E-009
   1.0923005373594228E-006   7.9476812684057707E-007   1.8794650947938603E-007  0.60880506262186429        1.8770511799233367E-007   3.9556735259006803E-010
   1.7703546782785809E-002   4.7069703953720419     
