   0.0000000000000000        0.0000000000000000        0.0000000000000000        0.0000000000000000        0.0000000000000000        0.0000000000000000        0.0000000000000000        0.0000000000000000        0.0000000000000000        0.0000000000000000     
  0.22986030770063273        3.5641241306086278E-002   1.2935762346118545E-002   1.3706497266450894E-002   1.6393987118515967E-002  0.43761601933387739       0.14129400969791239        8.2175447660974996E-002   6.1208863819933602E-002   1.4688281987454409E-002
  0.43618336932420548       0.47540681134130047       0.43927406436169819       0.54073985369837130       0.54712804408782423       0.41486654090037939       0.41165025275037026       0.41165025275037026       0.63220761214696952       0.49073310238918499     
  0.35420699500449276        7.1662336546088667E-002   2.6285485035972417E-002   2.7774223150545008E-002   3.3083717544243885E-002  0.60588074162171357       0.21465976373171786       0.14610053978432150       0.11118422402307039        3.0037238904615605E-002
  0.57692213712577944       0.57346679140260515       0.52995441885712979       0.51306486824437547       0.52614843441789483       0.66775132412920102       0.46168348448327939       0.53256521641555088       0.53029905407443356       0.56690465593694461     
  0.41443869773975367       0.10686714860648423        4.0330952490481596E-002   4.2783027165252598E-002   4.8440166904965672E-002  0.64654148932657218       0.25396403384689759       0.19198035587707599       0.14740217862811797        4.7751699679546851E-002
  0.55161783217927329       0.48890004887844568       0.53057482257032107       0.60365281161802076       0.45046653537829462       0.51308992581180690       0.51549978272247543       0.58279607726912874       0.53759816481194977       0.52262370431678540     
  0.45819486035572821       0.14215376055805767        5.4166795215569059E-002   5.8625079655012118E-002   6.4089963948708986E-002  0.67967353874307190       0.28120172667526039       0.22933322057868694       0.18215148122413588        6.4567133348605754E-002
  0.48492062830862459       0.53421512114010317       0.49523764882335758       0.42856392543046112       0.53382144771969975       0.46719993783067848       0.53503426596630954       0.52053879285017601       0.51995078373035186       0.67618657521296910     
  0.49131565649799430       0.17430613003268841        6.8390685728293904E-002   7.3574843442662047E-002   7.9685037623538041E-002  0.70388724422592264       0.30291607894768963       0.25992767702151393       0.21384235623553818        8.0852730994144278E-002
  0.54078312034081288       0.56863544691672008       0.51697679658384654       0.52419002230298373       0.52787095140879114       0.46033680653163800       0.59738957765101652       0.50338438854001388       0.56374716604342878       0.63955788552673498     
  0.51744927096933979       0.20577194365319851        8.2855656709586126E-002   8.9055138972010242E-002   9.5777277593661336E-002  0.72334263774389107       0.32163323215417872       0.28530364231254812       0.24015596776291948        9.7244823710899195E-002
  0.52152747672734878       0.65225583073994942       0.48562506530542432       0.48690385842805389       0.46440863561693080       0.50794434803251420       0.58255137662717504       0.53002605229240063       0.47724848538579906       0.55256667731066922     
  0.54104591210327990       0.23688000672430581        9.7888020577058490E-002  0.10448878495065980       0.11182984632332650       0.74109086169240301       0.33804214382882741       0.30866910629646926       0.26297985219689979       0.11386402696135858     
  0.46707123530810307       0.64916237848053004       0.50343158320096060       0.51544129216196166       0.45858687043080704       0.47750122163116487       0.50806109864357107       0.49100574706121708       0.47286196816846399       0.53463620490267305     
  0.56328903231661920       0.26508900788778272       0.11339744911260304       0.12036307137787468       0.12806359302582987       0.75670517980297636       0.35267509485661663       0.33077266215864776       0.28389093082155736       0.12867135774875557     
  0.47602741355599915       0.49087776142310657       0.55497806227484325       0.55282981139125853       0.48966419205846845       0.57091262013988442       0.48419053617484076       0.51543844256200977       0.46003256597322539       0.48150292119056737     
  0.58295919982928335       0.29167465264709302       0.12854464017900538       0.13729522747143225       0.14479165936982505       0.76964125389960480       0.36542678249063110       0.35172786527055039       0.30486460068742716       0.14256621581111181     
  0.50065421233984853       0.50762412553483338       0.54186416395358150       0.47282176054034347       0.52617016972510855       0.53628509117383771       0.54117388489308349       0.50203201101950312       0.49440900976192637       0.47197787434937033     
  0.60144598239949598       0.31696753526521965       0.14242554628521559       0.15311337819026313       0.16175511034480441       0.78156549505144080       0.37776873572145847       0.37193865521913683       0.32571991772036790       0.15769505608465453     
  0.49076697990938889       0.56425652801113269       0.50336904967103502       0.46903075566938984       0.56930535381828951       0.49040776515940887       0.58208527535209398       0.56968825559940584       0.44537138472626897       0.48983400578093389     
  0.61797166474339682       0.34102955556564130       0.15581155210984571       0.17307043424224675       0.17852143516148813       0.79091430990374068       0.38971427358900346       0.39235382259805029       0.34659516156352299       0.17258836314932549     
  0.50452355703430851       0.55879182015055073       0.55201670541265002       0.47480358370359327       0.59464078788695574       0.44608136054697700       0.52635188070471184       0.52318409362819274       0.47891750542245815       0.47300499181749772     
  0.63389286818002433       0.36398216359666208       0.16994214552089598       0.19181914334812947       0.19319676881933084       0.79978814948101751       0.40165016333869058       0.41251196948371666       0.36618876886598845       0.18734142852599706     
  0.47380218974632921       0.44406550055513677       0.50215998433859887       0.62908669142315654       0.48214814370842818       0.45146181888367415       0.59868579936108757       0.57535890936721579       0.46095825901507664       0.48846973790922699     
  0.64803723854878481       0.38633774756558553       0.18504942644694952       0.21196210891804426       0.20851957785859623       0.80792534285802586       0.41347386295921501       0.43131372496920756       0.38539178212947495       0.20222073101019103     
  0.44556443300554099       0.50555664603570305       0.53611340137539676       0.52239594272784062       0.52431617460326296       0.44933483239104882       0.57995246635118358       0.47325407701545785       0.49933661769576093       0.51100883654661478     
  0.66118873209055906       0.40816862327628989       0.20071828782703857       0.23310632759038280       0.22401375211750671       0.81558344466862653       0.42513792206894369       0.44891850023806834       0.40370172992790060       0.21783850427674639     
  0.44596974766423397       0.48049712509013065       0.46090630170829067       0.56735192601084539       0.53669275277262507       0.57806246831571739       0.49174975090881701       0.53926039565695483       0.53514909614911377       0.51363642862297720     
  0.67312046811566861       0.42947578190624786       0.21682781523490988       0.25290393960346796       0.23977740444768683       0.82287600713407805       0.43638510929271723       0.46581133023796623       0.42090811467359057       0.23371416103027656     
  0.47261822984231605       0.46927397968261225       0.57737002430016726       0.51597513707141029       0.52563855672190962       0.47400093733636040       0.63109911592004442       0.51804412630933350       0.52129112912373665       0.54771215289145048     
  0.68531731355258763       0.45048300690359805       0.23362841666925549       0.27280963707030165       0.25547851197554672       0.82966006569341644       0.44709723074901331       0.48226666616529001       0.43695304856435596       0.24865648925921988     
  0.50041575223772738       0.57531534010714935       0.52617976977571668       0.47225837233657891       0.48659611018564380       0.50067000347212831       0.46475756040531435       0.47866373654859568       0.48178445053852709       0.50897020190234232     
  0.69641812297380967       0.47126139163100950       0.25104431983656922       0.29305881760623165       0.27160454361255776       0.83609128488054429       0.45738613066309269       0.49840935779718737       0.45273754354945434       0.26235819582510728     
  0.54968417834512939       0.50427916869037215       0.60233140608596980       0.51932121849094570       0.48892232468775054       0.43017669025443306       0.43520081625972734       0.49568058037962459       0.58525478312531698       0.41531269263209392     
  0.70689968320942631       0.49220026673768835       0.26836617333931534       0.31331978568927699       0.28874317410298866       0.84219279617588816       0.46737874079053843       0.51388883175671696       0.46858869798355457       0.27697511038378636     
  0.48403012862968070       0.50011009020333697       0.62984720572117003       0.47917392047412355       0.68107241786350192       0.53254682633437456       0.47663370505199043       0.50680090892564111       0.49128231763666563       0.48689865015526856     
  0.71651274530815134       0.51259449260638823       0.28500881113822507       0.33312922255100180       0.30618270852442736       0.84810134038805585       0.47721900369056103       0.52885729228849343       0.48481409662479236       0.29160174110648357     
  0.53901359482978239       0.56918341935212380       0.54883785769250260       0.54329849704648225       0.57374832401723963       0.49509261166722868       0.45862314199065490       0.53197848875765152       0.54706392786731206       0.50175135819261618     
  0.72626388259212304       0.53265534948277515       0.30148821100952522       0.35322762780055278       0.32309240706489206       0.85365353390855592       0.48659290567204716       0.54348873314782475       0.49907713835108219       0.30604573537572949     
  0.52050065674435986       0.60438992977634431       0.53402447237428041       0.53585378304007958       0.49638133037659044       0.58195518012726577       0.48138380664470665       0.49802412243712468       0.51962257155189595       0.52632718298903036     
  0.73554774495631503       0.55163887523673760       0.31785572334114115       0.37199605634266292       0.33940126349727001       0.85915118122245060       0.49561184341150799       0.55673773036359575       0.51255114501061816       0.32083912546290227     
  0.51839571645366245       0.61611170927336212       0.53211915263247433       0.49937319893233684       0.62134087180251485       0.49211888846814822       0.58738379859715084       0.52313311440457966       0.47430006501644562       0.47655897424446259     
  0.74480673901239969       0.57046894185698704       0.33262496451116708       0.38938039311503220       0.35529065065121496       0.86452416494043316       0.50443809107024273       0.56957052072053371       0.52536206582710010       0.33546147283537447     
  0.49319241046490353       0.50480784180256333       0.50695119392447607       0.48925374656344173       0.47055817967164049       0.47342606340471260       0.53277824369614579       0.52164588362413689       0.45210069301871392       0.49653807370517294     
  0.75306951042974535       0.58786792860487791       0.34677762316359434       0.40732295732582191       0.37112812877472534       0.86960491482755742       0.51296501565119013       0.58335347583507591       0.53891380024587221       0.34889414178056005     
  0.53392007921780571       0.47464683534006569       0.52944194215972995       0.54117407292979802       0.46750762813913560       0.45872794410210688       0.55443773210438940       0.56662480626723088       0.62136760551029047       0.53924929903955665     
  0.76169350246512024       0.60558520572937047       0.36173682849034661       0.42586452932446656       0.38738901924532959       0.87453469113345572       0.52121041076668484       0.59775158112658000       0.55302735813317683       0.36217587182602856     
  0.44967593008458062       0.64265570200040234       0.47482825624837999       0.52010959949148028       0.57208814616908399       0.44508772935130669       0.48975823495421061       0.51957124047276670       0.50485918279366493       0.49615084700883255     
  0.76977402595596001       0.62367437964638317       0.37745887232944997       0.44452206824833790       0.40413384617337783       0.87915317538505444       0.52939015268878853       0.61095687754276684       0.56672005343946885       0.37573561881066547     
  0.45126975867073449       0.50708584340451957       0.55677531162862126       0.55613162094102575       0.50363416310656584       0.45457942297638537       0.52010437913079866       0.55405417931665457       0.49429712594950759       0.49520614779320221     
  0.77767508485587145       0.64170142014970910       0.39380125078025385       0.46390727594230335       0.42114098013407991       0.88342553718493877       0.53783321580611532       0.62279109728792403       0.58002698125703067       0.39058040026080149     
  0.45654819061406160       0.56715396713767219       0.50542156629771229       0.54208563026339351       0.52267846303906784       0.54245387790074417       0.53556465042564760       0.53844992437222461       0.50502409000234660       0.54975027447252067     
  0.78446210210031964       0.65782661378237317       0.40939339242638684       0.48095377093540803       0.43769059381131065       0.88756872113786089       0.54650475996652148       0.63497062233478163       0.59307086442019130       0.40596106188129893     
  0.48591300727074066       0.55704774130839041       0.54697064463749467       0.51493668644991708       0.51762962358090558       0.47407562394066854       0.50315577659553545       0.50338898892700445       0.48803267145083024       0.59281944210639270     
  0.79075700967337015       0.67403659763160673       0.42379495041002241       0.49681217724156479       0.45406692099964852       0.89159992803403154       0.55529797919354129       0.64680739642912677       0.60591369376942705       0.42145111388063328     
  0.53626754832067913       0.50213380737892699       0.52026136778428167       0.48072114989407050       0.53058453447501253       0.54301109660533187       0.47186777113155820       0.45669519887367488       0.56389032386025173       0.58989623741210107     
  0.79673872207473939       0.68948910949779563       0.43771784687148535       0.51307584654862681       0.47016479212065815       0.89542954730631963       0.56381087288403620       0.65787876831958481       0.61906370942441413       0.43670585009383084     
  0.44119581674420455       0.53976470447597114       0.42270502652203035       0.52516153656104358       0.57667461943448728       0.42552422971644022       0.51138092720434192       0.47185725353493119       0.58839771920798356       0.50470119336462860     
  0.80304353898154746       0.70515401916455644       0.45256269572749008       0.53139359568381761       0.48576951359124154       0.89917358187629570       0.57200198627290089       0.66851792811180633       0.63262619111878415       0.45232220887713243     
  0.53339637748864033       0.59784999561930818       0.49109327437833100       0.48630169113193061       0.59730874215240592       0.50268895640877176       0.60515631847518336       0.48340081240695210       0.52835521175378908       0.48480863053465251     
  0.80938775903719651       0.72114468364469431       0.46762186867941885       0.55089280966089904       0.50017032378624260       0.90270508117687398       0.58034675405868374       0.67866567552568302       0.64590227925564769       0.46840367667903343     
  0.46814021525936894       0.45893448056395786       0.44147825353807935       0.55077631029036767       0.56232679624931503       0.52398732941437731       0.53378160410005748       0.49751152973735441       0.49603757721952874       0.51292998358205921     
  0.81560512385814721       0.73581750428826043       0.48289334964736663       0.57026650767475118       0.51417589325751456       0.90600672519010905       0.58897651462627387       0.68801906187969208       0.65847823779858061       0.48446863783418098     
  0.42964768060383407       0.51107433831710003       0.45349477614423062       0.58162270649115311       0.63842601880602523       0.47999283335869125       0.57872967334073055       0.47864291844166973       0.57626454661176041       0.47273650182325194     
  0.82181002295178118       0.74999058943506514       0.49789969569505932       0.58977561910450627       0.52759720999486359       0.90949139160776760       0.59734787891718422       0.69700425479011363       0.67082080039723102       0.50067769334736556     
  0.54942773597898309       0.53208170478221906       0.45550466474443024       0.54240247876729475       0.52432910424169343       0.44827953440865048       0.61056112690121234       0.53673212403547099       0.54702953373207963       0.52095154763687290     
  0.82782244792940496       0.76266310559633510       0.51217503735169834       0.60882496978473988       0.54223431301237357       0.91306834812252868       0.60520761340043383       0.70586919239720869       0.68332999269751582       0.51634242885242498     
  0.47567406279279628       0.48966337117449016       0.49001802246494475       0.51062156556749028       0.49414325645333629       0.52255835605500689       0.54484686905481683       0.49838306638072305       0.50846010992097723       0.52891559141836997     
  0.83392702854251499       0.77341148984749808       0.52653333552786230       0.62690566059584085       0.55696865290442776       0.91655342039154020       0.61270947038189927       0.71502841851649213       0.69583897894543134       0.53216763906941655     
  0.45912627906058928       0.51468217587191600       0.50643440392257311       0.50522744003421693       0.57665869309068085       0.46181997873762176       0.44865531103994033       0.49996235835506586       0.53104922656215636       0.55737764593661210     
  0.84016504692884930       0.78491130755291305       0.54145278899895621       0.64447148371606500       0.57147375333628925       0.91999351292796383       0.62008718264223728       0.72465666709508125       0.70842432370833597       0.54773107979334668     
  0.50262701493786621       0.52709608057153501       0.50947272799731014       0.52180913642326576       0.49927756438427923       0.54737419517703556       0.49399329627864841       0.47256445529628027       0.53791379717260646       0.52872605728719246     
  0.84613516534289823       0.79708804275887013       0.55704197042780790       0.66136667798621906       0.58586948619235424       0.92326521493041014       0.62799354017242770       0.73460708555391341       0.72191366298555271       0.56323526449782979     
  0.45958455252454644       0.45443175156730520       0.56367364099691908       0.47451467410555470       0.50805084162676328       0.51381436404446745       0.44759597784734600       0.52867163283312013       0.66248362768683977       0.53309656977273090     
  0.85161017791273352       0.80948944656207922       0.57260353675408293       0.67751942706292845       0.59962751211175425       0.92639643200082700       0.63627288767374424       0.74495809168144977       0.73548942931269745       0.57928213142977147     
  0.47476502386688468       0.47391016630975219       0.47370556828517318       0.51536383857526558       0.50158988858788056       0.47978139514436036       0.58336467599239972       0.54188074925489293       0.48926831494854106       0.51336774657075823     
  0.85699671505002939       0.82153056208212549       0.58867808346274519       0.69361136951286984       0.61341747685894865       0.92956137494864766       0.64472623709345134       0.75529907577294053       0.74906217497781036       0.59479965704725246     
  0.43384648545085808       0.53383180466333835       0.47508745414989262       0.55030644974691989       0.55468222276075474       0.49605102430580966       0.59615226397480126       0.47643782270010937       0.50974613088618215       0.45987730409289873     
  0.86230988818949250       0.83253552861231050       0.60506844070840016       0.70980340635309536       0.62765502670576123       0.93271818535774009       0.65306858881193930       0.76506798389735942       0.76262109430200453       0.61165281530365356     
  0.53882891247400877       0.46589779235306999       0.49151247809629567       0.50544941214274086       0.48397545533550884       0.50334513552113280       0.50535600035697004       0.49549861510172327       0.50791179474491965       0.57356875212777836     
  0.86768364868775139       0.84221369726387285       0.62074181042644017       0.72532705406237408       0.64248370350902706       0.93574725686936555       0.66097829544523434       0.77410982861558197       0.77548704002561775       0.62849631968520125     
  0.44898250900804931       0.49998343882176943       0.54338173355143482       0.49318817240725693       0.41546761775459956       0.49827992065448695       0.56469608045567865       0.48198192384786709       0.60120590710636423       0.50996902571200775     
  0.87315150417340293       0.85134569041360486       0.63469454046929252       0.73945275148042089       0.65702334700961618       0.93866059931316148       0.66874982572967345       0.78373666998762859       0.78888297737173918       0.64445815967421327     
  0.55307292953209697       0.52908623849611802       0.50765900346183035       0.50547983637186822       0.54206376015221625       0.47421740056759548       0.55178336520251103       0.46463225619911946       0.56205548475795686       0.51959137325197446     
  0.87865488669791936       0.86099849437415565       0.64846417410075063       0.75468171049336275       0.67233486303677281       0.94150148411241108       0.67662655661718007       0.79325129836006691       0.80111112744963686       0.66042555287325022     
  0.47267025322741324       0.57926783755904676       0.45869087459642810       0.63798046008547782       0.56372497708729374       0.48229114717522031       0.49477768976836817       0.63744292003595338       0.52126785303476619       0.52790972550744986     
  0.88404428879660391       0.87088372717136231       0.66212419081527407       0.76941695008548061       0.68743795622693327       0.94424908810488339       0.68487826890466963       0.80286095233088917       0.81372884262812983       0.67517966895670767     
  0.44338661244266064       0.51637707317496717       0.55200411075104916       0.60295465460407272       0.55696161736108052       0.46960667918527321       0.49683110123011204       0.60346525769035964       0.54236885740773100       0.43289557841130938     
  0.88936984359286286       0.88025846005913588       0.67717777107103694       0.78397651549584835       0.70341656986189161       0.94694738209036067       0.69244995897379502       0.81252668173741083       0.82465882516921440       0.68989096067038591     
  0.49239285399483540       0.49725254344977743       0.50832776239318400       0.47621074284863169       0.47173693964521834       0.49728131216328186       0.46021680188077441       0.55365397059915067       0.59499579347619691       0.48677690082733094     
  0.89460584394726617       0.88889440580869938       0.69349995967667966       0.79814546235363271       0.71865415588726422       0.94963121325729682       0.69986023225228122       0.82246736677541177       0.83502392305641382       0.70497099979167244     
  0.57335947666555664       0.53737292488885280       0.55450832363366853       0.60884256519216495       0.54623732944519898       0.59831126070817209       0.47038292009941379       0.54792243736367452       0.53107179125819559       0.48895038765292659     
  0.89989840068141747       0.89736710880467763       0.71013380693062733       0.80935498389577909       0.73321284263989095       0.95222493080013060       0.70693045934507504       0.83220380486021694       0.84570020658020317       0.72029409587798776     
  0.52329562730769030       0.54316626319586225       0.56578121201187781       0.47739101531491696       0.60374521913327261       0.49159176662990844       0.46398202681490047       0.56884320400664001       0.49894098197728182       0.49136194832045832     
  0.90520266042212139       0.90557130256372731       0.72680667221515460       0.82046250705721879       0.74767022738753508       0.95475652071070538       0.71389919280263670       0.84196553714828981       0.85593667716298172       0.73705856230354605     
  0.56059981460497099       0.54317576497577491       0.54626604765778020       0.47893563726043781       0.50889408111047940       0.58609699434336970       0.49201698965266594       0.55215496983828083       0.46859301803762060       0.51139477640978492     
  0.91058409258923390       0.91337021284011477       0.74329157211980368       0.83390233143514247       0.76259633828946594       0.95732095522239591       0.72237204556095902       0.85109968475025588       0.86588986061810136       0.75384612833410813     
  0.62630305861255264       0.43960815366313871       0.57075807097999620       0.51211305796017159       0.50199831351080604       0.55567121598723612       0.53778968984606590       0.49818653990218859       0.52444843051548995       0.55440159042535420     
  0.91576878310332432       0.92086162358496371       0.75983682414910370       0.84689788786982811       0.77828376715005576       0.95985001685773363       0.73105968575630897       0.86027381569155115       0.87614292897541757       0.77073404235604237     
  0.57318717067844271       0.48376173502074915       0.52692309395455494       0.49506267189684772       0.44620655332447828       0.49529675307494864       0.47976492465003756       0.61442251116317825       0.46852390294952190       0.58164362273376613     
  0.92078751135480519       0.92819050669797054       0.77659833709476178       0.85915816020193581       0.79456867494233574       0.96228824126728019       0.73986271441737350       0.86919325821710558       0.88543183413460991       0.78772865693725191     
  0.51927848227791318       0.56145719062189448       0.53049771529175938       0.53941573007979382       0.49406686860274313       0.56439543865833985       0.54030758131653034       0.54468780172316611       0.50415913987406691       0.56884832699705901     
  0.92579502386576107       0.93520757173257774       0.79387547759643184       0.87059800375464713       0.81062159286606572       0.96465437286550848       0.74841624720293787       0.87774250175206825       0.89522468231825969       0.80403773516894306     
  0.53397472570029481       0.46489723822205675       0.57293997326319801       0.50546358384248502       0.51010415731709147       0.46601566623915147       0.60714264179954158       0.48382313757931872       0.56798443760813577       0.64065350088388062     
  0.93096965101770690       0.94187981354022410       0.81124170112747807       0.88144163227031136       0.82714980245067227       0.96718247976534522       0.75738665601427491       0.88664214511317352       0.90386923375835360       0.81969248205873868     
  0.48362174003429065       0.48910936541856065       0.47925218887762039       0.50396911388084475       0.55493526893987166       0.51073389469265840       0.56880607824182539       0.53928553469050922       0.49801988332186992       0.53053069552692944     
  0.93587616176841382       0.94834670542448540       0.82894389805752300       0.89292229378551136       0.84320996085291289       0.96965712954031935       0.76670229580726590       0.89621896222343445       0.91237032947905983       0.83582345484882070     
  0.63029160008208296       0.48174098107540647       0.56286210834432793       0.53120602878067891       0.48291311553389182       0.63557236360873393       0.54984215670893055       0.55618879630316942       0.51472698683703866       0.56755556549102526     
  0.94085483386511959       0.95472585824248313       0.84643149636779214       0.90486425055629749       0.85888856314826612       0.97213174101705802       0.77572459723244247       0.90608972708213287       0.92230196099554396       0.85176435634469005     
  0.64455807247083052       0.49138149135596837       0.56584973842619646       0.53546515719023025       0.51220130228045413       0.54795647181016605       0.45579798241143377       0.53589150556532328       0.48080730448204650       0.49231972747105651     
  0.94574676956390313       0.96108516813845801       0.86408138402004997       0.91685749287998786       0.87492571713488798       0.97466468803626216       0.78456512397364897       0.91597202999130412       0.93189732671260950       0.86784913169610989     
  0.61233173497524340       0.50447435459207224       0.60020098319786597       0.52834855575820894       0.55972726116508043       0.55737612071227483       0.46520762091785717       0.51957778381610509       0.56121737842348596       0.52914319808801813     
  0.95102826660358897       0.96726430575501898       0.88172180447139425       0.92811956798605078       0.89032798579826811       0.97710506860294499       0.79577509848646033       0.92600645829122319       0.94004938639954061       0.88377952514301072     
  0.61863214386458387       0.53047613635671398       0.61685143505957973       0.50968060804769777       0.50784081953403393       0.74851647581694569       0.59308596249469858       0.51092756881916479       0.48765134970233159       0.56179225568236579     
  0.95633538224841808       0.97306296308723483       0.89834527587669588       0.93872922416124449       0.90629726134443456       0.97971629209632360       0.80854831044714592       0.93631811410522936       0.94857016766192770       0.89971400949819302     
  0.63542862703285419       0.45959565236187300       0.58502849249977718       0.50412092290279475       0.55523514862663281       0.66947668351490786       0.64515170498410779       0.61771531549531111       0.59063073628137930       0.50616467696029255     
  0.96234058846194837       0.97805109158623726       0.91469541922589026       0.94896056711359023       0.92210551905120453       0.98207529188234899       0.82162145946261378       0.94660066541819587       0.95730740292785932       0.91568511928650564     
  0.68154098331296131       0.51560616783124502       0.57730243585400365       0.49984251610029462       0.55884642621705705       0.56516769292830249       0.61663276834957748       0.55363231900896659       0.51726070828806048       0.59052970011550687     
  0.96874864836433194       0.98297350729489863       0.93167232454579796       0.95929833418135313       0.93812998818076576       0.98487209530841546       0.83504466109765585       0.95700804206980927       0.96594104075207043       0.93246040524888785     
  0.62887233380026852       0.53067657429697745       0.47375303076250741       0.54761903646693422       0.50682050838364068       0.67064901517755526       0.43378133860812079       0.49654045974685140       0.53116851451889313       0.57946468419829444     
  0.97511946155963114       0.98742239135971632       0.94905571228136110       0.96937424435254549       0.95288608807532316       0.98792766474859672       0.85192248935571502       0.96750062158348826       0.97409229839849454       0.94949325248262240     
  0.71332164479617721       0.53265180743840335       0.55512336469475809       0.58387028088004544       0.47083518170550531       0.59182692107233781       0.46978243347676596       0.59245631283711619       0.55767420868491391       0.51677696437634568     
  0.98177839866918182       0.99176029238565799       0.96596426285508796       0.97958528120158683       0.96820367440120303       0.99138183055268381       0.87315384234983973       0.97857573792401009       0.98241833498878617       0.96636109741751119     
  0.76651938995644209       0.52735101578031385       0.45875968807106865       0.48264273929637569       0.48634443452869708       0.85602271995601642       0.60955847771979410       0.52130209915516801       0.51190637860050370       0.45541977109626292     
  0.98988813659513830       0.99597472585720603       0.98314293003382036       0.98957088725383979       0.98386646065449701       0.99542554569617170       0.92057647514461916       0.98907519460393434       0.99122010346855494       0.98356632897870178     
  0.69120294338138000       0.55413668300500418       0.51322299079350175       0.54722231509468733       0.44380574438862425       0.82051386820229899       0.57223765919152625       0.53691860937406932       0.55273638724406471       0.53691072667883111     
   1.0000000000000000        1.0000000000000000        1.0000000000000000        1.0000000000000000        1.0000000000000000        1.0000000000000000        1.0000000000000000        1.0000000000000000        1.0000000000000000        1.0000000000000000     
  0.59024772861658747       0.51795567180237234       0.56121154325174394       0.59452812385975673       0.51548849367140248       0.57658787107838638       0.42729761830095109       0.48851187039810412       0.47133718129348151       0.50402839188751147     
   6.9398280494766924        7.5263308040893548        9.4842692795283590        6.3392808249191130        9.7117164316668934        5.4317850721525991        7.3229929924315318        9.6171299951369775        8.7961585944228897        10.555537164029984     
   6.1464894898350302        7.0468914175632760        8.8034230027830631        8.3152189365381961        8.4196909347863311        5.1181172751689568        8.7835468412347062        10.549101533681219        9.9120346734584235        9.9110176546805633     
   10.176160147519546        9.9675970748499712        8.2239542639137593        9.1793556285614688        10.318071428498252        7.7107770460252789        12.212396020367414        8.8629535860283841        11.457813549853896        8.9001775443890327     
   8.5190126643954294        6.3586491469590793        11.024849552907588        8.8086932003534226        8.2795582404450645        9.4056344995005041        8.3554311434358386        6.6576409730772204        10.067547038533052        6.1498897350595101     
   9.6444507028075428        9.6482449780371358        9.7795690432611195        9.4265512680975316        8.2571906946752520        10.310264047590532        10.802774607469841        7.9908700294571871        10.066030109794482        8.2344022170947273     
   10.720372203878984        11.287839349498473        7.2833322901684321        11.319366385639301        10.745349012380522        10.093961177877826        9.6079492906438215        11.013593317144156        8.6500988795203053        11.984238474498991     
   9.5781876279966589        10.512451744875090        10.363940969954291        10.231342617579768        9.8974624614746691        11.352928462449254        9.2050625008443951        11.107427914674311        9.4023399430865986        10.510394812870494     
   8.2579043558777983        11.113983407494073        9.6666311854521680        12.675478681881820        9.4996714417246739        8.7770504826280273        9.2724441004729705        9.2447726734895639        8.0126664252006510        9.7798399300006977     
   3.4584293520774139E-005
           1           1           1           1           1           1           1           1           1           1
   1.3713494992495772E-004   1.2564603589913998E-004  -6.5253267663176402E-007   8.6096806052916151        3.0153926940032974E-006   7.7478892913635929E-009
   1.5779869780740256E-006   1.6867596829704016E-006   4.9010714051315663E-007  0.29832092558979156        4.8989444549369350E-007   1.3046099860297197E-009
   5.0000000000000001E-003   9.3948306162492035     
