   0.0000000000000000        0.0000000000000000        0.0000000000000000        0.0000000000000000        0.0000000000000000        0.0000000000000000        0.0000000000000000        0.0000000000000000        0.0000000000000000        0.0000000000000000        0.0000000000000000        0.0000000000000000        0.0000000000000000     
   2.2113857308236937E-002  0.24055967295094396        1.7654201111427978E-003   1.5612053794483854E-002   1.6869139036388349E-002  0.10191523552244713        1.4048244700414329E-002   1.2320498111072921E-002  0.34611350709790217        6.9348856309130999E-002   9.4592175502835607E-002   1.6139469251486370E-002   1.1736029684150507E-002
  0.98854585387295313       0.98206886470552901        1.5730820499343441        1.1557918482250626        1.3842425396689240        1.0594162745093543        1.0049239537308101        1.0885396614784617       0.91223687175046342       0.86723134223468035       0.99281353683410145        1.2850491311747856        1.1612190207277209     
   4.2878409427654085E-002  0.35252221492682378        3.5305688823108160E-003   3.2452870498968729E-002   3.2920276058881426E-002  0.18654860226891354        2.8380830069534145E-002   2.5286795981533390E-002  0.47505031993732927       0.10178289768260218       0.15124585224169479        2.9789258871430736E-002   2.3689375652935440E-002
   1.1305929006396493        1.1022414967917640        1.5610818854475674       0.96423405940124229        1.1192651882644407        1.1211511963713843        1.1529929604049733        1.1514903593327168        1.5194471348086640        1.1899508794573801        1.0745873293086170        1.3088864961104996        1.0724349848525441     
   6.0182182349443392E-002  0.41174042197559224        5.3683229491880294E-003   4.8978898743651467E-002   4.7797792427467276E-002  0.25310528949036792        4.5498777645032733E-002   3.9054848382360452E-002  0.50702938082180748       0.11886371181300710       0.18455001819251282        4.0850060303324741E-002   3.7087007496170721E-002
   1.0761997995591317        1.1139283521369103        1.6627583784881808        1.2161056277152043        1.2745559518190972        1.2217827527083287        1.2755745471131248        1.0720255886442660        1.1981525955739336        1.1498737206213991        1.3896608232833456        1.4002810286467446        1.2022323373337034     
   7.7021328381472673E-002  0.45510963717376285        7.3032117565318411E-003   6.4338598064908534E-002   6.1615343233203744E-002  0.30883751118111330        5.8976182473476663E-002   5.3599645891614568E-002  0.53316903139865202       0.13050331797954240       0.20385415460391931        5.1259987509500428E-002   5.1707032975299175E-002
   1.0102023982737003        1.0125327041239285        1.7038041499073890        1.1190928129606437        1.1283705078226220        1.2058698192595021        1.1053537695438214        1.1325686500836396        1.1795547556517008        1.0358182932631561        1.2124675742741855        1.6520624082910211        1.0667466449852687     
   9.4176726309597822E-002  0.49455603320328878        9.3401559259127156E-003   8.0821523276704249E-002   7.6066085021862614E-002  0.35877574873539025        6.9606812298525417E-002   6.9460585961740040E-002  0.55572015700824018       0.14031956417997024       0.21907192590813696        6.1772527546297279E-002   6.6255350084197945E-002
   1.0479383535829454       0.97100704226879120        1.1089226179775562        1.1664148444532958        1.0427821463288811        1.0116222382544260       0.98115626222038443        1.1212539520176963        1.1354738851522164        1.1886544384992799        1.0291695745493927        1.3327668588102262        1.1433710140072757     
  0.11164802500155188       0.52859624154639795        1.1504536022668132E-002   9.6523910082417161E-002   9.0954022738206269E-002  0.40489692712974368        8.1328826467659085E-002   8.5254807034420038E-002  0.57583696624526959       0.14910161690359452       0.23249555892742269        7.1884972157534824E-002   8.1080635259026299E-002
   1.0662392091182016        1.0973183331610610        1.2758701382542563        1.0089916904940477        1.0465685394386375        1.0898657377067349        1.1938597007426361        1.0989980273312590        1.2211833045187315        1.2517394743909362        1.1737242315745602        1.1168316956154336        1.0469340963318601     
  0.12985809972143325       0.55697651637204593        1.3855585485581121E-002  0.11217195394579481       0.10695113328300300       0.44622282428844745        9.5233833193619138E-002  0.10123537777883579       0.59372983066645868       0.15748932016031325       0.24499734431355885        8.0491733796319617E-002   9.5471227595898822E-002
   1.1888135628908314       0.96939227475527978        1.2332244984117302        1.1197041168503878        1.0122904390419343        1.1824811704216409       0.95641010006266858        1.0369141451927308        1.1202644114065394        1.1772578801606255        1.0372575698556126       0.99262980866286499        1.0439359273786881     
  0.14804650001697012       0.58115605712533391        1.6459777436584430E-002  0.12847589854813804       0.12384775413603676       0.48324105542349088       0.10967882014931173       0.11685802671499876       0.60935622904874598       0.16532671225739751       0.25855303768591870        8.9716657295750263E-002  0.10816463606956608     
   1.1038799569640956        1.0104464785528193        1.1709387034008107        1.1177008467755121        1.4305669502818468        1.1431144932468706        1.1916790117528024        1.1032462945267163        1.1371800208482663        1.2289923723730880        1.1279403768184901       0.99753062603154607        1.1516532830426782     
  0.16628401175119009       0.60333354118866478        1.9182069941618873E-002  0.14446012369877001       0.14049862026146101       0.51610483840906340       0.12412622226340649       0.13177838276606144       0.62335976043842545       0.17290944542498510       0.27215808563749011        9.9672775981053480E-002  0.12139250978630207     
   1.1460041047508014        1.1010708206794853        1.0730370597806016        1.0769561075779719        1.2993586921992764        1.2032497058185163        1.1790100570287370        1.0471730079108199        1.1427062710498568        1.2596197074494393        1.1077057280831266        1.1798819448982454        1.2127100797248780     
  0.18394409250429244       0.62514098165960408        2.2129895665726027E-002  0.16065982202417214       0.15712375620602431       0.54777255754695842       0.13977356863333137       0.14694069387020073       0.63662261792738573       0.18002391983592761       0.28376270894036487       0.11060569210824799       0.13498382457304392     
   1.2529243910301040        1.1113136935785879        1.2921285957461284        1.1386236217397347        1.4311155456298841        1.0407997694928290        1.1324283861785747        1.0367231927788447        1.2202674398262083        1.0942417612767925        1.1434500112423298        1.1924770153009574        1.0368830386770489     
  0.20169959856264263       0.64556103346467797        2.5246397603995791E-002  0.17721634172981560       0.17234186947904095       0.57779624311117861       0.15575253074620607       0.16253871044604998       0.64923779520515645       0.18737333085925870       0.29452852581743694       0.12326288582773234       0.14913371164529363     
   1.1194901691726860        1.1207820457390973        1.0731568660097675       0.94393533270654861        1.0452332983177026        1.1177201904310969        1.1073738738032259        1.1035054072317374        1.0023880312272877        1.0554173545929688        1.1934514400446437        1.2449785213698532        1.0635951918516651     
  0.22013110022986282       0.66347740209076389        2.8430139857151215E-002  0.19385495420264598       0.18652163710522632       0.60402638943381182       0.17286256820162335       0.17855147780624742       0.66166641547742089       0.19446849490348941       0.30515437605420670       0.13716999994294243       0.16455756481541486     
   1.1985091272065909        1.1387139494806455        1.1230394972747857        1.1385861961365222       0.96851115413613886       0.94183550700920071        1.2147659455200401        1.1342304940295203        1.0573572798765398       0.97752705261943162        1.0588858743144234        1.2942183407527224       0.95292596569116650     
  0.23822054507044171       0.68036192270318552        3.1773979031327004E-002  0.20954952209169209       0.20160099994088876       0.62718778411137688       0.18951331771128038       0.19396490759970669       0.67381193157564756       0.20102532683394661       0.31614576275913264       0.15172881550564712       0.17969195014885733     
   1.0901153962933747        1.1296688429070345        1.1281707638896037       0.95621072302982113       0.99432861113034954        1.0241208145755132        1.4782847267451347        1.0403156596950798        1.1945276260279514        1.1943696591166595        1.1240183451042838        1.0461011279675050        1.1321076827927199     
  0.25288543560909787       0.69676042278464834        3.5120806945608131E-002  0.22512857832498742       0.21671144490752248       0.64849804853515269       0.20634073897242144       0.20949147308663341       0.68461949363996266       0.20707372562084733       0.32787080433594901       0.16648120583223430       0.19455955396444230     
   1.0674431785558138        1.2391535991130844       0.96561836302234982        1.1769191086655442        1.1614238543096866        1.0105343279334325        1.1748461746639507        1.2361032976672990        1.2951935180445178       0.94664950868538011        1.1861731584106838        1.1916614900795246       0.96964452928810307     
  0.26583472035003991       0.71202866880734561        3.8527388561240029E-002  0.24059734621942724       0.23177557675492064       0.66813968878103680       0.22327414080536656       0.22411794839328952       0.69434064778204607       0.21306431022054503       0.33996500182137585       0.18123144302036007       0.21000283672629932     
   1.0410690692408446        1.2587244801996336        1.0067895089174010        1.1266566356567342        1.0327324333740864        1.0671187234352530        1.1622777126567090        1.0889082816472668        1.0837619758677730        1.1592146079728627        1.3676537795301118        1.3674903816633615        1.2083349208641563     
  0.27841577384921362       0.72633757870565119        4.2419816920398194E-002  0.25601205795874382       0.24747137978426634       0.68656111193957381       0.23919173615144074       0.23834298652929575       0.70386752044828460       0.21927040299419689       0.35198654303125271       0.19580824383322740       0.22624934222968568     
   1.1744600278524779       0.95808691664156054        1.0461059534007915        1.4417692861201852        1.0419955789597757        1.0633960420997783       0.91647573088608525        1.0843261184129804        1.0223448476531158        1.1324582695548377        1.0242245375375241        1.1243971925395078        1.0670574373457327     
  0.29193085245993200       0.73992004434708936        4.6649014168417734E-002  0.27146325867608867       0.26302615486179831       0.70438577946663183       0.25557444360436549       0.25159442712933311       0.71341027703005055       0.22620913592246097       0.36389331496301897       0.21032753027632317       0.24299227816744309     
   1.1058564374298159       0.91152582075103239       0.94180988324606074        1.0011182500912716        1.1800297990805086        1.1786796910329478        1.0137052844615386        1.0958500190516169       0.97547121655837743        1.2110335064474009       0.96103209520349220        1.0702078327564313        1.0653464603015963     
  0.30765531496362203       0.75267238129248504        5.0860984647903215E-002  0.28714448880931248       0.27890510851828054       0.72139775214390756       0.27264749473765409       0.26502295019389377       0.72287477484762963       0.23362173559364488       0.37608177148817595       0.22570712248745342       0.26063859528731287     
   1.1939914340800986        1.0314411127041305        1.0306301302794889        1.1042760259703484        1.0597178822689994        1.0668499106827916        1.0448357375213944        1.1129114962909081        1.0860381139772202        1.2704545030074792        1.1888425547395640        1.2110606532159380        1.0916431731181591     
  0.32344459409500431       0.76437799598284284        5.5345174771622804E-002  0.30269548506133842       0.29492397372623724       0.73724260310756962       0.28779936485553564       0.28110495391546392       0.73182552529581302       0.24086402978443083       0.38888655132295358       0.24256337960723301       0.27911738053446122     
  0.93310356120247373        1.0605045113908740        1.2177105913108091        1.2723837822235868       0.99284785842771239        1.0834664908470488       0.94400358857565181        1.1186380147841155       0.94912679458652904        1.1420826587338155       0.96464063432664382        1.1488613688772282        1.1152950426039023     
  0.33932929270333217       0.77583180185672951        5.9794039796052023E-002  0.31773488921149740       0.31149075869371812       0.75137330147975279       0.30283966121063149       0.29649022238926515       0.73995787889441467       0.24752974589512688       0.40247810749564983       0.26021964624128430       0.29731171449694344     
   1.0721556829095644        1.1684934242879714       0.96671538421450132        1.2196143745649459        1.1400972088692305        1.0602784483569263        1.4159335186319464        1.0448726052247079        1.0615427651010187        1.0731387816199378        1.2224545652485470        1.3929217930851008        1.1868776627779360     
  0.35541189837043374       0.78732318948500690        6.4530260393896338E-002  0.33203354675226143       0.32787496241793879       0.76407858934499640       0.31824879707799575       0.31107496866791928       0.74778354434282246       0.25379836985292187       0.41653305861404738       0.27724884465599947       0.31549877000329174     
   1.2876685095820486        1.1067950571584355       0.99918442555448228        1.0669682373449969        1.0233440980433037        1.1472889105080848        1.1902599363256501        1.0227125643206425        1.1615958244197822        1.1178448887884707       0.99669903228213397        1.2911473989923010        1.0386172913867593     
  0.37146508182029525       0.79844085852095392        7.0011602873655709E-002  0.34596477899852468       0.34349268810556799       0.77594128282781838       0.33473566371814911       0.32565272924257926       0.75560687890515088       0.26051565057790049       0.43073571047774667       0.29389981622684780       0.33383342842545433     
  0.96165973866960375       0.95984990514738089        1.2177917552493698        1.1775083978648162        1.0669340416721327        1.0383370190674783        1.0370063936720499        1.0532621372830941        1.0471066556638005        1.2186426726850712        1.2228554571406201        1.0069549003224494        1.0429457721702426     
  0.38703678204353648       0.80868391298219300        7.5549158718248133E-002  0.36013298611385036       0.35872967607143441       0.78748019551573301       0.35218237003999803       0.34006027932251398       0.76402576473313166       0.26724284267859200       0.44511665341369183       0.30931126878632348       0.35273005813911229     
   1.1861813255366012       0.96839587460553722        1.1654842751952512        1.0094769016568141        1.0642502065849906        1.1162297977940165        1.0938978073458097        1.0462923828749686        1.1763525343648005        1.0204333368126457        1.0352881093686397        1.1809843529255926        1.1338546736359605     
  0.40253677241680608       0.81844814947813715        8.0907173436976759E-002  0.37415779101165458       0.37402178317792767       0.79923666624978895       0.36944686324494475       0.35408578600377882       0.77185839854156124       0.27427535863366892       0.45949059275383680       0.32414664065047494       0.37210502660218486     
   1.2536981685988990       0.95105281982830348        1.0333484942526530        1.0581693332801225        1.1598198471701608       0.96535580177790936        1.1893664716421743        1.0539135200406626        1.1710233499924931        1.0466631108440039        1.0906447346461852       0.95430005119881167        1.2466546726630807     
  0.41774544148139914       0.82782039005391994        8.6291122708690368E-002  0.38750127716358390       0.38775844761808920       0.81007681583782820       0.38644783021440210       0.36731670429273960       0.77964549427341934       0.28215949058324119       0.47364864246703986       0.33954420602277546       0.39109062338722284     
   1.1435418965184683        1.0830532223390448        1.0454074422740600        1.2868286980172821       0.97871812082868448        1.2089801804689626        1.0053454715935843        1.1489547094640931        1.0369111122854902        1.3853925427025164        1.2753319728903405        1.1298214743350816        1.1556511817247261     
  0.43337925680515560       0.83660572139000999        9.1722471994990895E-002  0.40075514740764934       0.40000021769871713       0.82036028206041200       0.40305883146111005       0.38093965639182942       0.78690251128902411       0.28977194316692506       0.48743879509507748       0.35642414501248543       0.40906808982143505     
   1.2643789775230592        1.1459759221551886       0.97225132518615098        1.2347750036435086        1.1028208231020979        1.0175392690318263        1.1824034398791794        1.0751001065785779        1.0125846227279729        1.1592251106232687        1.2384443302621633        1.2469525744041758        1.1864269008280077     
  0.44894479257528980       0.84476763525372434        9.8058778322296328E-002  0.41449792977646782       0.41248646486955926       0.83033041801483498       0.41914577837580314       0.39438727276213548       0.79353386607751364       0.29724294719342170       0.50091604387131283       0.37412923951051003       0.42609451121119551     
  0.99922432146962026        1.1760130323457028        1.0620057377261594        1.1018029937772340        1.1259791553769309        1.1875582013041222        1.1691604317659128        1.0299909562006320        1.0467742096546138        1.1314521235035875        1.0073357499525146        1.2123436835645158        1.2836347712350651     
  0.46486739090517992       0.85251726790703120       0.10456530132162913       0.42838837704832600       0.42555973435283018       0.83973734554121471       0.43502130834968428       0.40664441863276668       0.80022723206826185       0.30495266022428569       0.51433855210609181       0.39065088621358701       0.44187368423706752     
   1.0901064824699336        1.0137091007375998        1.0033270309542921        1.1762077765244459        1.0312991736862966        1.1036697867152034       0.97232652615063586       0.94177514144976737        1.1389062471137661        1.3645624728061323        1.3853389132071403        1.0150238622094718        1.1022274011251485     
  0.48142756499527473       0.86026495441958062       0.11225933674255303       0.44175225461400147       0.44019572296323872       0.84861003767085808       0.45106369160553844       0.42060758665328701       0.80671764416179703       0.31278973964742279       0.52755546261122332       0.40446887921356434       0.45672411544732366     
   1.0647327101794883        1.1387185758226084        1.0976526106265705        1.1551725553192829        1.2775072079798175       0.98949483548131478        1.2109704210755710        1.1658464495548477       0.99470906997705311        1.1919681729820497        1.1359260721466991        1.1180066710865468        1.1464533661173504     
  0.49664467863440870       0.86722831925935784       0.12012478065234794       0.45431820414553176       0.45590160596195201       0.85704304042607704       0.46754205747319250       0.43498111980898058       0.81258616235948777       0.32026996930721008       0.54080227518875601       0.41818394169036460       0.47169591583093257     
   1.1324980039366133       0.91536202955835000        1.1520601445396552       0.95257745125809268        1.0076019523146404        1.0693132000007295        1.1419208505946283        1.0428979616718945        1.0707963607604833        1.2560936437742722        1.1868909318908318        1.2649704256054055        1.1955010183671864     
  0.51069586199849337       0.87380609998316172       0.12864150702422883       0.46697562723012809       0.47239879826566267       0.86528767859763023       0.48437401446860057       0.45291597267977673       0.81824362098093306       0.32742197527513822       0.55395870835534777       0.43314195701123581       0.48592635656939226     
   1.0591378010402552        1.1631085367098004        1.3651006196208888       0.97756685097778229        1.1372080029915841        1.2586640101154238        1.1575644725122265        1.4203530025104132        1.0972176668511078        1.3435383604641116       0.98685829530162372        1.1989617862581439        1.1323565102949371     
  0.52461300321473092       0.88013441891880795       0.13728463763436610       0.47950641101388458       0.48860544427422431       0.87329521520475628       0.50086544865520266       0.47154070506862023       0.82380206199483719       0.33469699610100706       0.56705781380152154       0.44857216895738955       0.49996550120138733     
   1.1819739594112746       0.94900318440872100        1.0477518448585805        1.2845537289777960        1.2403238025251329        1.1612879188888525        1.0951373948545049        1.2506022512281285        1.0099609772534739        1.1557982618178595        1.2115616502804369        1.1473584279751732        1.0894744910596759     
  0.54067004544727459       0.88612703407390403       0.14725725628894934       0.49162676512811343       0.50326470795212108       0.88111383447364533       0.51708176886821333       0.48832611384367136       0.82908044770637068       0.34222276437530741       0.58041639792700606       0.46384828533140415       0.51437680123822216     
   1.2705908674824422        1.1389923605101633       0.99090243938908806       0.98351596939762709        1.2637423454068197        1.0713078725634924        1.0201270477660735        1.4377811951397963       0.99599318610876608        1.0853917283533909        1.0103327645927245        1.0962685256795024        1.4638848721422688     
  0.55663351754781976       0.89182648753484750       0.15853551473104799       0.50493323136710810       0.51847696107347785       0.88874000326611280       0.53333749080714066       0.50453951263549313       0.83452611484659500       0.34963804585305647       0.59413280857972950       0.48011590371708840       0.52813003973212269     
  0.98001224019341526        1.0183168169458254        1.0681898870717641        1.2851560616143809        1.0289843168260462        1.1593072412897130        1.2245220096540321        1.0325403857782711        1.0768666588074025        1.0194851577730450        1.2048168055808519       0.97431727293093073        1.2016158485810498     
  0.57119653883998101       0.89760051585136902       0.16957941088219886       0.51848023139350352       0.53447027801168201       0.89597175556914288       0.54872443984539032       0.52089241454357083       0.83993526416688824       0.35711007065258449       0.60856898715539887       0.49795575735001624       0.54293962416745112     
   1.0491089410735590        1.0128378325250689        1.0977040845900534        1.2797396165028785        1.0655973866674076       0.90541058909329752        1.0715611300254222        1.0332120586894942       0.93441775901041402        1.0171179797949597       0.99458149090729786        1.0523155621426392        1.1620086915698731     
  0.58641671311471688       0.90326032288253510       0.18010760509917956       0.53212766596684591       0.55061443212463601       0.90285268652790107       0.56599196931231777       0.53770450260687030       0.84558002647707564       0.36494773125387342       0.62316267577066731       0.51633680531212056       0.55819193254081956     
   1.0569936257272883        1.0676694192208267        1.1017198700152180        1.0322175025342379        1.0611988839361370        1.1331430573281966        1.3168052393835556        1.1993475732480061        1.1460201393716916        1.0930243241572906        1.0348700676230889        1.0508756523109035        1.3138108255050771     
  0.60101317133206977       0.90858371989402731       0.19054345021814328       0.54570530750010526       0.56668086762214964       0.90945922861850315       0.58156422660592477       0.55238214400016161       0.85137294757374082       0.37328898141797962       0.63824806266966516       0.53403062281082758       0.57337806882638587     
   1.2334004599661084        1.0743352151919070        1.0338798775479050       0.93937473219017820        1.0901865017792955        1.2243560526638093        1.1989708456567483        1.0988428589588688        1.1074634260186667        1.1063886392965290        1.1093711719137322        1.0109816287477662        1.0672918381971832     
  0.61780523929579612       0.91362837497701743       0.20136430629866675       0.55866471047943578       0.58062106839825656       0.91586581856727733       0.59767847088951276       0.56591431511280199       0.85704083645919094       0.38219503351904355       0.65395175222680568       0.54958689014102480       0.58866331645797987     
   1.1204841741793070        1.0889033117623292       0.96834910426357501        1.1149439616784169        1.1136500264581939        1.0718312373531560        1.0216621503866476        1.0474994138454923        1.0361271259908371        1.0210497564835710       0.99762449541329745        1.3321409022266668        1.1416980814861712     
  0.63389257169990487       0.91874394554712369       0.21298640395244353       0.57182250367063836       0.59477085892129644       0.92195373938904324       0.61321745908606007       0.58257775865225836       0.86276838134662048       0.39117599948205545       0.66957177782531185       0.56473387307566059       0.60394596185499583     
   1.2020855773289736        1.2848938431314303        1.2110644600568936        1.1669780472774758        1.1296731243227400        1.1312935211182884        1.2118818836091054        1.2003849598794754        1.0977332891128959        1.0752518455836262        1.1658162733466040        1.0815142324758156        1.0902764598732939     
  0.64963499063398311       0.92388069275241902       0.22560377712277827       0.58541804814694265       0.60941745237223088       0.92746694519108075       0.62902565882030914       0.59968220175416787       0.86817228015283932       0.40049865732466144       0.68542880825759367       0.58014238949020436       0.61945066369186086     
   1.2511379633007103        1.1427596022119453        1.0429706298583330        1.2041988502003558        1.1070495643501361        1.2736763855448863        1.1242345770320534        1.0687150768274403       0.95685573270497859        1.0262089911885164        1.2447770397724480        1.1000782037811407        1.1418535737864168     
  0.66477538122479374       0.92901572337427596       0.23892414768887502       0.59840936969683800       0.62468436881824629       0.93258068905420965       0.64498488774039375       0.61685595079227584       0.87349044938028275       0.40845965928345873       0.70066239931358298       0.59540967115220156       0.63258421392657782     
   1.0008091979113911        1.0651238371152962        1.1121815930961532        1.0088015009831721        1.2458128011999474        1.2346662771574410        1.1275142277635886        1.2052134309518867        1.0587374895482657       0.93016461498293246        1.1303033222611774       0.99956032448758370        1.0049139031028551     
  0.67965088360604053       0.93394505208537415       0.25284449408274196       0.61135948568832532       0.64184627847813447       0.93746403061249184       0.66097332470077141       0.63368916126493791       0.87910563052186874       0.41589664933329917       0.71159045151818856       0.60969715867955776       0.64642329641967822     
   1.1827327580442775        1.2005375808622822        1.0474398941073388        1.0107838987746769        1.1424133867334501        1.2853616680742261        1.0541133087424774        1.1132292315959995        1.1383423389432341        1.1163489913930300       0.97481977506284967       0.91785373537443249       0.95448373859002533     
  0.69471935642647076       0.93843571913787094       0.26666445855581988       0.62422467629881540       0.65850137083201010       0.94226309631674843       0.67645671270006258       0.64855622527188117       0.88462899633378289       0.42330965525470282       0.72216004496614150       0.62326434530656816       0.65993559040462801     
   1.0742665570435566        1.3450747764680941        1.0539675103862876        1.0427446255464430        1.1966609979589313        1.1607172549904849        1.3003581282568397        1.0008155434419521        1.2150940950402027       0.98988854520311043        1.0585432100107528       0.97915771055071277       0.93291136202252534     
  0.70943858310567554       0.94267793157999502       0.28079386765073100       0.63694929337161710       0.67523117429896640       0.94666481307415606       0.69211232913205856       0.66370507439241955       0.89016504532737928       0.43071777415670381       0.73223454588236370       0.63531902694479359       0.67506223828578527     
   1.0654722077663550        1.1043814732679835        1.0816472057160897        1.1960319888161763        1.1153351421569131        1.0011585995180730       0.97437600577813710        1.2054316158044265        1.0588546076809680       0.96964903948078496        1.0860828766964947       0.92067195648815392       0.99393400730588055     
  0.72489802373551104       0.94693760396170312       0.29637204073223239       0.65010371933497202       0.68940707959681280       0.95087538945027628       0.70750731840565639       0.68036401976657390       0.89542184877551390       0.43884998658434837       0.74273478827502226       0.65049530573609415       0.69170996098742665     
   1.1053818453150153        1.0248114344825960        1.0665091739453292        1.2415259237762988        1.0725675415540603       0.99046113236808997        1.1888322951876529        1.2858364287664650        1.0454867518002928        1.0396512890649168        1.0611439984501094       0.90146161114324574        1.0690709470166286     
  0.74058315292014398       0.95033935583357954       0.31258579861885177       0.66421326223985200       0.70553756906275278       0.95506826760284924       0.72282903927083797       0.69587879327815128       0.90060933471508930       0.44683589550810432       0.75384498825145019       0.66662286113617142       0.70896436119654294     
   1.1410256683732511        1.2630080860851665        1.2296015972647372        1.0356660182060125        1.1728676310208408        1.0363471168654366       0.92218076943679705        1.1135266036233387        1.1292573217017881       0.96486304772063292       0.97908430491834819        1.0641678922426703        1.0443395545075813     
  0.75669241347462668       0.95357586955561702       0.32565754590829521       0.67909712828476432       0.72333676802390057       0.95827912818594274       0.73808374105998453       0.71008335588517957       0.90585252254898785       0.45658651090174696       0.76618994709458177       0.68247040519279234       0.72598078569215618     
   1.1940352543963315        1.0443817146613474       0.99551225284245326        1.1460055861464316        1.0055758936236168        1.1935107060673582        1.1383223348253664       0.99734938942495810        1.1119571462257634        1.1352641455745958        1.0646813355629154        1.0624874430860554        1.1569452897753780     
  0.77302322089397102       0.95650610077108422       0.33918723182304783       0.69473423832947312       0.73943153739057110       0.96185481991188093       0.75290025689794593       0.72446936210281554       0.91090160607977444       0.46659720234668656       0.77955883760778510       0.69785282593702314       0.74254485457130870     
   1.1295565395309730       0.91091338714905457        1.1117220573524724        1.0389864915629121        1.0846094305935252        1.0184010851823015        1.1070718921064684        1.0699863496824971        1.2540518310441187        1.1008822357790478        1.0869739171965669        1.0606030855222037       0.98583710253973489     
  0.78949038878061117       0.95965002299518454       0.35256014614563935       0.71112836026682402       0.75509998725986294       0.96541922929050394       0.76632590888861807       0.74054793189946522       0.91581433448838778       0.47676160464083311       0.79349945934120258       0.71728423587418277       0.75993152830752753     
  0.94987229650324700        1.0300315077467745       0.98578942885857690        1.0792465285732054       0.93906845302457165        1.2023662911950157        1.1451592349842470       0.97203060249811934        1.0813565768153701        1.1575177231772931        1.1594850866565809        1.2608546813476877        1.1069791237114126     
  0.80573210183384092       0.96295220436388396       0.36612326105355797       0.72789079399974077       0.77212019071834259       0.96881318326885268       0.77890987791271615       0.75819799928795228       0.92066539704925943       0.48796651498303423       0.80848212955878329       0.73627024667267749       0.77735782822013799     
   1.1465534888830784        1.1170850580423681        1.0694791767262282        1.1268639760800718        1.1958718616756066        1.1012189921062960        1.0733474476370308        1.2812886531788352        1.0811012338982935        1.0830692183815447        1.3253461527429515        1.1541662752040236        1.0925409301662665     
  0.82052986426798868       0.96629794254329893       0.37970314941857425       0.74334849707727835       0.78929412358683593       0.97201601638424384       0.79153022131918738       0.77674021565294982       0.92559992272905700       0.50027202616133415       0.82316562466716825       0.75618304837736550       0.79568693801029466     
   1.0622299150241239        1.2365775055102173       0.99867854484419594       0.99255536403079414        1.0569710575760005        1.1910467961142179        1.0871098764284477        1.1500879565880349        1.1840118532679906        1.0495897538846615        1.1257167099912240        1.0859539589371148        1.1839235489776962     
  0.83470402043934777       0.96920403599234040       0.39355232534558732       0.75717644054602473       0.80466588130064776       0.97500623277849208       0.80550481785644457       0.79587972516238215       0.93082538851056573       0.51262140196586181       0.83733745121303171       0.77796982145799498       0.81159939736911635     
   1.0596091723186796        1.0299823496177620       0.92384095817626222        1.0909929667911626        1.0290425270519405        1.0821753584092157        1.1477248272344096        1.2332883919184789        1.2392212744778748        1.0548832451785968        1.0697755934759132        1.1808819345204238        1.0119369371933185     
  0.84802079151678089       0.97211015027552106       0.41161930697098892       0.77064616613394543       0.81892717144426352       0.97794086576332206       0.82053472627472923       0.81450444715369463       0.93620648967672893       0.52532746059141089       0.85024100552353910       0.79626150793135819       0.82692393340928350     
   1.0960349981202184        1.1893227561997017        1.1394994901262050        1.3226355065300364        1.1720935620730564        1.3076406811415340        1.0235719566354937        1.1368273211269615        1.3539784161138066        1.1492796349020074        1.0479134267235226       0.90698531851619091        1.0808070130997791     
  0.86182243778765033       0.97532841926881952       0.43563192586708915       0.78400996460575723       0.83404637393672654       0.98075180493285319       0.83739402154440146       0.83263009112111486       0.94150036210732235       0.53831202636217101       0.86226052220286609       0.81482733573719834       0.84228144336436650     
   1.1639151719475764        1.3579643140121251        1.1753407496095842        1.0255220452996905       0.94063071898353967        1.0529642963949926        1.0666084522647503        1.2386952777012878        1.1134481028486094        1.0099000645204625        1.0747844388260466        1.1248672420671102        1.0701917947502193     
  0.87749853076428730       0.97828315100343410       0.46139059262470361       0.79970637665969080       0.85020580744018670       0.98311347833532436       0.85398299864913596       0.85072419954434930       0.94635513975148700       0.55238969063178400       0.87367147228421616       0.83201259858985288       0.85851640974592869     
   1.1531903780198942        1.3162740533878514        1.0750151820553251        1.0772158735786554        1.2789581976560516        1.1748422217801100        1.0365378076214351        1.1413451181508945        1.0565251076180884        1.0879779931504339        1.1639909751407687       0.98947904066535497        1.2029136445744071     
  0.89199932557965478       0.98135375467860664       0.48643925416175632       0.81660144546573266       0.86709250964781692       0.98525350277742907       0.87093154149209362       0.86868273258314710       0.95074189592430514       0.56785662698915862       0.88471118004677529       0.85100022306956158       0.87571457196429559     
   1.1124153815191686        1.2527421658026228        1.1521547983653029        1.3082646283956578        1.1195650503953773       0.97408502395405494        1.2436313089801634        1.0553912964859269        1.0168325110094472        1.1220532461899593       0.93168949599960182        1.0466505783092617        1.1607800909686734     
  0.90636000801130978       0.98432279038005499       0.51336387773643288       0.83358849860396866       0.88425252448144553       0.98740411885984203       0.88732931218295585       0.88666065731061716       0.95529579635751727       0.58431016995470941       0.89559264051675103       0.87172571301126711       0.89131078398279828     
   1.1615481359239417        1.5220371199006621        1.0517131336178625        1.1813448259236079        1.2081379320814420        1.1290166459235818        1.2053470699673170        1.3100492029180086        1.1662880530181947        1.1624987887467702        1.1727903833390600       0.98791843255761869        1.0786193053736439     
  0.91636673152561998       0.98713867440901948       0.54292825643832332       0.85153328737368961       0.90058079596520280       0.98952677634267072       0.90399468089485602       0.90451600785917008       0.96051417051711807       0.60345594223281196       0.90760713791332603       0.89220213134710935       0.90493193433752128     
  0.92869128255505318        1.1384714372121942        1.0065342233126680        1.1268415093402786        1.0943733195578922        1.2369936319036108        1.0360743902760818        1.0547369537761933        1.4281686487635123        1.1842026100971139       0.98274021598070149        1.0641620654991086        1.0736252792269243     
  0.92940227364799266       0.98985195008863458       0.57855960251349348       0.86982383885651171       0.91656943658980272       0.99162924947711428       0.91962673039822962       0.92231634019057096       0.96519968535063749       0.62475231978964951       0.92126132404894645       0.91199442031271860       0.91844908275811765     
   1.0547512104318455        1.2218809371004731        1.1499080458664499        1.1079951980121976        1.1756535448950256        1.1359430443876612        1.0419787673684067        1.0863328579412073        1.0607978098253521        1.1845983550397943        1.3831463391655563        1.0090298835806664        1.0630188126618620     
  0.94275114400032012       0.99230797714954899       0.62039991670569627       0.88888358259332856       0.93323461011770403       0.99336436590325028       0.93630588148779204       0.93925117948908510       0.96999638331422844       0.64771005457743669       0.93452830127880648       0.93084999885418085       0.93261856323737069     
   1.2099837774980675        1.2974145708497191        1.2737661961009639        1.0487665615909374        1.1052493071311034        1.1992751744014842        1.0246843438499655        1.2154698705957263        1.3336854104091707        1.3726014058117468        1.1237639899951393        1.0430077610049888        1.1360021079676892     
  0.95656850819604466       0.99455519582990948       0.67129676645460268       0.90923474105520696       0.94987401312028019       0.99507448275796606       0.95225652083810275       0.95403982521271835       0.97494856562931231       0.67702490386348868       0.95234861786553926       0.94913363120690875       0.94796330733407463     
   1.0823834853614962        1.3766950339955650        1.2004040682148338        1.1047828915653237        1.0577438679478701        1.0159253914902413        1.0111118657241214       0.93032025552703934        1.0260010568080140        1.1526009754539659        1.2165463821696316        1.0153930872508889        1.0720404248553463     
  0.97202854612374812       0.99641037627256590       0.74462019286520531       0.93377844846697955       0.96645296150162818       0.99663039807928966       0.96838866789299527       0.96967709160903137       0.98145612361308443       0.72003473598374446       0.96821964378065883       0.96655966918263592       0.96577749802834845     
   1.1180640326731539        1.3456955058680380        1.0534221084486892        1.0269094276037027        1.2825383508449584        1.1951943176457209        1.1840186367781682        1.0782753243248118        1.2948937225419443        1.0817572433605758        1.1556210366587043        1.0006729423123646        1.2999132259499355     
  0.98585430836955523       0.99822792366635460       0.85291546374021643       0.96365158144542795       0.98341395600115189       0.99812029873921138       0.98474679149099176       0.98435726143039359       0.98962705327384748       0.80465430583204278       0.98465383525852479       0.98366910431484489       0.98317113798601896     
   1.2221090099282730        1.2869197291214762        1.0076900044771557        1.1300626871491966        1.0541973279663164        1.1121618711223245        1.0576067267619589        1.1561321375139184        1.3525844793923900        1.0344237182990548        1.0780768136351164       0.93972433560943969        1.1768321144699567     
   1.0000000000000000        1.0000000000000000        1.0000000000000000        1.0000000000000000        1.0000000000000000        1.0000000000000000        1.0000000000000000        1.0000000000000000        1.0000000000000000        1.0000000000000000        1.0000000000000000        1.0000000000000000        1.0000000000000000     
   1.1728907114158538        1.0658011406178172        1.0065743620713552        1.0626135814193214       0.90773253627341421        1.2514103888221706        1.0282087162628555        1.0832911189283527       0.92926122582592652       0.93125494506650652       0.95098190054156939       0.99394736371302972        1.1274426561726898     
   9.0827364656201066        14.483553188322032       -3.6408932733160242       0.17080554197175887        15.017852386688752        6.7535834349148303        4.5698735744607077        11.892188582802685        3.1144086127263688        15.781496024083125       -4.1187922090981759E-002   6.6090628384432213       -6.9408910621365516     
   11.760636491122666        7.8370184915321204        11.074450941170285        5.5126583490561734       -3.2496371355553610        8.2604317419324111        6.0389114355348950       -11.692232466044452        0.0000000000000000        11.636459972002832        12.147209103084021        7.1464780414138867        1.5007556592643561     
   11.462326373675223        6.2574267068198530        11.603257014532472        11.557524617859862        9.9069105368318144        7.8885399093759734        9.2296968773981281        12.679399155905884      -0.51122856661204052        12.960875911983059       -19.993221242674238        7.2734656068411727        15.278732543762828     
  -16.032458524804898        14.457347207134807        8.6347361464817247        14.592194927043614        16.151624645134003       -1.3809186351926139       -8.6676415828424975        8.6697052375471095        6.3453566376591937       -8.2396961239565876        8.6038515770176733        3.6179086297480056        7.4664194763764185     
   10.059222700837740        14.552201613697036      -0.23753395923091561        1.7046427306020582        11.165146778398412       -3.6844325826621138        9.3593698233932052        4.3339344200195553        7.6038168931545567        9.8609153449775597        6.3625059221915752       -11.267260397599431        8.6194228019998071     
   15.537149133164027        18.391487665810569        13.786008724021455        16.819135160708335       -6.0397086514159772        2.8203148652826795        8.4448284197008991        13.065760989958305        10.662436719269097        8.2182982546700121        9.0891274263951463        14.596383201172495        16.257190518596520     
   3.8185792350133587        17.661149496928711        7.3332670199987975        11.939480350208251        7.4488197593992931       -8.8478641494419925        17.775687269851105        10.818575995732704        9.3836216481472707        8.7184829224100788        7.7423905103021102        13.377638051484245        15.784213922186012     
   3.2766737896652129       -6.0504498372287001        10.662470333538703       -3.2806782831098302        7.6028297942180947        24.350110161073001        11.838839474555408        1.2840516615319935       -5.6505249766148857        6.1194865505554095        15.709393348370273        6.2648609764394507        9.7584766951528099     
  0.29759971867122254     
           1           1           1           1           1           1           1           1           1           1           1           1           1
  0.13505912072621354        4.9996470545897530E-002   5.1097474483001979E-004   9.6474138798369253        6.1616307361176169E-003   6.9225894858842629E-006
   1.8929390546628313E-003   1.9900868871180707E-003   7.5719220772978559E-004  0.44525093910474789        7.5668893579805161E-004   7.6907652325588795E-007
   7.5288070688842657E-003 -0.25653138162288486     
