   0.0000000000000000        0.0000000000000000        0.0000000000000000        0.0000000000000000        0.0000000000000000        0.0000000000000000        0.0000000000000000        0.0000000000000000        0.0000000000000000        0.0000000000000000        0.0000000000000000        0.0000000000000000        0.0000000000000000     
  0.16031818877562190       0.26992511370536593        1.9409293479300937E-003   6.1577826732232884E-003   1.4558847130148425E-002   6.6775651580404424E-002   1.7185167508934944E-002   1.3470612392617282E-002  0.48478078974616118        7.3516993100192163E-002   8.2771734335047059E-002   1.2834359703107751E-002   1.5252507008697161E-002
  0.62928971389248289       0.70942878916462693       0.89440375472962463       0.96369701683649034       0.88529934368016527       0.75474986795699528       0.82534067524079957       0.67362628283285608       0.70521263810193990       0.71988177249708263       0.69809148447459357       0.75555483701860482       0.99088772099555644     
  0.26179241090205552       0.40041301436415716        4.0832214975890227E-003   1.2208118181801904E-002   2.8858324534407499E-002  0.13339636355474713        3.3058139602562535E-002   2.7915104560372564E-002  0.66294142436067593       0.10851891724481391       0.13949935131354671        2.5953707642866090E-002   3.2165320472887747E-002
  0.74136664224583571       0.83841684989878740       0.82132766911958954       0.78146193264468344       0.72312523514093596       0.75446644188873624       0.90301433814146903       0.77138516761463605        1.1499556788410186       0.85500216535752716       0.80379490777746210       0.71075406110859862       0.79170082248884865     
  0.33130691552170605       0.47878593697742994        6.5369144987775648E-003   1.9432481195530073E-002   4.1188919293068088E-002  0.19511438443551871        4.8767917625557961E-002   4.4475055542629906E-002  0.71442057142251258       0.12377647663536546       0.17001243258413257        3.7352887177381104E-002   4.3832257185631579E-002
  0.87317538336396749       0.70222171012157686       0.87504172913066214       0.74122371650472307       0.63342519776353789       0.73612629071600166       0.71910264805589763       0.72602917867432770       0.77968142950312680       0.83992086007232825       0.81257122621803557       0.82793756589089884       0.85047957202014590     
  0.38652678897054227       0.53237382866333505        9.2596123059556952E-003   2.7473294427348229E-002   5.4359187749922495E-002  0.25024818355862971        6.4229445267698790E-002   5.8489665139771843E-002  0.74949451408593337       0.13430710462799622       0.19219004113611537        4.7665578084747459E-002   5.5422918779084077E-002
  0.65574970446041581       0.77007912511931520       0.79943242271394521       0.79983030832936008       0.70661575484037342       0.78964881074256654       0.87173102378280098       0.67365821427335881       0.70625556427528446       0.76854367878609087       0.72874236293240557       0.76728996703553631       0.72690924596929363     
  0.43075744690380624       0.57640072955988397        1.2363662504782425E-002   3.5102447007319182E-002   6.8123446643121838E-002  0.29700778643914238        8.0566757788399362E-002   7.1074523314586996E-002  0.77410613506715564       0.14268665446137016       0.21067661174439642        5.9585098968675698E-002   6.6880940170027589E-002
  0.98543774033114206       0.91575319264821065       0.98664216609914390       0.67086666557337915       0.77631825199502524       0.71508010097239350       0.76234734450652486       0.77049583069218075       0.71777084461988683       0.80301580031972430       0.81787466256733299       0.74661046957001720       0.85588692427546798     
  0.46894194623369273       0.61338536505402375        1.5965735491751086E-002   4.2625613976466158E-002   8.2751591001205022E-002  0.33735492229773317        9.7349307542447944E-002   8.4565875965249865E-002  0.79435461190300960       0.15119615327873198       0.22581220771236812        7.3403267172104825E-002   7.9453765414026517E-002
  0.67493432190036273       0.82614291190738531       0.76612659518059179       0.76193306029557506       0.75949038118609180       0.80028984841612927       0.90726618901595679       0.84508434597564330       0.84646391274634225       0.71353470012346676       0.77325193576973550       0.87273648540138826       0.87645657555340273     
  0.50061453676559142       0.64231934961361536        1.9940102346953370E-002   5.0331158530474311E-002   9.5065123132687820E-002  0.37365824255436486       0.11408832270995237        9.9634660994218541E-002  0.81193274456229481       0.15954530896252700       0.23824656442939690        8.8143705669016734E-002   9.4169934983125134E-002
  0.84005791496262283       0.97907603775808560       0.94910992721462550       0.74968558097055982       0.74074262113454314       0.78243736931565133       0.91336685982143473       0.78040944591011274       0.67920096956092224       0.76129005924144055       0.66377728374505163       0.87507444407732304       0.73997235301937392     
  0.52760206547125144       0.66701032504865465        2.4034673654411021E-002   5.7964385087959272E-002  0.10757058510541991       0.40567433660337704       0.12820408757215793       0.11596703168357543       0.82793726308858895       0.16721152516969626       0.25183795805568193       0.10223259680605938       0.11025383069067618     
  0.65137068774175622       0.62765373140778891       0.78748575233579587       0.81961726515903288       0.67314164864850079       0.79219881183680751       0.75221931438022660       0.81712002019632168       0.79780618451386209       0.70345648345138101       0.76234181618123142       0.92566104758033707       0.65965884624585425     
  0.55084760668311250       0.68985834689689851        2.8199155938762387E-002   6.6872013834110330E-002  0.12051967886156076       0.43333728215333622       0.14154269207829290       0.13233283867394005       0.84458572371325857       0.17406170535141391       0.26612286172555782       0.11591802441494106       0.12577904729432379     
  0.85748664406876707       0.94309041456778242       0.94731357334476551       0.77891553235209532       0.86458619969325257       0.71785069443982930       0.73288415862411238       0.80324421949225244       0.83209468234034267       0.70739128524736894       0.84918721459445223       0.81364167720799019       0.75898361651183299     
  0.57092433354841088       0.71088488849572029        3.2610147692859942E-002   7.5651699252632848E-002  0.13567405345316913       0.45898140392569098       0.15598906620543090       0.14877208178030274       0.85501691386074097       0.18064899029145676       0.27728817053029231       0.12932627394710716       0.14046725204279703     
  0.75137024658188500       0.93932445564485079       0.91804573308513493       0.71016099670885502       0.83100538826565795       0.78569022059055804       0.77145490398769068       0.74087842610842847       0.70789690274895800       0.82522266804723410       0.72117363007692048       0.84762094653734898       0.97374472372245680     
  0.58991877625172828       0.72949869967884506        3.7278588570170121E-002   8.4416281055685050E-002  0.15309806127103601       0.48193139123786694       0.17152101767111333       0.16452806802977962       0.86415328568203054       0.18740872087445479       0.28752709696271328       0.14352772866160035       0.15489140511268268     
  0.79151090285152148       0.86580642760149151       0.76255417730316388       0.89132945734523716       0.77838687499390236       0.75080914349978978       0.65339351690559533       0.76654071908687260       0.66680802490583824       0.71033509740770240       0.69380473249144503       0.93634356349690617       0.72232248031147150     
  0.60781018931456121       0.74597821261218367        4.2346512641641708E-002   9.3266534328837955E-002  0.17059640800748654       0.50360105474136074       0.18896087135022555       0.18208249984098873       0.87405908868235827       0.19345248514946986       0.29730796897370632       0.15829603772103323       0.16994939140897816     
  0.82235608431801988       0.76373886994149465       0.71055746670397413       0.81586155577551489       0.79987079956142515       0.76950180509529853       0.92795690981046308       0.72343858306038311       0.86003861837537643       0.74683435675856014       0.65487550863993027       0.78880758635961068        1.0583184452294894     
  0.62487990104876723       0.76082524590153278        4.8048207296884797E-002  0.10273965325144481       0.18706160409821232       0.52480941304072937       0.20466750638929948       0.19818531613458437       0.88237739373751223       0.19868025204710676       0.30790646775926273       0.17328012632660425       0.18509852335176916     
  0.88832893552288728       0.73977962239829254       0.75822078749521116       0.77195609614006488       0.87172710969021527       0.80316602770186873       0.71973725524463783       0.74810775511342575       0.72146207574257215       0.76477288020417178       0.85702887759992974       0.88293125929012295       0.78729072519672172     
  0.64091412947491577       0.77417448104730491        5.4526361326108927E-002  0.11320089617044225       0.20271080448385848       0.54568422581136611       0.21949780043872380       0.21672956949337047       0.88975733772493504       0.20404858677488955       0.31948579306521624       0.18950529352828319       0.20038494759058137     
  0.71678238186985499       0.72075965151491039       0.72733470688932156       0.70352647972924842       0.82823830632670770       0.76112124949693749       0.72134034715367701       0.79364310515536141       0.81057099065724625       0.70432134665297730       0.84210750094790321       0.69921223265636401       0.80666000663624138     
  0.65633883739935617       0.78572096203405351        6.1286081096575455E-002  0.12436580457687220       0.21848817808481072       0.56674997681972827       0.23413974546148489       0.23539167066157440       0.89645802283435949       0.21028945082949987       0.33123614267639928       0.20676311428981300       0.21481565741487252     
  0.77600631173387746       0.79076759100556038       0.72073922816355251       0.89145715183586804       0.79972394075827835       0.81940143269344345       0.65485547501225028       0.81618776891464728       0.67703943879689676       0.76830431964351920       0.84963473799560041       0.89098922288717342       0.70938231787696981     
  0.67104393875054147       0.79674327220570751        6.8230043466349602E-002  0.13570071245365045       0.23485192666405347       0.58629760353536753       0.24869395698357494       0.25266650586804246       0.90252091218253117       0.21767086838002594       0.34290236855481510       0.22403036850102731       0.23052028867283331     
  0.72422170799944019        1.0220825552146462       0.70624519221566207       0.69975236030153476       0.93111164518532952       0.78512908705186046       0.93117711730766528       0.77646619127406047       0.77378788796702225       0.89572139225861880       0.72195573466175422       0.80420144246318270       0.83516215012982564     
  0.68505650132826335       0.80684449729414409        7.5081908500894023E-002  0.14679353213338214       0.25178071988567913       0.60465547732432134       0.26607600572899248       0.26934564447201842       0.90822541529365319       0.22426434046689203       0.35530621210065100       0.24098010636760908       0.24915641112136783     
  0.86704520655959116       0.63470781915309393       0.83194969984439326       0.82358673816642580       0.76438384594400766       0.90048874243174915       0.73888876495258660       0.74307016344966970       0.74390803691530161       0.76853829693042419        1.0107345097629876       0.77955613942801627       0.70285798068083483     
  0.69884921422719248       0.81636726823591899        8.1918370016494893E-002  0.15739490443276222       0.26969159725910685       0.62150682995629181       0.28350575343264012       0.28605418016044465       0.91323600305666897       0.23106822969351359       0.36891876063221385       0.25905119460790321       0.26724842456957693     
  0.73745384206048825       0.73303226764271234       0.73510525385147218       0.70335393445542449       0.81902694979266577       0.86355168836176233       0.74803064542254349       0.66475131353331696       0.75482169143524958       0.77599212610059276       0.77456322856660054        1.1174365012766148       0.82463643049811375     
  0.71178655953805570       0.82534263764828786        8.9384524342998983E-002  0.16796631879232299       0.28939996634884441       0.63689512550428151       0.30204551391097528       0.30253569527168261       0.91720619682660998       0.23797609028259828       0.38292368825256495       0.27809199635248277       0.28481447123368375     
  0.79570425354556262       0.82769858688296249       0.76105695536331708       0.65651443855178737       0.73032467242818599       0.71107673006676231        1.0200113359645619       0.93092909650738354       0.80727465797888520       0.74532663789140541       0.88489479897603085       0.82061685966091447       0.75858945767628949     
  0.72345441654204667       0.83332159098164771        9.7362743326015438E-002  0.17953057265842567       0.30953014636125809       0.65042015363287276       0.31998940111572849       0.31961907672991852       0.92066999558682117       0.24466516946379338       0.39752071704663411       0.29638385458419375       0.30267273018041396     
  0.78187664358066544       0.70729964970308756       0.84622158272878312       0.75978234007059930       0.81955243388364851       0.82594930390449117       0.78766017234720254       0.79818015951277366       0.63238449011503040       0.69088907664168886       0.73357247365990896       0.74971833665511112       0.68147104573863193     
  0.73455494104172936       0.84057245630765864       0.10619322001328178       0.19130441572880647       0.32787278688081362       0.66349755963798795       0.33646967497433949       0.33711631165649381       0.92508095933032630       0.25138388547733276       0.41299551019541902       0.31501815424844853       0.32165564500690785     
  0.84513566055914091       0.69918376118426584       0.69118305291241844       0.76314103199659622       0.88689075520004279       0.79075351261906879       0.76311441359434995       0.78603310552995176       0.85211589730451009       0.77124270286025620       0.91698299262927341       0.74241335940429876       0.78585413039175267     
  0.74466491097744958       0.84799802655644452       0.11562593380090981       0.20382125731900974       0.34479997512522259       0.67646036829497336       0.35220206555588207       0.35383600245332697       0.92941031392095264       0.25844790091137265       0.42829640253216572       0.33357804599962371       0.34140218536454431     
  0.86322969907428393       0.87712681521844627       0.70482125181275779       0.81581300246990263       0.71873765700912795       0.78941471863474488       0.82499251587737421       0.82250207699806532       0.79864298545569401       0.77143906031333864       0.89378713855675851       0.82308179297866968       0.94582918551172024     
  0.75482450269810686       0.85615220141125381       0.12631222505639278       0.21733946533997917       0.36272100817981739       0.68932908438530305       0.36825768622759503       0.37090876370916326       0.93316642634888247       0.26564099035044819       0.44245933655967307       0.34992107782739479       0.35795103735778594     
  0.80987282868186372       0.73023134113545007       0.95794124101068134       0.75470485180193303       0.88700361732718913       0.73409705415843496       0.79730928961119107       0.78415744937924792       0.78501771332749770       0.72995386154098651       0.79884290404180491       0.68242322482758455       0.72315284650386435     
  0.76534058886128475       0.86436644729543166       0.13791908892841315       0.23108886714048657       0.38279075529341444       0.70233650323912178       0.38555451268126961       0.38807589550785271       0.93657130002773914       0.27134237592270405       0.45541721983631539       0.36642353643161102       0.37388883216827989     
  0.84743593407274176       0.79549527130862807       0.79064182747301881       0.73083448243665339       0.84928596236869780       0.99500097896291562       0.71261729902907978       0.88028931614637418       0.82518111706571373       0.78652452652668681       0.79716531448022865       0.74586661950908006       0.87256367080060504     
  0.77474156881904832       0.87168461331233771       0.14936488837457068       0.24568071965951904       0.40201520708799565       0.71535440828227304       0.40327749596013968       0.40562331882010905       0.93968089296981461       0.27703116637515490       0.46830713279951469       0.38140534112316293       0.39043489388547659     
  0.72581762032156316       0.80142522089525625       0.90258488428247075       0.76630819494884717       0.77339267421619673       0.90740878415626425       0.92299956743817135       0.83162933492002156       0.84609696969364812       0.76615956572139321       0.79174909188342490       0.90007313943650791       0.93664343292986851     
  0.78217357556173839       0.87790706816876218       0.16005181765998394       0.26040585106688591       0.42045275111611391       0.72818386115781497       0.41865626068650846       0.42364408699664624       0.94286790382851726       0.28292986418280236       0.48191658017198197       0.39509513837895338       0.40711370415964154     
  0.70489101505453922       0.78658461938342583       0.71606803620137183       0.78486567056835943       0.81941598069460453       0.70624826284184339       0.77085295657735675       0.63693775108427619       0.78934911830089660       0.68397863013660165       0.76044869437808149       0.69071934004119628       0.79020130718757164     
  0.78975146702444043       0.88325154235084102       0.17059237228264243       0.27528610726379205       0.43853112028260149       0.73987114564924017       0.43295504473321372       0.44075191212892589       0.94618399652575091       0.28880561934222304       0.49583884397634298       0.40966897369266081       0.42283234162694633     
  0.73693841288057493       0.70351940672601920       0.77653119484728939       0.68680634508822958       0.83103048614564901       0.74819386367345575       0.81680995888475028       0.74855602814276734       0.82278130338886246       0.82932768436449045       0.79394862726017257       0.67728326034152775       0.74543085101578022     
  0.79786196700754630       0.88746801972237033       0.18031219018262840       0.29063614551085287       0.45617132457402604       0.75164295158594729       0.44745103482344784       0.45831013184447361       0.94925749918798930       0.29560946397711901       0.50942514039643183       0.42391208448037959       0.43820956534107686     
  0.76374679614172170       0.71376694319149858       0.68211852444839605       0.74983360084696704       0.83640585686886459       0.93833559094794494       0.84451527381537239       0.82505680412965343       0.82426827325733898       0.79613562070403754       0.87769482397955290       0.66561221364691758       0.71132716150634334     
  0.80577896259601667       0.89156176583871294       0.19001961437115145       0.30217012634133533       0.47295730956195864       0.76274903521861936       0.46600564402070932       0.47464874933657408       0.95207396967501201       0.30250988320935052       0.52232032675907880       0.43692516924000363       0.45311545822083954     
  0.72114979113029865       0.65035553106125721       0.63330108848567879       0.81065586495727537       0.73156272027700098       0.87897947455094516       0.85245146679607497       0.85829644961595764       0.85578506768207485       0.89442550857513425       0.77730345146937407       0.68410171501642691       0.76745808971569329     
  0.81318007681787252       0.89589480758314854       0.19870354462634426       0.31468531463513549       0.48729111127452901       0.77374966442851645       0.48642049488546585       0.48990000865929401       0.95475451262335320       0.30918631603092639       0.53529285197173138       0.44904082149836283       0.46778125766284057     
  0.78374858621032395       0.72524662709707011       0.73536840436158635       0.91221608095018858       0.75041837670047107       0.76955504927676011       0.81287656654061935       0.83751265412378817       0.72153379592608313       0.85280486177344450       0.82431653055302112       0.70224095191143199       0.82679932917285626     
  0.81999139264845078       0.90059271557444343       0.21178543112288334       0.32678635148319990       0.50245926278652797       0.78411354077158169       0.50529610265140967       0.50525360042003487       0.95729659223391661       0.31576499107520772       0.54815247710222681       0.46353295692656643       0.48334890542345810     
  0.75706607635683842       0.92690146202331369       0.89913502305736581       0.77933885398546898       0.73915690360620478       0.81615230579724241       0.89385811493786327       0.89989482872243387       0.78248929448422411       0.83872978800733500       0.81627415941139436       0.71070462259775269       0.80946299487837214     
  0.82569165547579260       0.90547077240716478       0.22606328156627115       0.34084666845445832       0.51820126973074876       0.79409691550644146       0.52389782565381493       0.52171359140518980       0.95963099870489577       0.32215050103379689       0.56222714353309411       0.47906004065045643       0.49930182186429212     
  0.66302585752403986       0.70089285185418393       0.78649269048158865       0.92178942808188924       0.77772260310942221       0.75084009733668167       0.83435865369624684       0.77008666267956305       0.76003119779136530       0.71062928128421554       0.73084549353800299       0.83310612442186271       0.75521287743455989     
  0.83165058031820149       0.90995117374601187       0.24069127437986038       0.35373045144090565       0.53303914900544003       0.80403676518183698       0.53953540199060590       0.53839650085968793       0.96175146488817875       0.32858960309011237       0.57742440359520419       0.49536296053889589       0.51367431290020660     
  0.70630930674024761       0.74682330297449528       0.62598268310846017       0.79269323582278584       0.92125251326350255       0.79381958199311486       0.79596514587933631       0.95280216090251246       0.70455423631467928       0.73651360405291433       0.89552029609764339       0.80474100889516820       0.73946205291185307     
  0.83749339410647838       0.91446835803444149       0.25521450933563383       0.36707794537015698       0.54536644847866200       0.81257562256121385       0.55265841355204459       0.55465387085675077       0.96363663277029188       0.33501210758211580       0.59257280448283933       0.51102337801848341       0.52740337886001809     
  0.71659445805261623       0.61743729835770056       0.74135056433010582       0.76500500064527444       0.71795912552941155       0.84680883948034080       0.82377670054698038       0.90889134482581402       0.67639945554734626       0.77600757485275129       0.86483244189050257       0.83254673101740084       0.78055525177703722     
  0.84536788896206039       0.91859168381809686       0.26871443224903235       0.37969425755534519       0.55746261219794446       0.81999745315667349       0.56599245358594419       0.57114696986794788       0.96550593653136851       0.34217643410118143       0.60697431587989303       0.52716845198750384       0.54087145154311600     
  0.93001788238111538       0.84091251558278257       0.77293662681838404       0.71792029217921738       0.74448714635363533       0.71315169523257915       0.70758932552422504       0.71450625082229080       0.75231482760482637       0.77728880856018168       0.73960312821229435       0.88590206166190055       0.67323032487919010     
  0.85086014574717694       0.92262489109900769       0.28308218330065682       0.39280096138199938       0.56988042437499542       0.82756721989912108       0.58100546760487803       0.58791014779488548       0.96741303470200468       0.35029642702888569       0.62081657008244762       0.54422620295591384       0.55327448067166940     
  0.67911817488398640       0.75407140871310308       0.71503049353063475       0.69868012298661564       0.67963184804356824       0.92322214797591329       0.76633043109611232       0.82459672385532223       0.70639092485482335       0.77191353353373826       0.70649880385854791       0.71750353488858465       0.73863412948760332     
  0.85610094425647754       0.92651751534085447       0.29793413462250656       0.40731146571656507       0.58640906009437099       0.83558840609361018       0.59888904483897942       0.60502926919219580       0.96928235877358915       0.35860174875468626       0.63524175521814641       0.56160641770484432       0.56848072472508149     
  0.65757946161645919       0.72010930680807661       0.87007066741043670       0.86552171898403296       0.76230035244002015       0.72013982030165946       0.87413513694584533       0.83229055229214410       0.74490546090190968       0.94756565822479633       0.90272552844877785       0.79276682646722285       0.71531367645004884     
  0.86193014673506463       0.93031459720669663       0.31389576965240251       0.42385541967846713       0.60207555120658862       0.84490929294695727       0.61852590005128305       0.62336734135217842       0.97107936120290994       0.36673092033927174       0.64993371819093460       0.57847102533279315       0.58516103132754627     
  0.69913397274822042       0.82385094926442903       0.68533332900071053       0.76342603576321233       0.79307809328264933       0.84014849755188215       0.83300386193232845        1.0549629947228156       0.85313326504712672       0.78978452665220167       0.86066662263278759       0.79700988698791375       0.80445307509047181     
  0.86885549734858170       0.93384358505324272       0.33177329097100361       0.44304147289955731       0.62033600936215583       0.85417883665459438       0.63668149800561469       0.63972018044347678       0.97279521967813931       0.37469983989350114       0.66548397146994220       0.59472007331231036       0.60061742952947028     
  0.69741260726822585       0.75182901621313047       0.76607504320537811       0.83049052387025402       0.79667200003904848        1.0733752091993174       0.79619858067503579       0.75401483099183331       0.86635636633972390       0.99558076336527856       0.89374211751353538       0.70790644218986709       0.75705177885871111     
  0.87561720868490511       0.93667118248918124       0.35119626820772198       0.46188002499363823       0.63751439134429821       0.86220961545062058       0.65520838460512554       0.65257109256129575       0.97421315998601954       0.38266288286648414       0.68124412732858441       0.60947161835641372       0.61552246648564968     
  0.79142705414800207       0.76844700694442336       0.80571259915256710       0.87442852629185097       0.78049449690004014       0.77011097323604094       0.98187622991877155       0.63985093930520309       0.76814806637370692       0.76014308998506142       0.75278185638995110       0.78009193406565847       0.74852721238562936     
  0.88216440226823378       0.93945833812364965       0.36980418479822363       0.48178710972732830       0.65101797812763340       0.86939946479388308       0.67443074381644574       0.66590827240662287       0.97558597883859732       0.39072334540771880       0.69575185912030268       0.62347117902786309       0.63045106862438172     
  0.71783499822087238       0.69366052144078361       0.72018615953612541       0.88648775670570801       0.76364663543249012       0.87630310267331846       0.73323583975488926       0.74901011575720322       0.79463051797876350       0.81125825772474713       0.81814726682125916       0.76326510085577903       0.71501750209004278     
  0.88839860176182683       0.94211594285219991       0.38939817448942443       0.50213810414312987       0.66599149521738921       0.87652988546595345       0.69221637239765088       0.67863821316256834       0.97695261671682954       0.39897901291762178       0.70820378902446857       0.63707560485508685       0.64669548756673179     
  0.77785905688598367       0.69088875801401139       0.96646593391872360       0.86546884868897411       0.78297854433925951       0.95751881854289445       0.96149585123834325       0.74172594276047588       0.68260226416918512       0.72395714693875368       0.72107724389465444       0.82103907075955829       0.76491265759957838     
  0.89455495936280804       0.94541881876611522       0.41065684182113110       0.52175010945309819       0.68044944566302457       0.88231526203661070       0.70809826469222492       0.69076912719306338       0.97833799677415956       0.40756396747398876       0.71952056566585643       0.64939058103055314       0.66439994330555596     
  0.77807226190642631        1.0028558524278135       0.94862863909314232       0.84746408257626271       0.63920331877969006       0.70914119062955894       0.75495326647436245       0.63858216062439921       0.74278260676002095       0.71677053120149770       0.67867974229739969       0.70693141369245960       0.79579638459563884     
  0.90047868857705493       0.94925060832411434       0.43051710396575593       0.54160149204433961       0.69609706739783028       0.88890494101552031       0.72221402890524367       0.70561332652086428       0.97976173936151134       0.41652652498533427       0.73142976229763057       0.66235792548625694       0.68248785589977856     
  0.76465354693786169       0.76133616427860507       0.74318279812928267       0.73196372899177364       0.81375312972317304       0.73234808024678311       0.78648336652195705       0.81039458623175908       0.84716744610558659       0.72932906025618449       0.68522452400620015       0.75755123602676033       0.98858706438024235     
  0.90608255315457231       0.95287611380458281       0.45086869493964199       0.55970986121248179       0.71150402204794450       0.89621048885602317       0.73449653454301123       0.71928032521541074       0.98108257549649014       0.42583504883103296       0.74434784409375632       0.67576077065835660       0.70049625141543859     
  0.84109187965251520       0.73883765146257685       0.81345812559298514       0.83208260182806637       0.67771643496802769       0.91368196534496426       0.65728724210008771       0.76583869327955512       0.69807329060285406       0.83160540076184775       0.69994790723043876       0.99096407910901718       0.90057531830826776     
  0.91159327424517733       0.95609663617406571       0.47284395361163528       0.58015331124952407       0.72784717925016984       0.90371451945371306       0.74704698123464752       0.73682658552648272       0.98217288220138033       0.43609302414668349       0.75678541471964633       0.68893237164254340       0.71829691384113448     
  0.76344284428608111       0.83040293493731931       0.65468601467860466       0.81403268210198865       0.97452031364620428       0.79910214638030064       0.64094857157432839       0.93715935819588625       0.75810885068581513       0.84590950948805288       0.65363877579052054       0.76988957880147657       0.77030718512806962     
  0.91710998773760433       0.95923454041557865       0.49869502861604598       0.60173377653770399       0.74362825975671965       0.91090523075385665       0.76049131210839493       0.75235172422550189       0.98333612095716538       0.44670579904352675       0.76741567821602219       0.70204687582094893       0.73674708559124902     
  0.85987934194383875       0.83986805085802196       0.79519219522427143       0.87695424421381807       0.83984670237770687       0.81052172577839932       0.73861150242654772       0.78022806356448426       0.87452315150921089       0.91517951765190630       0.72198794622420992       0.72239474523330893       0.88448887109798291     
  0.92229752098977347       0.96235486107434898       0.52414738640093506       0.62174560800259671       0.75806255934510469       0.91766285238034917       0.77379011377534646       0.76635888150553477       0.98432736026227829       0.45783406334393656       0.77788661619036914       0.71679896833619738       0.75566005627432309     
  0.77491847562784733       0.81053981135068365       0.72641709048613345       0.77654081687427601       0.85325412362503950       0.70693340012058503       0.72059403182662563       0.76682986480112691       0.71563006905842397       0.80921778793157206       0.64995315322330105       0.65560592191819866       0.76256488753046292     
  0.92701834416818296       0.96535035584963558       0.54876332905639102       0.64233868737417832       0.77327095688337288       0.92309283067266934       0.78677654084018767       0.78133803411183678       0.98535925353040199       0.46891525559110281       0.78840644709964591       0.73353899697134028       0.77337269453261082     
  0.75325523433578423       0.81876663692364260       0.76794545675204007       0.66542283050043327       0.75964769055771919       0.86888849677119073       0.65927348248055717       0.81250257679811866       0.72127251080668675       0.82627520761588225       0.68240796410941029       0.78362376067141426       0.80907704296813043     
  0.93159298134423341       0.96841048642282346       0.57392566718912119       0.66404367918015461       0.78947115800983247       0.92765177760353945       0.79946975799429409       0.79668593914616948       0.98639137152681444       0.48028495585794784       0.80434367592474054       0.75186621562502942       0.79133515429287005     
  0.72602065566416218       0.69985331631003167       0.64729331808953428       0.73245039516864707       0.89801780107596518       0.69536513336587003       0.81884390352176040       0.81479137980561966       0.88174758605180037       0.81510826113873014       0.86988375732859580       0.82116268160036832       0.70128554175952917     
  0.93619674482458071       0.97101632751057287       0.60122749780529372       0.68629072341368669       0.80592833599651570       0.93221067683766767       0.81253191964727445       0.81227703160313247       0.98728845642701246       0.49157594903392099       0.81987431219342322       0.77054329542612376       0.80893358193404752     
  0.81739760199823330       0.76531038570554899       0.72854732824524493       0.91415558753275050       0.83618091601955102       0.62816119412150717       0.66368791756669199       0.67667635189005026       0.82281048839609183       0.74043630352549039       0.87931277398699570       0.85859460813323474       0.76151120028832475     
  0.94112255893266228       0.97316485944465381       0.63255057597952957       0.70916999140833248       0.82245133930578562       0.93679536537429464       0.82638226966155581       0.82941655409423987       0.98831619689127004       0.50301913405050891       0.83412006612221223       0.78996132792311502       0.82751412042620021     
  0.80833469977678296       0.87954473153908708       0.81385371223585112       0.84772203351787845       0.76252592444065626       0.78040995715258465       0.78059747435270721       0.81531354749790119       0.83488930509553305       0.76290874958228883       0.86938610257869431       0.72681570621139469       0.77824056740125325     
  0.94629067212144002       0.97539607878888734       0.66662122594512940       0.73040301929460827       0.83850731993399985       0.94175443050106289       0.84127217646058017       0.84595803387317636       0.98915750067631869       0.51408741377471967       0.84732935238979823       0.80887910914197958       0.84609248450522245     
  0.76123216474606747       0.82007039746963728       0.71560370500753323       0.80137767108656344       0.84673842529394594       0.76128127298468806       0.77542026247806095       0.76638785005741172       0.82774020315812402       0.70977629933579922       0.86302713806437026       0.66872796251259492       0.69197387212945882     
  0.95135829642687031       0.97782004378496201       0.70248523028490462       0.75190171734550360       0.85406325696423369       0.94738566023845439       0.85572796392170214       0.86055979753663869       0.99002977088318855       0.52710218130973252       0.86071807069895845       0.82653915269455580       0.86263580082252045     
  0.82608754807271800       0.79169212232024966       0.69812834067234186       0.75598763959343673       0.73744363069468588       0.71328709239139299       0.70581771536329230       0.70792007641234633       0.79073577033312659       0.76418573781737031       0.74884145065918495       0.82835782703964778       0.84472278719574256     
  0.95630878789415641       0.98053949239085936       0.73821051509046043       0.77581556486123793       0.86979387445042533       0.95278027609063887       0.86985863764492333       0.87309499528761370       0.99095484374375598       0.54125272352352283       0.87483506046726045       0.84476241345941461       0.87881896637722123     
  0.81993330914958373       0.81567884519365608       0.81731373537885399       0.83430522571736521       0.79938717027866224       0.71514517018497303       0.74219183242316367       0.81087233353458066       0.74105069722447370       0.78797235838960578       0.76961537968060889       0.71973528544020904       0.93890552003557748     
  0.96103498661745368       0.98328882485922930       0.77426509593698967       0.80171209315459191       0.88516595630905481       0.95777193339354494       0.88406155868706993       0.88590473138926229       0.99193087097667398       0.55424478948440714       0.88997205284100500       0.86171550213098824       0.89435441438629903     
  0.81492094241947133       0.85748561129282597       0.72704812029401289       0.84802082746941354       0.71238032650795857       0.68924369040687272       0.78831248896189110       0.74701747708808197       0.86427856566513872       0.86086349588408306       0.76906142822381940       0.76846184183236010       0.67074131114016378     
  0.96516654027572935       0.98585344685316767       0.80763402784063343       0.82631800067753480       0.90183951227278569       0.96215626064264703       0.89520450228144421       0.89997002495469525       0.99290404164934520       0.56972661960690096       0.90558912027559424       0.87891770321238172       0.91005005302457387     
  0.72238452495937688       0.87119675428353982       0.72945198742960016       0.74623754781904583       0.78780337194541317       0.70086924311394017       0.68553931783150324       0.84314528860171012       0.84304821468377911       0.94690427015953282       0.85785598246554595       0.72103053990228927       0.66115407584867691     
  0.96883732359369257       0.98830456390823151       0.83883291463921505       0.84969123925739920       0.91441491859049762       0.96688548419695164       0.90671624317670119       0.91479514981346544       0.99378543284824983       0.58637417993465701       0.92046563637350587       0.89273786864363935       0.92633375834726461     
  0.93015348719502744       0.78772315290372530       0.94461065229322161       0.65421131209743444       0.76129374709650932       0.70921109842120744       0.68141921918728410       0.70205448166953077       0.81888420220548330       0.73628787125007900       0.77864806205424153       0.76646462717286501       0.84133065027391951     
  0.97293490544772077       0.99039650386671929       0.86891251416885773       0.87283840780273103       0.92609925249848990       0.97181018286134369       0.91924149707366420       0.92846053923732985       0.99460932736710339       0.60905106383084573       0.93466833024804108       0.90620200011112528       0.94139027545552023     
  0.80840711179502822       0.70673957275414079       0.78031336939281482       0.73330612245345350       0.73835971892260110       0.71965886151018332       0.69557183156834401       0.79152845973433428       0.89365359492925467       0.86079826882473398       0.88038533557203302       0.67637270436344810       0.70384326316706991     
  0.97751049899874665       0.99240330495630991       0.89926571281220558       0.89629336409125238       0.93776557514794678       0.97711454100525674       0.93331716523433528       0.94365666015057337       0.99542802580001222       0.63654888417750177       0.94891229208564609       0.92196218497675342       0.95566401588470118     
  0.95818310731400913       0.79666595831237330       0.75307332290530116       0.80863601533182572       0.72300884086153583       0.71838360592572326       0.83071697088024932       0.83682841827336174       0.75237513171561998       0.82222891024718225       0.66885535639049087       0.88072723500097816       0.79902824661947602     
  0.98230580360817765       0.99418713205606601       0.93005564086141956       0.92248552648806703       0.95380413124128194       0.98268989125148087       0.94990678382283156       0.95876612739184419       0.99626647999747220       0.66796431471008610       0.96275756156227577       0.94144946733580570       0.96986731569368079     
  0.96676046219198242       0.87120370837146699       0.69300140233080298       0.80994408140543261       0.90100572533277956       0.77504366358472299       0.88193485037700159       0.77075224406114295       0.89058456314124512       0.85155465082117199       0.82117588859841428       0.78598364126952236       0.78400485428678779     
  0.98757551284677669       0.99609001168047451       0.95663246859677897       0.94887881409725228       0.97005088936015960       0.98831972176985272       0.96555705316874352       0.97264743211202342       0.99725675925473722       0.70387892852138145       0.97538488924622080       0.96059417554449777       0.98238783702895804     
   1.0522628151961098       0.76355440810853081       0.87420573633802445       0.88917762444743842       0.74417347160097480       0.69490225015222251       0.74166321396298096       0.74763967200160619       0.88702060212476674       0.74140945245674250       0.78527962511431404       0.66793684318661239       0.76138517077319190     
  0.99374217363434281       0.99808041673321390       0.97891483234449683       0.97369933856128854       0.98431168799595381       0.99387982356321181       0.98237712966528845       0.98656648285509219       0.99857528543131124       0.79026460477143012       0.98749327945649279       0.98036102069216180       0.99177785495922477     
  0.95778235360207775       0.86267715481873974       0.97811407964627983       0.71675375350533532       0.70151862405230814       0.77987631355123088       0.77893748195259105       0.89185111941369710       0.89030570868188164       0.81124440418318922       0.76292470104266663       0.84032522310964253       0.70373167065005460     
   1.0000000000000000        1.0000000000000000        1.0000000000000000        1.0000000000000000        1.0000000000000000        1.0000000000000000        1.0000000000000000        1.0000000000000000        1.0000000000000000        1.0000000000000000        1.0000000000000000        1.0000000000000000        1.0000000000000000     
  0.76909531832665501       0.76696339894954824       0.86111918625005812       0.67022416707443044       0.74157537809860363       0.80337702209119632       0.71365476779774384       0.71803878806434263       0.70012163302622687       0.63863901497495390       0.69510249106512823       0.93376985676614455       0.65485547501225028     
   12.983558957698534        14.239995762840763        4.3274706778082139        3.9062493929387117        3.5186954004642770      -0.77940104216020334        12.681254047460243        13.581060128001605        0.0000000000000000        13.316941034851542        6.6027591390376097        13.471939354788367        7.3955883070668431     
   12.775137348026048        10.710434156143378        2.1119039101720323        14.575035379284326        3.2491584729327863        13.546055005223671       -2.0158719863146688        5.0517627109762975        7.1567507757672324       -7.9694214978512639        6.5412339407327131        2.7063497231590516        2.0463325575938711     
   15.005816318188556        8.7736546779296241        1.9432669823317308        4.5785815305271873        17.218083028257976        7.9613004441954534        10.025417687734050        11.627072087446496        6.2826037290868006        10.812698725512758        12.175535953291091        10.043565679426750        12.065953047722648     
   21.964547781245958        16.196228929708777        10.033391651756226        8.4822199987509581        7.9355161896065152        3.4307649140645657        14.994746702934483        8.9940519317152194        9.9126521524599021        6.1059210074397212        5.2725379105718533       0.80091336510167299        8.0960738907465792     
   15.906532532891386        18.935403030408995        2.0803027697203440        2.3306573374526449        9.5811072929441465        6.6679383347340320        12.979319304907110       -1.0707262022405803        5.4187782253557950        13.379216263656737        10.669500414637765        12.614011859145778        4.4159045744543892     
   9.8116807763279041        18.563868131530302        4.7053731380982438        2.5617242721455336        4.1641663715804489        4.8710568124236095       0.46958197832329562        12.494514397132596        10.073662731192632        7.1518402270231904        4.2470753250911413        1.8312268865398782        18.276458800217675     
  -4.8968016869065174        18.350441467563485        8.9571690641377781        4.6794219734176874        11.706120274395914        2.0623291701000004        1.7628765292066757        10.179911977619501        4.4663677287308419        17.017542539269016      -0.85929334256878753        3.9319470101151590        13.534858553899372     
  -3.5645063078744812       -9.5493194628484641        20.253580347476440        12.592652163842201        11.643648278773217        1.9469039924955651        10.972096852017460       0.96534457796725104       -1.7853648912226059       -3.9519948105207834        12.886629431215781        6.6562920412356528       -1.0913511444048392     
   1.9001313282132118E-003
           1           1           1           1           1           1           1           1           1           1           1           1           1
   9.7890664354523390E-004   4.1719330257181553E-004   3.2539933426303758E-006   7.1360820476810343        4.0433562072927160E-005   5.1172247403972538E-008
   1.7569805265816631E-005   1.4321120377540207E-005   5.3839557721385548E-006  0.41632121448516346        5.3814338920064395E-006   5.9689027295610735E-009
   8.5527550606976695E-003   4.3443327352699104     
