   0.0000000000000000        0.0000000000000000        0.0000000000000000        0.0000000000000000        0.0000000000000000        0.0000000000000000        0.0000000000000000        0.0000000000000000        0.0000000000000000        0.0000000000000000        0.0000000000000000        0.0000000000000000        0.0000000000000000     
   1.9780714784066355E-002  0.24177815794902949        1.5592884430931785E-003   4.6713141706622607E-002   1.4707082095883369E-002   1.2989678029029013E-002   1.5162365472049789E-002   1.3707668567749231E-002  0.28976113857981672       0.11852156228451766        6.2924153963670931E-002   2.2306616137444533E-002   1.4131491166991332E-002
   1.2227372320396435        1.0322635064289520        1.6781590777199693        1.0845224658452211        1.0783061631314363        1.1703715333621061        1.1770675149188046        1.0599229781429989       0.91764668665541260       0.87000018972584015        1.0209108228397967        1.0108715547809266        1.2112792026767598     
   3.9990709870433211E-002  0.39149271471874680        3.1452622292916293E-003   9.2168526816072890E-002   2.8159470880953351E-002   2.5699607341547217E-002   3.0266156229439796E-002   2.7499291825980789E-002  0.47243572004425749       0.19871057541090106       0.11636367958811919        4.3337773949303882E-002   2.8286733113881458E-002
   1.1714237527948448        1.4993146867054381        1.4418610024040814        1.1018790705481967       0.93260026151179265        1.4392618980386478        1.2369433671900427        1.0201475183927289        1.4740972297611226        1.0491804872581476        1.0578211941306839        1.1744297971147730       0.97561904720758763     
   5.7428566005714360E-002  0.43370050008121519        4.8374975379257843E-003  0.12703442052505876        4.0919042332637490E-002   3.7627072363286752E-002   4.5000218890672863E-002   4.1468935062000938E-002  0.51244816290377848       0.23427921300479473       0.14728080346157971        6.2325135606145957E-002   4.1045157691241861E-002
   1.1684360048523539       0.94848290710124639        1.0436582380313404       0.96128429558009032        1.0517782612960518        1.1767396174244660        1.0970181229242730        1.1489371096369827        1.2267691453331027        1.2451390270619846        1.1188466565848076        1.2129489345901141       0.97284279213527447     
   7.4627919680491317E-002  0.46964494673844315        6.7865124130042902E-003  0.16009271486131166        5.3640886683068149E-002   4.9034736348189473E-002   6.0377741958048091E-002   5.5851188401923102E-002  0.54519762663703242       0.26423164832477308       0.17203789553943544        8.1715232062508747E-002   5.3978869173828062E-002
   1.2760738895394306        1.1588060190891636        1.1228864951535014        1.1259330533259364        1.0624173570829782        1.1233800787529891        1.0436034798244056        1.0127684347738584        1.1829325059978302        1.1790468386996289       0.99388024731133173        1.0745850644012778        1.0984445947592052     
   9.0451802908713227E-002  0.50335535532897302        8.8413394518356715E-003  0.18910471926068692        6.9852904673278413E-002   6.0357141183013961E-002   7.5973720843406783E-002   7.0952156123509497E-002  0.57218360546846703       0.28312209669010074       0.19221998359716402        9.9572001071905475E-002   6.5643921481775280E-002
   1.3763797256229042        1.0487322637084817        1.3089079248011513       0.97250649479477469       0.96879508417104232        1.2377146215839887       0.96976567951587100        1.0664024825707619        1.0874904580383513        1.1439651895623189        1.1149192210330441        1.4810995323653131       0.99101860526204510     
  0.10572108904407794       0.53338673969626971        1.1192063513737350E-002  0.21749248123905660        8.6377222058154110E-002   7.1890517943061533E-002   9.1164934919887947E-002   8.5783055841520003E-002  0.59297387710366012       0.30201166710029764       0.21091701608960012       0.11697892805152729        7.7590245071560537E-002
   1.1105082578252912        1.1462777827385859        1.1106732828948569        1.0611596234668192        1.2500663161851595        1.0451956502856172        1.0978162995879253       0.97194254664122426        1.0500866455623654        1.2685880528921196        1.2584537177595541        1.2217233035208022        1.1324164878068950     
  0.12058277371177606       0.56155622896488477        1.3680237187615792E-002  0.24522561027960110       0.10150703429735376        8.4633121804473216E-002  0.10580553345540836       0.10100678394801857       0.61193232749631465       0.31556487021344098       0.22857212309957042       0.13426154981414753        8.9673338432690777E-002
   1.0929543836617428        1.0949834288870444        1.1088399988238826        1.1199287441491519        1.1747747671040591        1.2725434102385011        1.0589839764950397        1.0357123553949190        1.0818450800042370        1.0573154121024591        1.1855547191199223        1.2662104248923558        1.0669393108976928     
  0.13549844559840851       0.58592000044746151        1.6308112768606324E-002  0.27112877536395058       0.11684002306471079        9.7373968896637700E-002  0.12037787206330897       0.11627400152583346       0.62726705527745186       0.32970236940637976       0.24361891169942806       0.15192224774905766       0.10230138801873705     
  0.93366640566344850        1.1898163688512278        1.0601280066748684       0.94238628828102688        1.0980880686733487       0.95375867070988274       0.99426865037804524        1.0902844826849123       0.95319628225287312        1.2479670640746929        1.1165500810704772        1.0435552487766888        1.1629944604103413     
  0.15047542849777254       0.60877326255961073        1.8987417655826164E-002  0.29528986944382796       0.13510249480846540       0.11183261925195064       0.13526099493671034       0.13163054289427426       0.64215619803115054       0.34190667197992503       0.25765222271357352       0.17092722037861677       0.11549559575415541     
   1.1392608063393601        1.1505921000495771        1.1635717772777807        1.1815647985211601        1.3582938391975210        1.4146189966667644        1.1719315080842616        1.1943270303294851        1.1141958938696290        1.0334337257442825        1.2131502043297779        1.3305752872118823        1.0574933085074265     
  0.16547253941211135       0.62918469517070230        2.1754580289600041E-002  0.31761752310635627       0.15289548743455816       0.12704691534978560       0.15077696195014220       0.14710420509815209       0.65508215891377564       0.35358927610089946       0.27092371346800159       0.18954273902860291       0.12894873679876412     
   1.1644660735174990        1.1177139378751111        1.0733283410581345       0.95488490897244660        1.2077178127921655        1.2007406683097903        1.2042093358678374        1.2602419923002310       0.99006675667174049        1.1416091078000761        1.0886286644742342        1.2174050904800147       0.98147853392498174     
  0.18068302681226744       0.64881194471710679        2.4686681882983601E-002  0.33850818505012775       0.16919312467036227       0.14250639463895204       0.16714240204079361       0.16189314470088892       0.66802384210162291       0.36432883916091052       0.28392898606498174       0.20662704222145037       0.14268660590807564     
   1.2359629535119367        1.2835067565052720        1.1890927269503169        1.0304761674023482        1.1608084588910217        1.2192369464149697        1.1930212914881757        1.0598509422422437       0.98099124644060121        1.0512380642687431        1.2211152489401262        1.0758729993828147        1.0490131072474382     
  0.19512656713756410       0.66485279980977730        2.7755880363062650E-002  0.35901497336063265       0.18535662577636466       0.15809757700859048       0.18318733588655106       0.17679433450287813       0.67973093933646167       0.37440998267235254       0.29617073122305732       0.22381171947848402       0.15765731644452957     
   1.0257857087425832        1.1353435649242878        1.1164624437396331        1.0681617576919029        1.1576934993346695       0.98049934736482669        1.1779652376511363        1.1625803642889587        1.0237511255886400        1.0361544705516461        1.2877606610170855        1.2074833108042438        1.2466103149455130     
  0.20930415675830638       0.67972253855256370        3.1493566235382901E-002  0.37928563938361476       0.20078031557721762       0.17402076341877371       0.19968985775121223       0.19205023392740955       0.69116403480931565       0.38326048561176340       0.30779678213219303       0.24102663506191521       0.17305305201053370     
  0.99800766359638293        1.0462520334816621        1.0989974339535595        1.1265406889762000       0.98938820692853346        1.2657214002391080        1.1462693344731170        1.0771980052029186       0.96775752072231558        1.0851880612516704        1.1543172105631343        1.0494392764663960       0.97355098283255470     
  0.22351892086600028       0.69234537722973954        3.5257561307613344E-002  0.39795566291824780       0.21688564191724621       0.19060321730653243       0.21645615980519742       0.20696371550580955       0.70176180305978675       0.39191940706186201       0.31920059637206938       0.25796682970356655       0.18891729652233866     
   1.0334349765142099        1.0838059401013891        1.0942790964806346        1.0172384623377482       0.99975556777188379        1.3148871879803750        1.0979922442671084        1.1728821719689972        1.1148341213836277        1.0721595882201620        1.1388265971977605        1.1073927023867991       0.99131212116414835     
  0.23798281178157349       0.70487359540893946        3.9372215049041648E-002  0.41480659868765030       0.23238856716543421       0.20725003326506627       0.23302908319903207       0.22155187955452749       0.71233499942056810       0.40005102052363251       0.33040626693613534       0.27497498320058439       0.20516901056471057     
  0.93909284623009071       0.98906918923265563        1.2719463207715871       0.96557258824444248        1.1940673397932278        1.0622128684062311       0.96495266227952037        1.0800576197334102        1.2644254420867256        1.1365708238562768        1.1481139464602725        1.2334075397773103        1.2099171573353860     
  0.25325695448166358       0.71750708287148834        4.3600948913155663E-002  0.43105403225378075       0.24764456945274341       0.22483255360859780       0.24925680415434662       0.23615467966020415       0.72228854759285266       0.40812416804108198       0.34212979658266074       0.29153260217069993       0.22245647215340245     
   1.1010628405817278        1.0118365523750270        1.1027722212636797        1.0819011551010271        1.0056249153496979        1.1601142594216718        1.2462995316238112        1.0286215704632709       0.93791190505748212        1.1671969272419773        1.0298011400559803        1.1070706677397875        1.0978764774781573     
  0.26926692656317430       0.73036268569152929        4.7816413448648398E-002  0.44695026002922372       0.26178426829694390       0.24231079646305034       0.26415564810869180       0.25075109608280688       0.73211870216849106       0.41626095375920930       0.35459538050067746       0.30792906643669526       0.24122948894620655     
   1.0048513689934742       0.95882570683408452        1.1786779894542554        1.0520088434202042        1.2574604417756765        1.0337712384870998       0.96440293646146524        1.1842092887026234        1.2157640279560471        1.0521896422858918        1.1665276092542041        1.1055116522653112        1.1635815051766765     
  0.28574596551282400       0.74370123069787530        5.2204418765821478E-002  0.46217509358965675       0.27640283534874116       0.25794815716877245       0.27944607742900912       0.26508950432363865       0.74043229924917331       0.42413190135440737       0.36715413037311734       0.32384304563665023       0.26033550279390283     
   1.1758836041215079        1.1707945476428332        1.0461259317229852        1.0320267199658413        1.0845328140873538        1.0123754372016249        1.0138774098178756        1.0614068295259635        1.1573032484367147        1.1625817112559660        1.2816685192723698       0.95146666748250108        1.1911893719287108     
  0.30223071025356130       0.75607461073770477        5.7049229379353250E-002  0.47615625900472619       0.29163419110144601       0.27404619036702738       0.29500186643216464       0.28008930428508555       0.74877523862280615       0.43194539810530730       0.37966247147912124       0.34037053265977157       0.27956156246424402     
   1.1723231939511731        1.1317587064190942        1.1450432477489876       0.93942332188009769        1.0551366967426374        1.0800893031025254        1.0215000401225476        1.0807561259790934        1.1624454345960931        1.0825564632853903        1.2090869506652058        1.2763013114304875        1.0787980725818824     
  0.31851603504104381       0.76612457024086655        6.1948155476444451E-002  0.48917527285360640       0.30658259988995201       0.28947126273050816       0.31068351452822024       0.29547499569517754       0.75721076487433625       0.43925730543661906       0.39217811520220902       0.35665992821563958       0.29852331503029872     
   1.1040910762453198        1.1350951181100364        1.1864468586495549        1.0751920798135861        1.0341389393797749        1.0853302432252545        1.0902192629707408        1.2005137131101307       0.95334222661011869        1.0230790946103943        1.1789986601919631        1.3900856075048733        1.2921410158898803     
  0.33382045543477923       0.77637376680806436        6.7512283602101278E-002  0.50177183113652268       0.32077277888827432       0.30508812976991034       0.32653279835689064       0.31167303301329419       0.76543381970336666       0.44612709630585923       0.40525526890677760       0.37314562010370755       0.31690576480528165     
   1.1988182236320488        1.0699918969192952        1.0123926602342253       0.94576536524731092       0.99934080029870698        1.3207385077230265       0.92846610644206296        1.1586084954407934        1.1151657264671309       0.99854403673355985        1.0660669825665297        1.1766147692127589        1.0947673625107808     
  0.34844132993245297       0.78632433694963655        7.3276336846215984E-002  0.51466423024385577       0.33495045191907402       0.32085498912501126       0.34216418364249346       0.32822496252987943       0.77297906964276164       0.45295146576721113       0.41830448150955513       0.38966043590679561       0.33607411313063273     
   1.0008364726786112       0.93706444457097460        1.1277583087637184        1.0822714420493198        1.0468932714354100        1.0877581289437828        1.2081265852421430        1.0811692074526977       0.96658723809584790        1.0494174174026474        1.0111492342081545        1.1786936394276486        1.2438933671213896     
  0.36231767169521689       0.79575102404244602        7.8919980439933715E-002  0.52754005118305092       0.34922812775313872       0.33677976092462741       0.35762908159220008       0.34540056162622046       0.78034586716752508       0.45986201761632312       0.43111991236527486       0.40585108292019889       0.35282665421856468     
   1.0208232807187969        1.0641407995572705        1.0600021427150574        1.0910103838519110        1.0421955945690469        1.2341492979727884        1.0916701155902104        1.1736080244749814        1.1718535687649390        1.1343520242010265        1.0436489837643279        1.1600364826165133        1.1910471140588503     
  0.37602675346721914       0.80456446135515747        8.4480926999361577E-002  0.54025370939650863       0.36314766733796477       0.35098046294003304       0.37324057485610024       0.36242717300426902       0.78704990948260833       0.46666134954012339       0.44396097757034397       0.42202868024948370       0.36993442390250220     
   1.2174870781028588        1.0923305186302594       0.99705603375750440       0.95138766314772205        1.0216429120913721       0.97140945913126475        1.1557880493572295        1.2502059990673036        1.0559599299747529        1.0609902841736802        1.1268130324443204        1.1247926555525363        1.0566439794404185     
  0.39012845350404801       0.81333427836051109        9.1222259903298228E-002  0.55292662980221086       0.37787321407857988       0.36515181111007788       0.38965985496803196       0.37866573750962074       0.79381476226342140       0.47350745341559825       0.45650040875694181       0.43679704418127152       0.38513215868294676     
  0.95573526992811264        1.1708336003651154        1.0346436364869409       0.90034191267763242        1.0622994755625124        1.1063025485027651        1.0323328219265206        1.0116302415298530        1.0295740224561272        1.1895950253607481        1.0882898452527152        1.0493902446765067        1.0675439737731145     
  0.40436150795702369       0.82138120965030059        9.8079813602167734E-002  0.56639270781543150       0.39298865231007668       0.37990633695247333       0.40622138446627298       0.39446680771440285       0.80022081326769712       0.48022895699995821       0.46959865120486494       0.45137485949758038       0.39984719404667668     
   1.0506351115471382        1.1179027514982374        1.0499027054778081        1.1713471232806674        1.2914622532205284        1.1093064275074849        1.1233607763407896        1.0958984831925307        1.0409952292993598        1.0665826369904310        1.0526141399469204       0.93719944364148566        1.0468787858319302     
  0.41868537981194975       0.82948679443653528       0.10588187142613417       0.57938206339503884       0.40961058409806500       0.39491953789442763       0.42279053114557086       0.40879912255671630       0.80675882634015283       0.48696266297156693       0.48367240506562120       0.46546741498163308       0.41514382359774576     
   1.0128487263351251        1.0613580065300143        1.1020258300556274        1.0421381313929272        1.1946513427082230        1.1702101699195784        1.1336251190655895        1.0214880364371073        1.1021537178099574        1.0743879780023176       0.97729371942367260        1.2642579064323607        1.0902082882933606     
  0.43308592035251864       0.83724988676102696       0.11361827973848199       0.59085350095171651       0.42634938533151800       0.41165747488453697       0.43919830198340160       0.42321088263316059       0.81301315311352196       0.49370117843455524       0.49754300729306633       0.47945846945337928       0.43014349369554095     
   1.1950791703201336       0.95378301144147359        1.0993980417004332        1.0746644261507581        1.1143509517035861        1.1419340263685069        1.1160734962336092        1.0393749360670033        1.1247287362305296        1.0105238046138627        1.2494927187486788        1.1337524876937990        1.0186391847529430     
  0.44760170256452608       0.84470014648502534       0.12215852886351421       0.60189978310872527       0.44279210164052007       0.42830810012432841       0.45492787153813058       0.43914028975443731       0.81907557837342937       0.50053399815874444       0.51174967847535835       0.49284135798728451       0.44607533261857191     
   1.1032968270896799        1.1796548936762685        1.0066603818001179       0.99881387779824238        1.2096254044680019        1.1956455296494342        1.0504037204112964        1.2111724205071646       0.98433090580855165        1.0485648605735263        1.1332857936662313       0.96693786672549775        1.0403910835713353     
  0.46239602916741601       0.85214601396805345       0.13074510593293770       0.61300757239688153       0.45943651893307280       0.44521366516472310       0.47064853969782094       0.45518012469815078       0.82478068265705307       0.50711707266824102       0.52614417228701149       0.50621155299031517       0.46178608243570024     
   1.1730340117213125        1.0093413774672368        1.0754012439177858       0.88821037296620808        1.0192169136343041        1.0705510495195738        1.0809774753829173        1.0572324103757975        1.0632673682960827        1.2235700957072619        1.1380408463514262        1.0342038022039322        1.2195168946375536     
  0.47557993090446149       0.85945316387578141       0.14030175324773445       0.62371791146025268       0.47606807563692605       0.46231784686666727       0.48629795786351865       0.47039867418004916       0.83035702773993947       0.51369260969674579       0.54119592926364091       0.51899979897219850       0.47860765838564379     
   1.0129297019028203        1.0131203121875718        1.3200020340097436        1.1058563723432893        1.1334933620590513        1.1913537884328509        1.3207757803432914        1.0589115720124065        1.0010967093970817        1.2719207884570896        1.0607873092128406       0.91647778471943186        1.1864186672808652     
  0.48960559602109299       0.86655109642982120       0.15006720096826892       0.63479760487810821       0.49309131852311550       0.47734130195523272       0.50170013990279527       0.48549636248314898       0.83571288131418786       0.52027837688536305       0.55663477097912750       0.53205257638754666       0.49484346065675644     
  0.93953922189404526        1.1187406340526831        1.1716698660115688        1.0528146530575944        1.1030343739340813        1.0971003845059761        1.1479480222610781       0.93410033409973203       0.97801591740912819        1.0775864721597319        1.1441593280087701       0.91142444667261036        1.1412262176423309     
  0.50649469461182983       0.87361809347516683       0.16248923639348314       0.64607191650712237       0.51136289944763569       0.49290236043001434       0.51691255963038862       0.49950671323907786       0.84110203700877884       0.52686951385077962       0.57168295784488499       0.54603574980176006       0.51048458012407760     
   1.2194130427454541        1.0721445004437438        1.2398659813410469        1.0908911003057293        1.3007160109786247        1.0708858939251320        1.1212372461609665        1.0053585177252327        1.0300439974150102        1.0017492419640484        1.2261551692775767        1.0660499010236772        1.1151322770951215     
  0.52292998576919147       0.87999260207039121       0.17485200350839641       0.65835194590586721       0.52936014578508050       0.50891548657853725       0.53235675957032613       0.51437798702460547       0.84630790775531173       0.53374672962472092       0.58683391603841684       0.55981972907562050       0.52642370293226515     
   1.1516284745732517        1.1257262965358477        1.2192309766552729        1.0943352077106070        1.0140705744895464        1.0539386491438345        1.2160402065313396        1.2230628364073490       0.89784357319107544        1.1908239766842756        1.2027048922647503        1.0060704129971676        1.3288989537357996     
  0.53912248887354697       0.88515086332884096       0.18616461186389796       0.67063683014905684       0.54448180666688595       0.52551567982823655       0.54850671002471130       0.52962092366671265       0.85159826178960185       0.54076581716056693       0.60247587694596816       0.57290979058251679       0.54222012292930433     
   1.0494464145218581       0.97811625187139906        1.1458368744336915        1.1282167339944762        1.0499857716584795       0.99805949875107047        1.0170453606732657       0.99072675452005921        1.0759944534408676        1.1276768025326018        1.1429289706061987        1.0997831660188380        1.0265354296712712     
  0.55514948935324948       0.89053019028471703       0.19762705878618225       0.68270846746090563       0.56006579652937427       0.54139871867109890       0.56477056589900543       0.54518410796385752       0.85698059778702418       0.54746684337035778       0.61789282776181564       0.58571624903072006       0.55776921143386027     
   1.1427859805112097        1.0785514403257634        1.0222880061663437        1.3426184721478422        1.0634392220223778        1.0372754625005176        1.1452024702853996        1.1259630020074012        1.1272612638181509        1.0890933973297006        1.1596589289278891       0.96518408960931412        1.1535672690344412     
  0.57136993502496847       0.89598008822442055       0.21214325364369024       0.69436262957553940       0.57672691069905613       0.55734134406657554       0.58155019514012740       0.56109663429604750       0.86205578032373320       0.55390945975516415       0.63325181670498565       0.59833295655811869       0.57271202913117447     
   1.0776337682223007       0.94949120914809970        1.0707426599173075        1.2516020250110664        1.0556726848550479        1.1076876281732730        1.0967920243094369        1.4612336017114975       0.95456740719114641        1.1467331092975543        1.0112107830983463        1.1963005052543501        1.0022408582821720     
  0.58772549903660687       0.90115895986084460       0.22692058408612409       0.70759314260993811       0.59350333361222607       0.57278107307847104       0.59892847675672845       0.57607195569521052       0.86704965431676240       0.56030471196113563       0.64807645695640681       0.61073909386615122       0.58709744949419618     
   1.0203145802548990        1.0424488758924362       0.98087818637488455        1.1958040760551922        1.1978264908853957        1.0185947473657031        1.3088508419930442       0.90409777759232379        1.1130636184219627        1.1470084339190829        1.0515578034962585        1.0275927760268491       0.91565717969400306     
  0.60552623400238048       0.90582394932899180       0.24490746141687178       0.72062081212720575       0.60940283453417277       0.58858429330450290       0.61712065694287532       0.59011885674352060       0.87191732841397263       0.56669169698805733       0.66243206631345730       0.62457167225585586       0.60185286647580416     
   1.1406097085498415       0.95985924527155886        1.1050108632847828        1.3377525522360716        1.1416280061744886       0.98041765998837471        1.0397960873930843       0.93941972982844668        1.1217662593519158        1.1065219868470135        1.1471833940229470        1.0657422209455878        1.0364293699259584     
  0.62368061308903866       0.91026051365441452       0.26277647815867927       0.73221306690197319       0.62546837468895256       0.60275217765008493       0.63447017747890233       0.60543531524482186       0.87661580954764473       0.57348256876783044       0.67651016924432761       0.63909674492351354       0.61708045619630880     
   1.1915426281095560        1.0627224093764476        1.2104741550130103        1.3012575398432880        1.3354681033751208        1.0418548194853976        1.2434140650913830        1.1963218340702970        1.1826261428265945        1.0234045159878915       0.99749073428568480       0.99689695248718813       0.97703162598476501     
  0.63981661051289551       0.91461564434523435       0.28234766308403964       0.74388866897963246       0.64183249982106916       0.61739725094296438       0.65074024984192091       0.62269900075533102       0.88115114950828777       0.58078487237258491       0.69121210074382922       0.65301829191403793       0.63301505928224822     
   1.0823895331196252        1.0166982927161683        1.3601888212405622        1.2567555211030261        1.0352698095921793        1.1320808405519498        1.2584416251079134        1.0982042067125510        1.1115140290386862        1.1498380589009625        1.1025315464190464        1.2609276585108069        1.0862849057910786     
  0.65618953122549828       0.91898144960785788       0.30228212465779730       0.75569575184553450       0.65815419769402972       0.63379375214329281       0.66734670152914322       0.63961258525545961       0.88605074844790088       0.58833236156764768       0.70647472220618202       0.66612391536943016       0.64948802135612660     
  0.99411796724761980        1.0663160362260371        1.0050298290030231        1.0639943029090411        1.0575088736651717        1.1373913577348669        1.2224631150853758        1.0535943962964387        1.1778926365999391        1.1123404331404485        1.1350929683714812        1.1998049258870578        1.0262263814862593     
  0.67300193230538818       0.92327662952923539       0.32214296545832949       0.76773868395246869       0.67376062609504472       0.65040596835107400       0.68346984501018604       0.65593948107552547       0.89105050504880201       0.59636695512555660       0.72194388589448588       0.67907582858339777       0.66628431464169169     
  0.96542181434429686        1.1861708453689150       0.97734957172890347        1.1786242475795621       0.98304568492891364        1.0869272088220125        1.0891735085852967       0.98110965460321387        1.1584286235058616        1.3344831910738955        1.2677928019240721        1.0976071168014829        1.1473698021602037     
  0.69021675429072105       0.92750449490270215       0.34190468564566828       0.77890634925789004       0.68935279221473955       0.66725992653938304       0.69926447219910115       0.67258925697646332       0.89574857280471909       0.60425416819872524       0.73798444872254076       0.69186021152668309       0.68304241566810486     
   1.0966296464602197        1.0883681858509624        1.1175900170536186        1.0312648371705997        1.0965176837844732       0.97285091060868412        1.0718510802583838        1.0404682588035754        1.1530422638308024        1.1886395758824426        1.1506902206635605        1.0914044640849121       0.98270389710035178     
  0.70750033114014377       0.93153176658555137       0.36305686266062409       0.78977820025967005       0.70330219528117199       0.68410741956369270       0.71416987683961364       0.68917875115866822       0.90024504892888257       0.61260723654658777       0.75408656967342802       0.70754017275309855       0.70023999175672347     
   1.1819794886048565        1.0462156317920148        1.0356164508308197        1.0383997347083633        1.0681370709586402       0.98577848027196013        1.1793194339022626        1.1132211525650275        1.1596616937484425        1.1186899658541758        1.1074016557728867        1.3189194038497321        1.0602478270333822     
  0.72517341586789597       0.93550672689092285       0.38533227471640014       0.80064570641721700       0.71737345405175101       0.70054060762926784       0.72893229020970429       0.70547635298958822       0.90481589120883477       0.62093417104324244       0.76996032708709661       0.72444892191304711       0.71710731028270058     
   1.1907062528767423       0.97267386515109344        1.0539716561952881        1.1730387145732510        1.0422212776170883       0.96617921810430152        1.0747804260160296        1.0301925548616995        1.1012501092238103        1.2134450011746409        1.1009839667826242        1.1086470767957801        1.0183708528587037     
  0.74267015127726976       0.93959008444809411       0.41099172605568601       0.81128989303411414       0.73223819406290225       0.71753140909652957       0.74331168007557147       0.72162263343221811       0.90934773548655667       0.62909477653886081       0.78523348033542051       0.74036355037749912       0.73340935363276505     
   1.1617641396468448        1.1037737154041991       0.94021131145706538        1.0830465320297427        1.0910547790807252        1.0168685875859567        1.0651838077885414        1.1109256865791746        1.2929032067110127        1.2576207114023605       0.98818983973378316        1.0487397138908863        1.0625704392275024     
  0.75947601386932451       0.94377553548683224       0.43739374025783540       0.82236973745925290       0.74735436105555175       0.73571674879940185       0.75748048195861406       0.73803458025060864       0.91375223458325383       0.63719477901734367       0.80023694375474042       0.75627164496883115       0.74978836981289654     
   1.0781441322100356        1.1528860884204792        1.0670349185260750        1.0418096609884662        1.1904846573468615        1.0964359912745847        1.0467415495528294        1.0515693119856735       0.98882433943029124        1.0405644299952586        1.0709449973688472        1.1843724912550060        1.1420944426377160     
  0.77578278659478461       0.94820265032546824       0.46632464723425598       0.83366933051870917       0.76285048361793595       0.75314372799002105       0.77189425056155436       0.75426753009255387       0.91805343576711518       0.64507373445842620       0.81477614138291454       0.77284341010262902       0.76571530421714873     
   1.0770297371604187        1.1752228481894975        1.0821651259977763        1.2697733621130483        1.1899219154832923        1.0152184074519195       0.90052544304525239        1.2346932526851755        1.0825259931013453        1.2257763624322877        1.0779975159887814        1.1107505506778430       0.95005325794853646     
  0.79142521400972510       0.95249714428103904       0.49542977298160340       0.84459134930702839       0.77873481694708835       0.76907155955616580       0.78682425589961924       0.77052282616513601       0.92243626666190670       0.65311776495928342       0.82862595436531883       0.78921586473719929       0.78216033799717866     
   1.1500768819848757        1.1945040027519496        1.0411161245806344        1.1875921332372625        1.2339248401207319        1.0003640755103727        1.0700993325910482        1.1004144991643545        1.1745834061560678        1.0494641845778347        1.0981808300905633        1.1537828644385570        1.0423593827966375     
  0.80675566945666355       0.95638835703399949       0.52484034621838338       0.85518955645200645       0.79283100950134033       0.78541927860258920       0.80272474246286918       0.78751041482116313       0.92678578322632177       0.66172588312637581       0.84209561763091378       0.80487471611663153       0.79957142739076970     
   1.1177059723409080       0.88254028835954124        1.1996800882085914        1.1551366179190488        1.1991460968276468        1.2402210584515332        1.4548533312324741        1.1409772829670033        1.2595946527765414       0.99957362656811244       0.96354755284464244        1.1199954542848549        1.0275100099400867     
  0.82218425356926150       0.96024504628509588       0.55374779435293808       0.86598324116399983       0.80841097094259773       0.80150359114823544       0.81811474122488193       0.80439851520802397       0.93125182063009138       0.67066624892574378       0.85500837122612727       0.82028150147025303       0.81771955739820246     
   1.0719967000302082        1.1107024913162789       0.98450443332439852        1.0995853742863395        1.1933963640311709        1.0237323211396259        1.0072769465543288        1.0768867833620039        1.0987569673515296        1.0532309639091453       0.96558139915064067       0.94097924977735692        1.1386133554113729     
  0.83792778762768783       0.96435322375433274       0.58267011964395221       0.87729229942132714       0.82569225988311234       0.81748688869136232       0.83227087839850045       0.81928204579989938       0.93508987671596466       0.68009252805781251       0.86795372313940322       0.83603196885153885       0.83485547907482027     
   1.0985975760754443        1.0976136408093471        1.0331203630543091        1.1185007460494780        1.2135264519618658       0.91418699650662705        1.0367850010271682        1.0127045453002763        1.0466174353665894        1.1293102996399249        1.0179289757340215       0.98238176015373413        1.3119117622805034     
  0.85389172974124661       0.96842241097498805       0.61292811041277995       0.88912034885692037       0.84265380234644804       0.83359154534091451       0.84645805672345553       0.83424881730957245       0.93877352063505337       0.69040625975841008       0.88087081842297532       0.85200893983369463       0.85134213550528703     
   1.2395002361192600        1.2547716211588460        1.0460276909322388        1.0806724052496370        1.2540922982079190        1.0088879963090762        1.0487731130598539        1.0202638749109900       0.93884644321844601        1.0961999158176599        1.1496522367230835       0.92805079557956693        1.1905928289970495     
  0.86891022085924507       0.97155206550142015       0.64315945725313828       0.90131061470662788       0.86083627538206275       0.84950608867702349       0.86107400336951823       0.84956514039880759       0.94289194816585042       0.70123106912672628       0.89342184700341432       0.86754432878037857       0.86577257626154547     
   1.0680501099528501        1.2456903807571629        1.0298545103255399        1.1837821996558870        1.0898823846147492        1.1014559006318010        1.1056769544522675        1.3242798339602133        1.0463255417159174        1.1707315504134022       0.91698013939649359        1.1224634460616936        1.1638300410881806     
  0.88275708767031091       0.97480821897137326       0.67870892987100218       0.91315728968988663       0.87907662894552063       0.86534344756369275       0.87550721670674947       0.86460949492309003       0.94730436471948243       0.71217590562082478       0.90596052717179754       0.88317048192178293       0.88005990462343253     
   1.0352281161658623        1.2095076386774428       0.97423994277006987        1.2201408592297822        1.1193145113912257        1.1186486655279408       0.95902516379951741        1.0652048733105948        1.1448175164052643        1.1290758084852137        1.0924939577389059       0.93777383201069853        1.1712488156537051     
  0.89714359387464271       0.97799458040066256       0.71461139112447003       0.92450647824837195       0.89581972788368047       0.88092806426948000       0.89019813809154213       0.88202562793737205       0.95154656645772340       0.72409034312029397       0.91772705511651331       0.89857257315620565       0.89472168146870723     
   1.0460659868789290        1.0821899580438332        1.0411946993051069        1.4628762760883813       0.95509873135155365        1.1373462463012645        1.1246581699229019        1.2507117847436586        1.1334276173957565        1.0443456282871040        1.1057362010421894        1.1184278368295377       0.97759380385186678     
  0.91169619323115092       0.98120401160417436       0.75409259824485708       0.93590651388170631       0.91243278043744458       0.89646268214841718       0.90502546374935267       0.89855834142608315       0.95565989187768630       0.73851389629560882       0.92873010026604830       0.91389291909513226       0.90956753562903792     
   1.0559196542016045        1.1681711334425675        1.0647664117453879        1.2642453235724280        1.0945158417291070        1.0113126439651896        1.2782042292445919        1.0563745034703904        1.1569042232875539        1.1354819331250294        1.0807220411949527        1.0596957777255889        1.2200705167033299     
  0.92694423457834374       0.98425456879907358       0.79456808710947535       0.94746504425782629       0.92985159704194198       0.91260573617459806       0.92123471936479351       0.91506834862543118       0.96042536898754371       0.75417754865348474       0.94008340288052072       0.92880719188613947       0.92536024409349027     
   1.1081791356194728        1.1786579682436333        1.0336050671079380        1.2777849512578210       0.99026542534761963        1.0844448726825542        1.1298459057919452        1.1801807747453694        1.2724132824293937        1.0291710726707430       0.99312476869209332        1.0675908980041879        1.5060029939323476     
  0.94219348714619211       0.98734050388287964       0.83578572926145500       0.95852145652111753       0.94683814378822928       0.92881930393511580       0.93706009460221207       0.93174306899713477       0.96488401807211455       0.77350634323574141       0.95165841856824562       0.94365242651458747       0.94107774329731464     
   1.1360487281650364        1.1346070251917075        1.1302430893937254        1.3094508254950346        1.2582818548860186       0.93155054334058274        1.0740079351404075        1.3754758544681243        1.1958028249637194        1.1528023711270832        1.1335575226094077        1.1132355371044660        1.0075516769704325     
  0.95678891495125262       0.99014094522757701       0.87920662122812421       0.96898938527115308       0.96114254360463958       0.94722326616704999       0.95264760103322232       0.94815182536728460       0.97102421604239308       0.79638209450649666       0.96340809061633381       0.95774352304999000       0.95680859566822518     
   1.1516726378741486        1.3136782859917677        1.1251836105340161        1.2718248759368713        1.0716839565686354        1.3071325619988341       0.97078861113253012        1.0695039121884522        1.3281126637530827       0.98948998674958644        1.0895267446917254        1.0714966520938674        1.4302925786554395     
  0.97065244492103664       0.99300638524019957       0.92273097038239260       0.97902173506524559       0.97528561937084546       0.96531676232144792       0.96774534486121899       0.96529939809293996       0.97711955140475992       0.83045265606008678       0.97507023649290403       0.97202665253381515       0.97208501198671071     
   1.0398670649810506        1.1941727484481055        1.0493187744329666        1.0250322078528882        1.0028005972091907        1.1431531234783145        1.0334993113643007        1.0943157359484541        1.3893120570766282        1.1238589037719215        1.1880030348035453        1.0751799361516163        1.1524024992083006     
  0.98544104416779399       0.99646005348638611       0.96224569559513840       0.98948618820752698       0.98756475197477933       0.98266017103189907       0.98384937421403940       0.98269508150145057       0.98763110724539316       0.89253460577585375       0.98722449707156879       0.98615572156039732       0.98633070970564463     
   1.2433149152174410        1.3805440795614012        1.0195075729072811        1.0934129658529761       0.95526710465379483        1.0360431852798473        1.2089732172532910        1.2099628155715600        1.6368204149416345        1.0568722482908510        1.0167614120461863       0.94749216542359616        1.1370706823216004     
   1.0000000000000000        1.0000000000000000        1.0000000000000000        1.0000000000000000        1.0000000000000000        1.0000000000000000        1.0000000000000000        1.0000000000000000        1.0000000000000000        1.0000000000000000        1.0000000000000000        1.0000000000000000        1.0000000000000000     
   1.1258573994719396        1.2947125063506093       0.97240697553787259        1.1621439236426609       0.99051874331627887        1.2396986423316698       0.95428355519655528        1.3164503524367850        1.0272904792994419       0.88459026725238776       0.98444644879642706        1.1207138825779364        1.1062589002394287     
   9.4723202213022049       -2.1539166703978889        17.212070854182173        4.9732047822840704        5.3607972386397043        10.811115059995121        6.4209885855114797        5.3534655597466649        8.1160126374395158        7.5533290428647843        5.4755637532879833        9.1844560584633790        12.516411717352661     
   7.1550109847401506        6.3406017460599218        5.6879788075381716        8.0125759915650026        4.9460468772379604        8.4523802154497467        8.6662800232499411        11.772966694800658        14.785334736063106        10.697703512557974        9.6089581911843780        11.415770573532415        8.2352836455710285     
   6.7396415917106562        10.689191635093616        5.7341249092650894        7.5354349927229176        6.9140659487722385        8.2063556841243379        8.2625431653985864        7.7935944061973901        18.876241088334176        10.496586228465409        11.525091358213132        8.1943582341495862        7.2207225989569848     
   7.3392704798998478        10.511401946517980        7.0888022052241819        9.1986029498502901        10.676178456445991        9.9425194512747428        9.7980858536056719        4.0474547859311025        8.0058332759656405        8.1396421252660822        9.6786477056027138        5.9319658256050367        8.3000281226207537     
   5.4190135129506460        8.4021132211474630       0.89788488269545708        7.4630335341829097        9.0452947013095528        9.4530788185088337        4.9989446894108163        15.380746387515400        11.890216747013813        6.8916377355451059        5.4714990832583386        9.7083271863333369        8.4531294144941036     
   13.459410342223839        10.413522719219241        4.5805389009375563        8.2221125729410538        8.6861374199135231        5.5708909327940690        11.348784353520116        9.3790539081292259        8.8602343668139820        8.7915882786668398        6.8616940412078087        8.7037685647233332        9.4383164906905499     
   8.1530908484144646        8.4949725091931043       -6.0759955426510475        8.0342462464499960        9.9009341713284673        4.5355624893821469        6.7835853594254365        8.5697506036984166        7.5835782670787610        8.3468449833228249        7.0561125805144034        7.3801882314939000        10.758882238180112     
   10.246515048065534        7.1516841156080604       -16.306562499503571        7.6326457444058313        12.047946248854378        7.9839904155897941        10.046806054821566        10.722317367984358        8.2029318623097947        8.3609635199403733        8.6849258675920513        8.5767717978662894        2.1692536753809444     
  0.41515350207421503     
           1           1           1           1           1           1           1           1           1           1           1           1           1
  0.16192598263130056        7.7723816516958838E-002  -9.1740621600852794E-005   6.9462074400224747        5.2990553864518605E-003   1.4180529585805129E-005
   1.6482317542811798E-003   1.3897064962036354E-003   4.6987467033539283E-004  0.44989816771937069        4.6931971533871545E-004   9.2685703521314511E-007
   1.5761323727170880E-002   8.7529497723388481     
