   0.0000000000000000        0.0000000000000000        0.0000000000000000        0.0000000000000000        0.0000000000000000        0.0000000000000000        0.0000000000000000        0.0000000000000000        0.0000000000000000        0.0000000000000000        0.0000000000000000        0.0000000000000000        0.0000000000000000     
  0.17253871975215607       0.17658603156590322        3.8684037474078843E-002   1.7843451213195305E-002   2.1311116854658547E-002   1.9813164457482470E-002   4.0906116822254550E-003   1.5766342690789789E-002  0.59750108829654258       0.18990910390054952        6.3995454802648746E-002   2.6455307967138752E-002   1.1950644947557520E-002
  0.63586791945695076       0.57218785665834004       0.58377782063308126       0.60227869249006871       0.57661815903707103       0.64602129827964327       0.96655144190089326       0.68876325583676867       0.57444900760668083       0.51634404953847834       0.77885823382053976       0.64338654826530850       0.63318485742070496     
  0.29364760508757087       0.31860057142537912        7.7747066381614022E-002   3.5389543104513595E-002   4.2354810588746183E-002   3.9462235274781404E-002   8.0825779590576099E-003   3.2127746839320175E-002  0.82572966099685807       0.29321226748691959       0.12001438385654545        4.8243783991321794E-002   2.3958270842279247E-002
  0.81205986042750367       0.73387592529459345       0.63065761870999160       0.62626146423360274       0.65490516227152684       0.67333518817334703       0.75933489124764320       0.63126328933368259       0.86976968814865097       0.68207425250866260       0.79637541122154998       0.66181243360984843       0.65425917410395140     
  0.36279433356081775       0.37129864223094039       0.11012977487037434        5.3151212227429613E-002   6.3401830200137760E-002   5.9137265978467246E-002   1.1576023929001363E-002   4.8714004209896758E-002  0.85441915294243387       0.32997770280441902       0.15189232073560413        6.5931214125689627E-002   3.6426250598466277E-002
  0.73298523081247691       0.73320000609375235       0.71785133374825327       0.69435592403608093       0.58536096625465972       0.84134609467105770       0.73346417381558815       0.67580428241036838       0.62622511945909454       0.63261058489590849       0.62806798267955666       0.75832612019931778       0.60937447151664648     
  0.41261681038760362       0.41561675503518403       0.14027366663761909        7.1705723506869559E-002   8.5365230528243838E-002   7.9056229245896614E-002   1.5000167050360435E-002   6.5022041770096378E-002  0.87446874524341212       0.36154358804448528       0.18012805979057159        8.4412548633118159E-002   4.7800580908122538E-002
  0.67437284675811859       0.74318509057604443       0.64262608897646734       0.67344475356187039       0.60155652330260900       0.68023573958818895       0.62153840398115434       0.68062096452125442       0.63657474017386162       0.79840554481916715       0.63272936334247942       0.92475123287713412       0.63302790108242335     
  0.45241558421705041       0.43676454004428200       0.16806450231463513        8.8177029627421383E-002  0.10808946771300781        9.8475181568973433E-002   1.8422178811305933E-002   7.9704047585106200E-002  0.89110713223028193       0.38294335787285100       0.19852250134106181       0.10144946886403325        5.9016896065271905E-002
  0.65592149530072297       0.64732947027271337       0.62189479061925979       0.62283173659371183       0.63662761571596882       0.72732491556589907       0.67481124288713079       0.64319538130723586       0.62734257895066314       0.53130272926419164       0.69095717853319438       0.70767865683968589       0.67951534294316185     
  0.48507351766817935       0.45653897299310547       0.19929632015257390       0.10293149712608136       0.13136603850289352       0.11540278885928544        2.1866468616485515E-002   9.3849450228981071E-002  0.90170846662556636       0.40176999873087171       0.21507519843982570       0.11880248639328059        7.1190304051594308E-002
  0.71902564628269738       0.63904279074850090       0.59142192843695596       0.58069081164110914       0.63795975148089967       0.71022823122522405       0.61899462235306801       0.67685877483586943       0.66665943926053950       0.66652068885124827       0.65507146867974952       0.74857780040904820       0.64796432657961667     
  0.51516460222215266       0.47406856743007264       0.23220554733574833       0.11520837796814740       0.15562078843178889       0.13156490980404914        2.5436087096475168E-002  0.11013147330424908       0.91091538161908447       0.41873426557864890       0.22498216569722465       0.13420380057848683        8.4408907646528461E-002
  0.69315596551651670       0.54678461709594361       0.66845594042123602       0.71050938382408690       0.55074175903426137       0.70249667923577919       0.55288743249890393       0.64798412384465898       0.57065089556792958       0.66256833723495234       0.54462218724634581       0.62479909982587734       0.79149055645038824     
  0.54600550342690335       0.48933021585121594       0.26555093537171187       0.12666482669767562       0.18220142354973626       0.14693777207730496        2.9157421986963607E-002  0.12819153021595761       0.91815034617967672       0.43523420902563925       0.23599176097094340       0.14937862085534784        9.7649442286209587E-002
  0.70456042522349027       0.56348761709357353       0.62564035280724128       0.57062953341009515       0.71078997051807435       0.59745990957568917       0.61256365183716754       0.70280726249893966       0.66539292564569152       0.60280043968678942       0.62544741242928892       0.62938832454090676       0.66547862032561511     
  0.56962642768447602       0.50393006877156665       0.29717252637046593       0.13919094600868259       0.20806576458346140       0.16161351530341320        3.3626971758474629E-002  0.14277953249692643       0.92442100144533024       0.44919543614866264       0.24696871753586500       0.16361113836784341       0.11180044893432924     
  0.61000271747565027       0.57547222730064251       0.65976833348210984       0.69974230400448656       0.67167715998344635       0.66933220984195285       0.68270355525300708       0.69192162194598084       0.62100443012168882       0.54806285568779611       0.57701015250846199       0.72895329039667101       0.59021834868305545     
  0.59441935190782569       0.51737845205934041       0.33090852968768109       0.15236189005666620       0.23257840259302484       0.17558118077306414        3.8624742559505688E-002  0.15419032794714269       0.92892664307438022       0.46152444830077005       0.25808421854403324       0.17838815772613423       0.12695043981504697     
  0.60614315359502213       0.54462218724634581       0.70104074012248752       0.64448356757831238       0.67477698721136870       0.64145803227652409       0.64007438029522812       0.61323087445836422       0.58301609272123711       0.67046476728431548       0.67454389012964167       0.75951503517246399       0.82414024784112616     
  0.61253089917377201       0.53093301033675910       0.36441633651407790       0.16542837156167950       0.25602180064968122       0.18928180285670648        4.4162632607608394E-002  0.16565425551747001       0.93323264976995579       0.47303046328049209       0.26961070013536903       0.19023279223966078       0.14257731076039892     
  0.60638352210107405       0.61180316663688472       0.70162138763381732       0.58559518034561531       0.66452597361447086       0.59555981129591140       0.75771026020800913       0.59227576076484878       0.63688625789451581       0.60893725147341415       0.65677442836865008       0.62574206994580162       0.56917918689160474     
  0.63158358379242607       0.54656564480364778       0.39149710842083191       0.17886021546779393       0.27870464493277014       0.20238828150978921        4.9714951806049311E-002  0.17722232994627321       0.93734605469105103       0.48541092532075880       0.28121298106697046       0.20243197384590458       0.15736865404129374     
  0.61108906561101717       0.67387825057408268       0.60590932589207436       0.76109271924961597       0.70014514439758402       0.75748478439189904       0.67198899030279247       0.61186751560918251       0.57993449325716206       0.68161162349256321       0.92406330385970803       0.58793345296805344       0.78127898804511098     
  0.64957483036648955       0.56113130860000704       0.41736369916119082       0.19347124764416268       0.29948697088995341       0.21647566058260806        5.5816640680002312E-002  0.18878905292885570       0.94113921958371960       0.49827518419414957       0.29295103340718914       0.21525567973716886       0.17203753144345993     
  0.58753237868463060       0.58822324899645828       0.66760527593915497       0.62890556328915204       0.60431955396218606       0.70486158957148559       0.64599913795302055       0.64911331966125252       0.68912903410071613       0.56081318579312089       0.68597556171606788       0.63730231754179911       0.63909260237482268     
  0.66656716905566993       0.57656041298040661       0.44279446861864996       0.20962371824821632       0.32034215635247115       0.23377250630065485        6.2079130017281339E-002  0.20103341020732243       0.94438477469388371       0.51148396769978999       0.30463935926715596       0.22840489164238248       0.18739810511631450     
  0.72459191488087926       0.59206022751823273       0.64985469230590598       0.70926112061929314       0.57060430879494872       0.64402326314404823       0.64517349169012594       0.55805962407938625       0.59519862802996781       0.74661634001984456       0.74189496257865517       0.62057152453505326       0.62876124741923911     
  0.68182603665834118       0.59231351621474038       0.46710274981876293       0.22647400869731857       0.33950558740882858       0.24985330319848031        6.9957302613520622E-002  0.21378259208387862       0.94710783927508468       0.52396197430647706       0.31567990449607003       0.24174420535191757       0.20323122160774881     
  0.58704148376008891       0.60229054233171064       0.72427376758324047       0.62526871262788475       0.56163485163823845       0.62415060180375170       0.66964796594571507       0.60227920934968737       0.57752660067343253       0.69592502040074244       0.70768833987418478       0.61050531760049809       0.60950762108309653     
  0.69662399497819194       0.60839344296683828       0.48986549841482557       0.24429766521346574       0.35662640531756307       0.26590582956668446        7.7531892309999489E-002  0.22638805289291869       0.94963817275337503       0.53557022707205271       0.32696261736711996       0.25557073369495015       0.22067212682162746     
  0.61787228637426483       0.62643408945069146       0.69984675698390275       0.74355970365849489       0.66388180856997159       0.76556648573070429       0.70348644830087770       0.66876725149133942       0.55333968222889540       0.57805840775799355       0.62665519543702952       0.57002869740311590       0.73857281499947336     
  0.71119228752096308       0.62352046989233434       0.51139943325002868       0.26026376402861889       0.37362645751740170       0.28159104014077391        8.5971674606109133E-002  0.24056900808276419       0.95207008302541829       0.54679988709667648       0.33834266495992754       0.26907128979344863       0.23990971036785816     
  0.62707488636577802       0.63651108233326059       0.67016117000381337       0.63212310483165324       0.60741909643309244       0.66511654324986613       0.72428168588966824       0.61788281039294968       0.68559789751172473       0.62262279857134961       0.58837386288475269       0.67415021769906736       0.71968585364643922     
  0.72479607242418131       0.63748498556129596       0.53263615414933996       0.27326694085464742       0.38990689286065333       0.29872549178028579        9.4824433890679835E-002  0.25428165648130224       0.95403572441512474       0.55749044425958438       0.35021341559869934       0.28241869689257587       0.25817929853601501     
  0.66300414723183443       0.63091823295258487       0.64045243953610731       0.61884986581574697       0.68974216308806713       0.75873374495865231       0.72273045960535387       0.60946386720165346       0.58656238833941432       0.61811328552677047       0.74885982258402517       0.67358596886087196       0.61511707654761560     
  0.73596413332418453       0.65155084196881030       0.55371076196398517       0.28428103826616585       0.41072178941679210       0.31398336511168590       0.10419286204709136       0.26828751625207026       0.95588792467032246       0.56773762526503802       0.36394127367242501       0.29739329411005533       0.27474473000634186     
  0.62105734283934011       0.70750143440098889       0.77269308374908607       0.55184424947560418       0.63280634429091998       0.72570600395355422       0.73776982037675887       0.75309595537590968       0.56399656006237142       0.65543129920696852       0.72424622724233378       0.61222067614516662       0.67344855168490114     
  0.74693070389891147       0.66515323659179959       0.57466853315725497       0.29533748417084738       0.42971496652019769       0.32923896354320131       0.11345593455475469       0.28063060103875009       0.95787061074312208       0.57817907233230903       0.37781599027298679       0.31170329589744478       0.29205615682001818     
  0.61488477823178955       0.77617559890161136       0.62840555118964814       0.63538041236075915       0.67515432988560642       0.69138090381386530       0.72908957782460804       0.66870696185573675       0.58516876178879018       0.92026207502174229       0.70699354083331911       0.63408053452905944       0.71691192006178128     
  0.75726030794316090       0.67819890502755587       0.59575571245855330       0.30739653221916163       0.44782190568764552       0.34425788082145320       0.12321585135381410       0.29170171898464270       0.95977892026374134       0.58842426007250925       0.39005782957439666       0.33055526835799381       0.30984888597923332     
  0.58410765316055657       0.72769114054311312       0.80938727298351876       0.68946379934102597       0.62982782824455363       0.63154371548026533       0.67374008852009104       0.69859794210963566       0.61708760250179462       0.61599197377331860       0.70604191347560463       0.80136591744249364       0.70154920420474232     
  0.76733988564301869       0.69075604396777113       0.61607300879906179       0.31882319199902481       0.46552922761342175       0.35954251992947051       0.13294948977926382       0.30455934065928325       0.96175625626692129       0.59824835562696110       0.40218954103242494       0.34901464270461835       0.32809376406387558     
  0.60350736988851550       0.61208966660750053       0.68032871566137343       0.64387241134558149       0.59844656128972729       0.55446679601838600       0.68534246541414168       0.63069038675584155       0.70479708611073322       0.65591455853275815       0.76749498613937739       0.79372324057049692       0.72517139916601714     
  0.77701542778607935       0.70182393230283946       0.63353895282694439       0.33215888096027202       0.48223242666737293       0.37554674951826283       0.14287748543130499       0.31925774960116537       0.96360714872237063       0.60804958027245526       0.41470918060244782       0.36696083281816577       0.34421848622226331     
  0.61052888390015037       0.72801955882967428       0.58498492367341959       0.55135303180168471       0.62287815771999799       0.69276538617852390       0.67457625578904445       0.66961965399162138       0.65239791684570148       0.66863712601284975       0.57808019790960741       0.67001599683276203       0.66407673447046311     
  0.78679244967330031       0.71286572834711592       0.64958349933867732       0.34546316348782630       0.49937270499272463       0.39211950538525492       0.15327260849930649       0.33402859280954073       0.96526328744071888       0.61637887048644080       0.42738345270942391       0.38546028678823679       0.36006943355923215     
  0.72909646801836148       0.68076979492635326       0.72008626287622124       0.71633493715911334       0.64110463494591585       0.66587337181951467       0.62969546019201805       0.57780825097651778       0.59639934846051412       0.69172757123657469       0.71355934439562929       0.68697196732913191       0.72268870324259460     
  0.79671683504424307       0.72349117122052453       0.66521911731106387       0.36020997725666343       0.51574495468620929       0.40878290617909108       0.16386111533465436       0.34850781286159505       0.96687638118302766       0.62361169951081563       0.43986862320920850       0.40273387416367656       0.37740758531186130     
  0.69852779010215882       0.69558286994813789       0.73736083003419872       0.64647594847118695       0.67184129347294219       0.66727061827689982       0.67334977618533631       0.72347716141517682       0.64126774351210547       0.74671518244905766       0.65942930405188405       0.72377158925115048       0.63494898041143366     
  0.80523684230123549       0.73341856998117450       0.68011260580619604       0.37426704096976060       0.53211318388347117       0.42560173545702462       0.17441057580068151       0.36181725323132652       0.96837213110248532       0.63049476512237490       0.45239668810846911       0.41920102487733085       0.39491485796348147     
  0.65166145783145824       0.59724613701931994       0.68152629336010484       0.57691978485663054       0.63836337980645652       0.67133982329164288       0.59652984995497182       0.61959411847094903       0.58794472011752752       0.65127602860034506       0.55142371472322183       0.75589252481236513       0.62024888487303664     
  0.81253234008281872       0.74281607175417286       0.69533648980038831       0.38821425556023020       0.54711622230453671       0.44354523799805234       0.18528232409765774       0.37641189408934927       0.96987136809737584       0.63761751300451475       0.46528971454141160       0.43492813700016764       0.41218468111324397     
  0.64835204987359585       0.69888343250875873       0.69559236327692220       0.63675209817514200       0.65039389624418098       0.61560365021081742       0.68626195672559342       0.66073733985042937       0.77230685329096471       0.65279898562735261       0.62952334721228609       0.65049690762221624       0.70292054235451895     
  0.82041335582957098       0.75134412235693138       0.71042126848021425       0.40200048629583068       0.56151644673930967       0.46258459033196542       0.19672562094688062       0.39102244206909220       0.97127316381627715       0.64469606825871340       0.47839782084971244       0.44965824073828414       0.42964019391574909     
  0.58497997771536225       0.76190044956248049       0.65393716296993609       0.59843059884245031       0.54689311622591796       0.62668679649039338       0.61977668289419841       0.64724958747396621       0.68559720977857974       0.66546255909994489       0.60334381767762446       0.62541045066466960       0.70096631556746813     
  0.82847099257319756       0.76011146038654620       0.72416399056675274       0.41639165511085657       0.57370456366266520       0.48062368189511595       0.20837792585179438       0.40840791850543001       0.97262968789886795       0.65046124620140178       0.49178727181951998       0.46413948866511745       0.44688836808975285     
  0.61550219131958295       0.84220581252934490       0.69494138859935584       0.59847540769233754       0.60195416004951241       0.64999764087885881       0.56471941628853328       0.69935356970094043       0.68445980214751323       0.67073050011812529       0.66741691350858612       0.61661484247410558       0.61937014742211560     
  0.83625214063168918       0.76812360514125033       0.73641824206832873       0.43249862002438205       0.58615387311696221       0.49709428018289042       0.22030949797081664       0.42672905535002731       0.97370140216140266       0.65579233398481895       0.50539775387036112       0.47945863255331078       0.46305290101872326     
  0.51814720387563817       0.67406115522041976       0.63145881758590350       0.68324952188931221       0.71772195164500086       0.61782387750127443       0.69677902263862046       0.70469572083774223       0.56914653800876047       0.61599298278219783       0.68624280759771350       0.64720150374476104       0.65333435447374455     
  0.84379108404069769       0.77629449748690016       0.74800545405532048       0.44981942205979197       0.59805798360553064       0.51283356458381690       0.23235153053837349       0.44383729291516394       0.97469288666502241       0.66120648757963085       0.51900357856031554       0.49540873130951196       0.48049068569427578     
  0.61443748337436033       0.67737275573884681       0.66611506045924462       0.73513969718296757       0.58179928173191042       0.70984379901929040       0.64917926756483990       0.69828708814374618       0.66508906145947633       0.56255325984615234       0.72090360566668976       0.68073563862545960       0.76073079234400065     
  0.85101021450655057       0.78412222091984340       0.75815615262537328       0.46604079368311235       0.61063577018700865       0.52612334564424734       0.24467547569597126       0.46078412188767531       0.97585993234661317       0.66688038985200482       0.53334637582020583       0.51002059108844888       0.49841312009199940     
  0.65335878156131544       0.58453726525935223       0.60786770119075106       0.60950930821288529       0.67633025974148431       0.57821057526343000       0.62674265808918783       0.71420467566898005       0.72040676615953891       0.68368033194222466       0.64864842220125651       0.58948609554959064       0.68859139710146178     
  0.85799871581531728       0.79184683263208100       0.76887822342308754       0.48053831937731539       0.62398803011671922       0.54032247816523049       0.25727540926187847       0.47842128315814059       0.97698414537004774       0.67308034285330409       0.54836652630584648       0.52464832223785585       0.51767995790647492     
  0.62125865949411696       0.67993984174250732       0.61618730093905738       0.55057126896645314       0.59331048779706586       0.68996260469454107       0.64543566718640721       0.63832353951042520       0.69028589422728193       0.64957842465344606       0.68996244474216817       0.64196851565591462       0.70499084452337768     
  0.86503302403595272       0.79978103737591633       0.78059369770189002       0.49591014652610999       0.63829957707058860       0.55330016835644680       0.27014322677075797       0.49600021230138769       0.97794738030028661       0.67945446674202792       0.56305048302118077       0.53913325971767623       0.53906685319628522     
  0.59256473873316218       0.83249068674615123       0.60113918192759075       0.87589178297384673       0.70823437644898635       0.62299420802611272       0.73988717361695233       0.71077206671271342       0.70765300484191695       0.60138663248786040       0.64837296851352855       0.70246314716939651       0.70980995110990863     
  0.87211989525133693       0.80762633320606547       0.79247647008862532       0.51326389512107551       0.65330103984605603       0.56407989626370114       0.28343252183813206       0.51312277239914927       0.97884302423270442       0.68608291022336620       0.57774859920459243       0.55310311469879603       0.56030281196318943     
  0.71644179011069686       0.76690121927496724       0.64182282272364666       0.76862616165422193       0.71100582407767621       0.55107006150003568       0.68187043471779618       0.61955984937208808       0.66743472732856701       0.69524984411021018       0.65706215650051925       0.64962762108960492       0.71560993817000962     
  0.87939147167886755       0.81572098843534369       0.80426963703594079       0.53049096814784991       0.66878849742272883       0.57417570381883021       0.29657223702260033       0.52939596086385465       0.97970954943779243       0.69230572070388507       0.59286043369143748       0.56621789208552709       0.57920576268768909     
  0.65450339718559991       0.73901761782164799       0.63314684334529270       0.68417121332420994       0.67193767186800113       0.64305177866877783       0.66274705025849290       0.70640199475266252       0.75151474186856426       0.64993667966748270       0.71656087865448270       0.58593235209201400       0.65848514691540583     
  0.88645756295094846       0.82364957958850804       0.81479657745592005       0.54845969284209561       0.68364294366130296       0.58498471647487116       0.30957987946686000       0.54463264854748039       0.98050650497759995       0.69833919358073993       0.60890738084070295       0.57867479433517399       0.59647866508177638     
  0.82167182356734259       0.65314247050858176       0.64179910342337820       0.69366825611763061       0.62936821719301939       0.64428579973398559       0.66076901139796218       0.72320318300124775       0.56889741843028163       0.74418449998021585       0.67432937453742581       0.72620737454233086       0.71455432449289402     
  0.89184488649290483       0.83133906537841229       0.82408722770643295       0.56590785990005310       0.69788359206750550       0.59723384279471792       0.32455012205333600       0.55894633555669593       0.98134988682096569       0.70458299128652369       0.62335621384190043       0.58926772293598828       0.61277844057588848     
  0.63993490616898385       0.68477932916135020       0.71049339002525880       0.81537690611719837       0.67832722548837987       0.57238688904711854       0.63395904703243966       0.60401284599869487       0.68661711303528217       0.71966568925599528       0.73989597711649502       0.56125795026737779       0.60431608602871867     
  0.89719993974058232       0.83908541425228611       0.83340555555962514       0.58327230263309016       0.71202394922127121       0.60990544634214738       0.34236624685665001       0.57362601574893712       0.98221471353460288       0.71059763797943309       0.63497587207369832       0.59942938291163006       0.62853124398928639     
  0.73349160259235036       0.70159618965860959       0.63582472721508887       0.57568088659854810       0.88370654957491346       0.58897687221688499       0.60149464799478314       0.62998190164399470       0.63165919759417999       0.63256108138480338       0.54581093770424827       0.63254840703770787       0.71388989301719785     
  0.90205142061168753       0.84657950833836082       0.84319259716218409       0.60047678334708632       0.72578082702600810       0.62428945499832456       0.36025936583395279       0.58788321298821067       0.98304457004605339       0.71688981292919807       0.64664198385010419       0.60920262696901750       0.64543773946698157     
  0.64286901891613624       0.65177684630956678       0.55612184517846597       0.61845183153995331       0.67481100038268282       0.61701753015119232       0.76293165366859372       0.61369987571376527       0.62724239936287185       0.76969844828179357       0.59001769262524306       0.76947616998145940       0.64064359449076336     
  0.90696736409020218       0.85381308394929467       0.85191746761201415       0.61820237524619293       0.73670332470330646       0.63969041792982628       0.37810675813610267       0.60271107589101591       0.98386361343473261       0.72277452855220292       0.65842649599757441       0.61990152192357861       0.66170439463520658     
  0.61930254189535561       0.69761198284084402       0.62742668007848112       0.76608904861131621       0.72991162566639700       0.62719855187891704       0.77072853725275015       0.58626146597408180       0.65011605399749028       0.67009234904351500       0.60938287047960271       0.61023619904027371       0.64699297025474922     
  0.91197242220866248       0.86053602668658391       0.85988569942806969       0.63599965248729262       0.74896121497576307       0.65611709646656524       0.39704541435418828       0.61933575970586763       0.98467854148794076       0.72867102251913540       0.67195031470340216       0.63152237448298321       0.67635727894013642     
  0.63933642051360795       0.64398819664702656       0.63396313707125573       0.81705024809061544       0.65265473464360724       0.63944421952753028       0.65631993758466889       0.68568803468955108       0.66301403416776306       0.60942704924510349       0.66811697534622339       0.61933166737372436       0.57326733636236904     
  0.91709140504108921       0.86669698014302066       0.86847270823311762       0.65363184788964390       0.76126306698786184       0.67224655489798857       0.41635649568216704       0.63622888304476743       0.98545967074092822       0.73458326270060148       0.68585902857785774       0.64298246836919215       0.68954981275163707     
  0.66757752235561263       0.66015074386002515       0.63783432515413241       0.68089658332555814       0.66729534956440906       0.78452700271184295       0.59701533267935469       0.60488517311269574       0.62662358199416046       0.55157915202664398       0.67415492969383051       0.76457088602422041       0.55060531935978207     
  0.92165480062693417       0.87278000313927762       0.87718979186320423       0.67098214255930100       0.77260836487910789       0.68918312356204725       0.43690538394858347       0.65293424071802109       0.98624098513616976       0.74043201411440618       0.70037723199973811       0.65380890821420978       0.70285059630697544     
  0.57003421630660478       0.61898683441777702       0.74064278293117802       0.76979408589812581       0.64141267752645992       0.73553650931156411       0.74546092632143468       0.72533658148106617       0.68393477360782018       0.63950477312964049       0.70419110730274515       0.62312796537944026       0.61368900259496517     
  0.92627983947724690       0.87856667156969814       0.88613357334505605       0.68814895028308132       0.78577313263543813       0.70464148597282927       0.45645541450643945       0.67029224458853887       0.98701026976228012       0.74637310242768140       0.71477554869567017       0.66377642026616224       0.71675086846712677     
  0.62004831776409419       0.63266498891318712       0.74436110450884274       0.68152018163434214       0.69563666622558518       0.75553875952882976       0.64043603612064326       0.75668873114366708       0.71018545457349558       0.68078364354990384       0.60721537267296566       0.56298750329443203       0.65291763241440259     
  0.93044458665929120       0.88443307680535532       0.89533325799957530       0.70557866997141805       0.79867855960012024       0.72126018852976526       0.47632754564471819       0.68836480900785280       0.98775958999431768       0.75230720144140029       0.72783877200567759       0.67418901852092994       0.73216121545485502     
  0.59698738708348220       0.70194552391661780       0.73768927730878531       0.62574580672264857       0.62920502650315147       0.74642652203891247       0.62671703093054987       0.81917741601685357       0.70543980286388674       0.63229003648372317       0.64215206923850898       0.56630366528083664       0.62290892331882564     
  0.93462242409148677       0.89031451198570521       0.90290491748808632       0.72386187346716480       0.81201279880629107       0.73509240957804378       0.49733497384777070       0.70593958921183841       0.98849223187360225       0.75791859904194447       0.74206536966550840       0.68534954953774940       0.74752771852044864     
  0.70859859940715564       0.62376000401692733       0.68885408546778337       0.72957396944698427       0.74772871029985355       0.60163227645512463       0.72621860771394831       0.68925969013787691       0.68231598447568931       0.64821722827986206       0.67597779996839780       0.69034322085006772       0.64280065337425973     
  0.93865719495877875       0.89621949637944665       0.90929787966763509       0.74300338093610840       0.82543147460810906       0.74874269258880732       0.51950860063758997       0.72369025752849059       0.98918040802774987       0.76362415842203502       0.75782109619329541       0.69894956134926534       0.76344376348721776     
  0.67317707147722183       0.63404301261054918       0.64699455366121594       0.87562695958512582       0.61364704392017855       0.75358292655907400       0.70091940350346915       0.67308044552140944       0.68719025645344334       0.72490123398768291       0.64715330723887299       0.69868210541318088       0.59582460366885071     
  0.94234763597683635       0.90250214516620830       0.91605990391264158       0.76109300797089374       0.83844292195835757       0.76414263514999359       0.54424975385605456       0.74154242298111628       0.98977516224355955       0.77066004703130486       0.77395712001418249       0.71508543448991368       0.77991550106195717     
  0.66325267161698320       0.61468767482732589       0.63404629994002237       0.78836524011090026       0.65724857483213883       0.60590932589207436       0.74663689612952699       0.66208523720151691       0.67211974590512014       0.72438630758672373       0.70327109567102808       0.71537385411336207       0.60364354720668878     
  0.94530391335849129       0.90916163112597004       0.92280734527664754       0.77635260886321733       0.85095057432633325       0.77874889516533707       0.56820778571205655       0.75881828508550120       0.99038806450994887       0.77800460140771932       0.79031195577740576       0.73199822941303661       0.79685833048840071     
  0.65343562619730700       0.67725332242300440       0.62258459272137323       0.64433966107488116       0.68818453337435526       0.70444522931385034       0.76706200682894143       0.59249415169251651       0.64277021451148020       0.76268328463137813       0.64922627398877863       0.62444361026557504       0.65687826330622978     
  0.94845395860721604       0.91580482964019083       0.93010288163708454       0.79078985411733516       0.86297339423685104       0.79347611022038955       0.58934343204788586       0.77690480126562578       0.99090901759894445       0.78518005411868730       0.80595860735562208       0.74932992302562906       0.81354080215682067     
  0.57500068372673430       0.63965213337650673       0.73640225759030187       0.57615116001658717       0.70060033392999188       0.56450391172873227       0.58154726449243566       0.67353732800244415       0.69159437499186627       0.81061348355747065       0.62687138641446971       0.63777881559101102       0.64088905271883334     
  0.95171283726853062       0.92226224220672659       0.93753412590506380       0.80514253219186083       0.87455044125323778       0.80873152776437385       0.61182278536130541       0.79525149744657653       0.99141709111325471       0.79243293717373364       0.82229329883518665       0.76801099325052302       0.82992739401074789     
  0.66893984065476519       0.65217105528330266       0.73972872092036646       0.55870638465983768       0.64633378560312194       0.69515035031713246       0.63909260237482268       0.60587370566713794       0.70019357503759383       0.70912346949056138       0.57769662886185602       0.67928900714124263       0.78972520042324401     
  0.95473721109782950       0.92838890688438014       0.94452048856012372       0.82049597971109700       0.88546058959242646       0.82341081918658465       0.63326393832334094       0.81095606444885904       0.99195912470580261       0.79975471234830209       0.83721753165641732       0.78876370953218333       0.84588125622310639     
  0.61315314971584445       0.65263336535763405       0.67045215464992214       0.60310988144594990       0.75236622577702628       0.65448432295938241       0.59504625957791990       0.63096351917132298       0.65432569726507239       0.76325639108309296       0.60753270159459027       0.68526418246432730       0.72711399544758093     
  0.95792855896053786       0.93413883903003792       0.95143142224817512       0.83694699691593555       0.89602426319111328       0.83738403981161869       0.65600492912350405       0.82621377711960708       0.99254267173197619       0.80714453894323546       0.85142913439613033       0.80955760671932087       0.86119413924452060     
  0.63086004572276333       0.66007979092809632       0.75830222824047588       0.72904860311973008       0.82019325967246182       0.72174430393710065       0.58880086347258642       0.69720281367521442       0.71755646813991425       0.66058813825929852       0.59876975592342996       0.76765797330079855       0.67999426731418111     
  0.96137216723335739       0.94003093748564759       0.95823862955538341       0.85257346584766813       0.90773935259819338       0.85329921503784012       0.68093020021704054       0.84194458794690230       0.99314473085372146       0.81474422903969779       0.86763789789245049       0.83099833189423866       0.87633656198008092     
  0.59538425214088708       0.73235612682539275       0.61266463978089736       0.69469204757713299       0.87355541705921136       0.62895012745324497       0.57444900760668083       0.72796363931611086       0.73668490771377060       0.73108976031483142       0.62497943673412160       0.69941669967908926       0.65562049785595977     
  0.96478331989229549       0.94592118776955392       0.96429228432286440       0.86727648490122833       0.91975125114467882       0.86952407359682271       0.70901078345558366       0.85684621860139998       0.99375865863394686       0.82251363142235911       0.88312674295770854       0.85166293060567522       0.89019193639837435     
  0.74176407655916532       0.52556345657824333       0.85173676728241055       0.60106968784678427       0.62827904640811660       0.73087553320811582       0.59315450060796804       0.69043159343514959       0.74864464491933247       0.61379013631622514       0.65293439661489916       0.64928367958442412       0.61910658680112385     
  0.96810126723269008       0.95165703869089036       0.97036629659376428       0.88130352124218425       0.93105720654159019       0.88578563565817114       0.74116008827759661       0.87302449177767061       0.99436060822075745       0.83086801771176277       0.89765132542945691       0.87163685843804750       0.90299315621374709     
  0.65725467787916603       0.65986655285077100       0.76414080726979539       0.62985625684661162       0.83899495658158352       0.60433205579676019       0.72729840776078747       0.66049513627519263       0.68219951566201276       0.64870331471149723       0.73353591098582371       0.68448751211106884       0.62506746481807351     
  0.97185356604227291       0.95774396621224200       0.97529523731284506       0.89529522819703167       0.94217790218437347       0.90169008167361986       0.77529697126394082       0.89039202344328272       0.99495345212355935       0.84029454474278664       0.91188806880008699       0.89145866370250992       0.91729124479490098     
  0.83844012741523710       0.67908987684749200       0.63596547182567342       0.71796702130217716       0.70332894818049163       0.69077902318554663       0.61662880800301778       0.75196657973086511       0.76186767256805654       0.72689197097123082       0.61920340503807447       0.66914348028344295       0.72313547264330325     
  0.97620566180962398       0.96412656599944091       0.98007949681762774       0.91161580435773204       0.95222351916062165       0.91900505133272981       0.81050223770297092       0.90843178333310881       0.99556466108121155       0.85056449624023533       0.92576232299238714       0.91009205881603872       0.93300979261887362     
  0.78035914393722472       0.67299195122857935       0.68350864027536073       0.63940058318592208       0.74462150572639174       0.67580906857494505       0.60008936770234822       0.60713589595808115       0.96545261770537549       0.62096163257051962       0.72533271012158318       0.76082136262694111       0.64292578199880823     
  0.98040839180506911       0.97058757658354045       0.98460466717237582       0.92923406163977273       0.96136965012980091       0.93671651344604245       0.84442992909423154       0.92678432791346832       0.99618456772896380       0.86266743759659192       0.93953179710873436       0.92856864708608955       0.94846538841968542     
  0.84994324081209049       0.73800764929893181       0.61073677946664906       0.79822808193818218       0.63026087818310339       0.63581205766619386       0.70124623193728741       0.72167141586327765       0.85214476473846479       0.68576723621696412       0.64749049642150991       0.64781885987687449       0.69873547650054146     
  0.98446740413950584       0.97717328102542234       0.98882963874417729       0.94729934533417581       0.97034838727371131       0.95269076098400907       0.87865086077884202       0.94641072876457366       0.99684794956865086       0.88050299096396634       0.95497026029022747       0.94675826074935343       0.96273919932377794     
  0.96066579869335122       0.72214655727179933       0.68357859945171806       0.69437623550980898       0.64044420500452504       0.61452751426223562       0.65059267505244678       0.67379970868313988       0.77206958475135223       0.81597994254998751       0.78792931186404669       0.67409319671533685       0.61211476539809717     
  0.98936974192023652       0.98416079198389561       0.99278190131524335       0.96570546178820094       0.97965117337837282       0.96986030688720859       0.91372928643866436       0.96544608241713037       0.99757564872973736       0.89744654540962077       0.96988002071119450       0.96448152790867936       0.97745887716674817     
  0.90947918210408407       0.74305129288666016       0.60848308513111138       0.66950937812489042       0.78624854487331641       0.68303541615158148       0.78231862535517682       0.71701045575958655       0.91500297230920391       0.73319962913869940       0.65888231929784413       0.59729112229301429       0.78898834175410038     
  0.99461457988401070       0.99182893085349766       0.99650897564147600       0.98282414455035827       0.98918423945185507       0.98487433721548512       0.95488233201084072       0.98215340537191287       0.99865275561451616       0.94169130657961697       0.98427488511518313       0.98241699990979703       0.98887740496355925     
  0.81157333698096501       0.67819334897926564       0.64816334787087948       0.65729787789496130       0.71412366904034197       0.74823143816946636       0.63147708462748442       0.74809165599377903       0.72353226012870653       0.87223321126541764       0.70806497107993427       0.64755664553374093       0.71811400240994105     
   1.0000000000000000        1.0000000000000000        1.0000000000000000        1.0000000000000000        1.0000000000000000        1.0000000000000000        1.0000000000000000        1.0000000000000000        1.0000000000000000        1.0000000000000000        1.0000000000000000        1.0000000000000000        1.0000000000000000     
  0.86914432265385611       0.84598423767151076       0.64773992437745320       0.76681203604329240       0.86407939081062179       0.76511244904352771       0.54462218724634581       0.77973954743897467       0.55345861788662365       0.52641959585516684       0.77084976179716436       0.60785657396919590       0.62331939843311246     
   8.1062497705537773       -6.1065040061439984       -10.108857141834591        11.092681465369131       -42.247570771313875        13.833341860102797        11.298399407828772        13.660366160729989        0.0000000000000000        6.8465189705341283        15.725531447653820        19.834272743399715        4.5059706965338062     
   11.284760227380097       -1.1216917810958629        4.8341523248089091        2.4595594342969953       -5.5544481093456062        9.2585581724627009        15.836056336629005        15.396721483556094        7.0191652960971869        5.9254253138961612        9.8576223038076947        21.599956506617666        5.6230155289287005     
   1.4974462121463699        7.8499991902739445        7.9817170795916406        20.891525779704637        4.6146861372126091       -5.2063007667213137        16.119040754059462        4.5414448593707855        5.6285274233962612        13.988781383313912        6.8123232569497016        12.911347438506850       -10.724053779923842     
   2.1730639720463301        15.808154495125804        9.2149877035910617        10.938496587106810        11.634866734288783        11.481370220748994        10.426179750801705       -10.264768216100167        6.5334326400735092        16.582190292652381        13.867179130178025       -31.355148502504981        9.6731877680701466     
   10.624860321431889        14.750202836509482       -29.352234022099744        8.3572397155475571        20.011793441524034       -7.7169910600722682       -21.253734536717467        16.360474481617580        5.4750378530660582        13.254723409015115       -32.037462939399418        12.198172713391742        13.654999465936340     
   13.059473017547141       -16.015962444862033        10.676532143654827       -16.954172132406807        11.199188922421394        14.079838516749463        8.6129349318898996        10.877296819358527        7.7243887579326076        10.660676864201175        9.9574383844274763        8.0699814657031528        8.1730758712596199     
   5.9870255773057073        4.5333837513563768        15.595246899411068        9.6675405517231692        10.001098797038875        15.043793129467375        5.4796228783747409        14.569173144666273        14.537421940213340       -9.8941052841951009       -10.677820117801442        3.7471402591740324        11.740830504386143     
  -2.4257997878168385        10.558002745610766        21.185645962056157        8.8748647192565144        16.429494778936810        3.2270107335708511       -25.259117869812616       -38.894779433633680        4.4007541390546141        2.6499965632817055        10.930021698478109        10.181276871423064        11.294819755366742     
   2.8052784122804288E-004
           1           1           1           1           1           1           1           1           1           1           1           1           1
   1.7822858798188736E-004   9.6942569503138571E-005   3.0883350158719114E-006   7.4391738834477703        6.3851242801130984E-006   6.2890257558809241E-009
   2.3186500581168226E-006   2.1104444467197178E-006   9.8350006985144167E-007  0.54414687667462025        9.8299762233571580E-007   7.7817895803705110E-010
   6.3308739520925653E-003   6.5109434129721642     
