   0.0000000000000000        0.0000000000000000        0.0000000000000000        0.0000000000000000        0.0000000000000000        0.0000000000000000        0.0000000000000000        0.0000000000000000        0.0000000000000000        0.0000000000000000        0.0000000000000000        0.0000000000000000        0.0000000000000000     
  0.11343896681666644       0.11659123797302440        9.2985215111488998E-003   1.5004697978217039E-002   1.4690892448696473E-002   1.8054604233219900E-002   1.4503415726684302E-002   1.5407970658385098E-002  0.48246703144964859       0.10674464374226214        4.2622991943163234E-002   3.0572219349676778E-002   1.4836938917884835E-002
  0.38345779670769276       0.40011657565489250       0.49247055987471905       0.47908549428040598       0.49282959541555221       0.45332899701568441       0.69802444940825059       0.43019756294406197       0.37032745774697257       0.37673582322910243       0.48581073637345040       0.46346974804456398       0.44338607266169477     
  0.19595107644684703       0.19824779802638112        1.8868512498295784E-002   3.0387219690953211E-002   2.9542233212378363E-002   3.6484957891679694E-002   2.9493961278732609E-002   3.1323986709841108E-002  0.73825743716285963       0.17141683463314497        8.4710316713894313E-002   6.2583870612858569E-002   2.9717240439155398E-002
  0.44982592625416884       0.45085165895365970       0.46617808553923101       0.47782468780059872       0.46771590588142686       0.45774762338912861       0.47064451518666933       0.45496732047211369       0.61068738385273091       0.39827543613108679       0.42439130548497328       0.52886381434849883       0.48296536614031282     
  0.24145744296308727       0.24798570350357405        2.9715180076822698E-002   4.6527805474489731E-002   4.4265615613098601E-002   5.1343968476562044E-002   4.3522226075068081E-002   4.8139156021542423E-002  0.76573384397228894       0.20382343238643674       0.12239015178428379        8.5711950172133594E-002   4.4784088391815899E-002
  0.44908005472112622       0.46440272567718105       0.45927616454281944       0.43310672973935233       0.40103843404020773       0.41132177416826454       0.45050173297409879       0.46913471199327866       0.42051270690476750       0.45348759163776942       0.42615536175168589       0.57154068404557778       0.45464697833751155     
  0.27520017776396982       0.28648074793082545        4.0738578200078049E-002   6.2720520361216989E-002   5.9259689864441675E-002   6.6197243875477971E-002   5.7491923153381329E-002   6.5368857981025208E-002  0.78567996470328683       0.22651208539356582       0.15200803958405185       0.11031330335149619        5.9265230035432846E-002
  0.52711619230336215       0.45384671275736349       0.48272437533644069       0.51135318103050265       0.49126948260299774       0.44701267820743729       0.50073351956576773       0.41075477504374974       0.48258231920380051       0.52870574275956861       0.41352462695968689       0.66721728952126136       0.48629811534465900     
  0.30366838570276622       0.31871017134391760        5.2740328150072388E-002   7.5739071698326096E-002   7.4666680374787076E-002   8.1749577832540943E-002   7.2860635563866710E-002   8.0680902761890758E-002  0.80324916038893523       0.24518674633205362       0.17648135660870257       0.12927258777033721        7.5781066567771740E-002
  0.47895894047353266       0.45576629140971880       0.57477354731310848       0.46498464791918231       0.51445050983041440       0.42016739043114643       0.44261783273741184       0.46627645352422326       0.41501867156770522       0.39254244228342722       0.49621548196413384       0.46987234642562353       0.49245196865800706     
  0.32528255825566132       0.34228117148623999        6.4731859733946670E-002   8.8898558290491633E-002   8.9773156442863211E-002   9.8331795500046462E-002   8.8949413711030725E-002   9.5671080333511668E-002  0.81561218054535922       0.26019055850371436       0.19616765158808311       0.14919209624433277        9.2015384783843357E-002
  0.48859793229200327       0.45095451592116687       0.49920327682207999       0.45260472413361347       0.45722066625164637       0.41605951259398066       0.49784865987263399       0.44984426180829218       0.40955469070928308       0.46014373960859556       0.41792956313009205       0.54902184114407793       0.55448982215686382     
  0.34550628053865834       0.36389121134647223        7.6270240299071895E-002  0.10094638858716246       0.10385669575474542       0.11598611125406982       0.10722873386595155       0.11154280266056024       0.82737605994309071       0.27341760581034424       0.21472586094017670       0.16518744487116133       0.10939525030983920     
  0.45681554393065338       0.44458085789327645       0.48269659015100086       0.45057764337627654       0.46914770964292585       0.54383212875246856       0.38493962539556786       0.46022512559708545       0.47094060620080963       0.43049685130623788       0.50846649228643948       0.46914653861534800       0.41317554588896988     
  0.36335587385061563       0.38581846478922216        8.7313601501041643E-002  0.11335117178945971       0.11847437807447077       0.13404609280496491       0.12574266538077633       0.12742824689782428       0.83723521774555398       0.28642494024378023       0.23088516121113231       0.18129624360655552       0.12681053969507633     
  0.46360731691141238       0.44251696309106237       0.44938514662329876       0.44921488398592707       0.53028467819170999       0.50439836015387207       0.44209748761224188       0.41771372565053705       0.42643812129991004       0.47449001587198497       0.46602706051437726       0.50455334815418973       0.49517837024832750     
  0.38054278034392719       0.40783230402280940        9.7445652253394535E-002  0.12763279950791215       0.13362919118625824       0.15092534702638577       0.14520904257715586       0.14188834552354612       0.84649788675314785       0.29916766554025831       0.24704878522853679       0.19481310140775235       0.14229325302562354     
  0.43408868067768497       0.52941997607769442       0.46403309249859725       0.43834478525878018       0.46961746298635532       0.48817172044365592       0.44736014673142693       0.41466465243539274       0.44784079952570488       0.52437339467765698       0.44453794060212387       0.48511808459956207       0.43090779061081269     
  0.39640664826569294       0.42479462401602847       0.10740867743404620       0.14235774084147268       0.14829434434160946       0.16737873002455539       0.16467685367666218       0.15641185423909607       0.85501757004787038       0.30968653446582506       0.25919979642559787       0.20891608446000415       0.15773462425751744     
  0.45168896359371191       0.39568355360742402       0.42348529427225673       0.42705923764671316       0.45365230004237000       0.48055623845381590       0.55875992732773128       0.51178554573573232       0.49699479130491814       0.46206848427079622       0.43601544436324446       0.45408949078244520       0.45562564727240429     
  0.41240656365181727       0.44011188112165733       0.11755279513876431       0.15630292212179722       0.16294013381617603       0.18300076483738931       0.18469159370887892       0.16978517675435370       0.86192777988680047       0.31886024613450104       0.27095986654943299       0.22634735386668325       0.17514859353463708     
  0.46971196581765295       0.45807246765203730       0.44551413830109909       0.52344505250697826       0.45583393832366420       0.43704184575000010       0.43826142873377844       0.41035143590466577       0.54645606878502428       0.47479855659577619       0.48453912315190606       0.48315391011321657       0.45833150891955415     
  0.42620831092511885       0.45450166427890532       0.12788397874050481       0.17073921815991860       0.17814033586208394       0.19826490154794205       0.20501728039104297       0.18329229297383484       0.86716716746065092       0.32819770550015520       0.28264444202194910       0.24344249593711850       0.19282271442928953     
  0.47540553912197392       0.46090117962968580       0.46704583397849947       0.48830978193188007       0.47593229694465372       0.51312319791558136       0.42507289602272164       0.45729559939283376       0.47554019256897878       0.40005349198613743       0.45266290282219074       0.51836433064185927       0.51755874089470078     
  0.44018698581939147       0.46869477917176361       0.13885305255143415       0.18539894279513158       0.19406583488706672       0.21412860044004087       0.22541853553046770       0.19725962075586212       0.87240435726970433       0.33798781864918176       0.29434349258141412       0.26092535054363830       0.21107045690648829     
  0.45998714609059810       0.52809456702318980       0.41430826877176807       0.48083515836425306       0.47433294719166713       0.49428023853181652       0.44222366888142756       0.45002844635705053       0.42407961119828869       0.48716584182037093       0.42204721851556631       0.47822075829937671       0.54400434746231952     
  0.45253365604748219       0.48155474864866826       0.14959865215930854       0.19993529983161820       0.20912000233482120       0.22984532022307272       0.24538486218652394       0.21144666537050283       0.87760962961627276       0.34712962264086950       0.30230414653005827       0.27831216903756600       0.22991908405697248     
  0.45780613320979902       0.46414232851780973       0.46387568260306178       0.46703977014758358       0.52668702970204717       0.43754537907554342       0.40967524384744686       0.41281733841310420       0.45175041925387965       0.43386995492575037       0.41200095320629876       0.45646141701674559       0.47884810462611649     
  0.46464387874196778       0.49387537910756757       0.16062278935583504       0.21469763160643138       0.22233864366336770       0.24464780214851067       0.26445384705484232       0.22566706219499377       0.88213537581325352       0.35482468062320544       0.31039465134155025       0.29481521772778951       0.24841745154458264     
  0.49093311429851083       0.46955433764334042       0.48752518744039758       0.40020942377130930       0.44318469367729085       0.46011277650691768       0.40667317773480910       0.45589783261929884       0.41998651921907698       0.40071083233246341       0.42070383314821491       0.47926909624463176       0.47240786968105225     
  0.47660405562134844       0.50507056425042995       0.17169252772158050       0.23032958010240184       0.23546633910801848       0.25935157954111415       0.28377620639285850       0.24007701998112330       0.88628926030765554       0.36242641331781406       0.31961705484505976       0.31137702712667675       0.26706559188614065     
  0.49858833490019799       0.45901455844043260       0.43328142839673695       0.44249507097348756       0.43018628288476302       0.43631136624458738       0.44856686437486393       0.44761576647644374       0.49943853682943457       0.47274299325987207       0.44375046742781726       0.51506227674363370       0.47144987021248985     
  0.48854550586197121       0.51607192049371797       0.18286052832091157       0.24622738268543498       0.24851701873167614       0.27288384583481623       0.30495431659324196       0.25549534455920125       0.89040159643203409       0.36929542155383055       0.32873395482145207       0.32733703878076242       0.28598016097698675     
  0.56449756988373234       0.43224228862756831       0.48409984427882874       0.47839503262958172       0.47589016368780057       0.40046712015525343       0.45849783896720270       0.47002845986415548       0.40804855122368328       0.46085584731005069       0.44553279523265493       0.47278940013072090       0.51360524228594617     
  0.49894169819327050       0.52620743543552717       0.19413892659473558       0.26156890657464676       0.26155625046957059       0.28659828647037133       0.32599748543329810       0.27061483178258933       0.89448462370587745       0.37601907748339952       0.33893391326428474       0.34328332930038008       0.30497232234774402     
  0.44244902533316588       0.40154853126092710       0.47421037279580808       0.49130147482383646       0.51484494645556500       0.46470715812916841       0.47860970451145035       0.50363448985000470       0.39197666126957426       0.47094637475393308       0.40851217654845995       0.43684153563550571       0.49354964579303140     
  0.50896273522439051       0.53632727072333053       0.20562795294226638       0.27682987299119527       0.27349902891728878       0.29977238271218432       0.34611890886884999       0.28664812183863397       0.89832301087537925       0.38298841417301244       0.34900494424410122       0.35900751957541238       0.32318679965341862     
  0.40173313139668809       0.45589593920042665       0.46372794960728336       0.45948013925267828       0.46070761460708742       0.43493953811534514       0.48776584307452520       0.44736196353195723       0.45718230230085649       0.43464207937903510       0.42730819131188497       0.42436901838785440       0.48552559533449657     
  0.51890535577258667       0.54579230239671128       0.21744832584919116       0.29235062115108629       0.28575352829001166       0.31321479564059140       0.36611066627068595       0.30215683070725657       0.90194067976124181       0.39003908694890133       0.35909593044491944       0.37479509067549166       0.34047033747489058     
  0.45742329889291383       0.41779901800903108       0.55557706802761830       0.46681512502640238       0.43879998060170733       0.44458247680581336       0.48470544221749812       0.45316857263557897       0.49118340466259042       0.44129830045360030       0.44019649608559447       0.47394688512259886       0.47004640199266240     
  0.52892064640371994       0.55530106178662231       0.23104358252686155       0.30841405289153828       0.29910133393334132       0.32837362821602634       0.38502846535214047       0.31737995546623010       0.90529390579455937       0.39701953464158468       0.36933831144281448       0.39079428673257705       0.35616063464676329     
  0.40957437665083529       0.41096167379868337       0.45295317537534280       0.43358242755236748       0.49763013805188960       0.45782915930020945       0.43415719293460453       0.46878906499332124       0.42262729425335160       0.46320705229323222       0.43445578560351139       0.44812240005144954       0.53827449874330369     
  0.53835785346290388       0.56451404966735852       0.24371969905179774       0.32413398796730858       0.31238509076037985       0.34334894486271500       0.40382995460828114       0.33326201421204454       0.90853305194926881       0.40391841758867664       0.38074742064141953       0.40634941058319579       0.37195966599070301     
  0.44753810319980453       0.42928415424161848       0.41656282293564872       0.43987332288874320       0.45965343926608826       0.47499239182872582       0.50226585686301550       0.43473061604147700       0.40413664507112768       0.45672471481355964       0.48116045480881930       0.49923552950902689       0.44288125041868859     
  0.54747546730939789       0.57318966667672255       0.25473176434719513       0.33938200708250643       0.32576798186917227       0.35859230650463775       0.42195326108974568       0.34938770003782510       0.91163634001473581       0.41091678571019263       0.39212341096266345       0.42136267873094801       0.38796126247706675     
  0.44076203214841586       0.44617269783290320       0.42407961119828863       0.47956836902169281       0.49186747732579306       0.41312239157118086       0.45389221579815903       0.50708794363248122       0.47293410947696529       0.43071100028611781       0.47172844580538204       0.45075958890167972       0.53516452895543964     
  0.55646209910434519       0.58214175124235334       0.26701812469655212       0.35451036056352941       0.33955633063667234       0.37371061561852709       0.43988124053526101       0.36571114498222707       0.91475218231414146       0.41777411089996713       0.40371416814081651       0.43576668604911800       0.40416914397104320     
  0.44022854803711831       0.52522072431578515       0.46387545923677798       0.49902760081834363       0.40944129668709944       0.52471144621673149       0.42311445519280094       0.43328864922284310       0.45287025273564446       0.48290824560615442       0.40849142317596870       0.45611953983004072       0.45796798915090758     
  0.56550413490923568       0.59114542168964979       0.28158515252064265       0.36976948621262667       0.35373889718929202       0.38928781062521356       0.45770439845799549       0.38240563369414859       0.91767772720691121       0.42420961111278893       0.41524697068672889       0.44908691357646408       0.41964350426968028     
  0.53612462820933238       0.48535110539719856       0.42626005076882856       0.45544449692783384       0.38733753385325559       0.43663917413001996       0.46857705235941211       0.44013182283145103       0.44238169120767129       0.51475552555656967       0.49908088808081297       0.45749717234669440       0.43666546342727935     
  0.57467538489687997       0.60028768238581243       0.29588832911207480       0.38558187170276609       0.36791630175429174       0.40421794314394877       0.47541179617066598       0.39923049485444406       0.92054772654294326       0.43107037219774214       0.42675724479408028       0.46201501533509903       0.43489906305812337     
  0.41287125246448725       0.51512982887793179       0.55012466285291717       0.44989363279843964       0.50045393189906351       0.53021262048353468       0.44316691022513782       0.46818881729760620       0.45809177420849506       0.50813894533275183       0.45427327234053094       0.45939996186558080       0.49275271460166575     
  0.58390743042136928       0.60950766751515306       0.31009081310136705       0.40228216103691478       0.38198382404853765       0.41787704041248636       0.49381193153032110       0.41565306300438776       0.92311472151101359       0.43812458740958438       0.43862329665584865       0.47441172864088449       0.45011913331631037     
  0.43349161106966677       0.44874404538048152       0.43640083153123588       0.45391565480382451       0.47603440624527704       0.42199068487035507       0.44902893111077241       0.46541314421779523       0.51530145586412535       0.52862502356682728       0.43922416438521578       0.44097315860173902       0.53269408354844106     
  0.59259514698962967       0.61841638600965210       0.32445264158502429       0.41903934885662691       0.39620914914529970       0.43192919967461413       0.51231947421193080       0.43176984110312594       0.92554406041149317       0.44530774216642338       0.45172365142425214       0.48704309918095001       0.46507785733219370     
  0.45043297898470824       0.49384702618718324       0.48725438290186662       0.49245303310632066       0.41500992404938647       0.42690641209157415       0.44334986875372778       0.46805327390987156       0.41988369095916528       0.51221936963374726       0.49651156720284123       0.42941057102206781       0.50062601305631460     
  0.60066705735420856       0.62747090974331865       0.33972848001977735       0.43568606487187211       0.41046695697734692       0.44677535527598461       0.53109528781820869       0.44676615808636683       0.92807043872741379       0.45264537795623455       0.46433149303563626       0.50022987340745051       0.47921945121566634     
  0.49664210636583100       0.53406499583276168       0.49021333431123609       0.45484039654160019       0.52385614763079746       0.45437936959705977       0.48449342970082343       0.46170746611463359       0.47035825439330720       0.51007386721198800       0.42618769053910072       0.49298828758287083       0.47817898042454215     
  0.60881907731476592       0.63592838762500725       0.35592885885100983       0.45170321955883957       0.42717515692670910       0.46200271401263310       0.54941819484896681       0.46146056690698856       0.93062022379734433       0.45967352667007000       0.47781544643647705       0.51369320208860869       0.49275974961364094     
  0.45867870890313600       0.46414206931062946       0.48515774413921053       0.44919233157620703       0.46944479270219969       0.44790435284366814       0.44375225115658296       0.42088252407624804       0.47185969750148421       0.42541142209719857       0.50489974250492220       0.41111017777667824       0.41544679500984100     
  0.61685626430863516       0.64372217814157606       0.37231735415429384       0.46727995702649378       0.44492306412522747       0.47811014287736842       0.56802836727242301       0.47646589857181448       0.93302135050364676       0.46645623813887910       0.49129690893693451       0.52711377605343868       0.50663676285687331     
  0.42146688174735003       0.40698800733277807       0.43282476822393506       0.48992388399632897       0.60637340642447235       0.46490014121283568       0.45859094220069468       0.50002701570371899       0.45297806890336989       0.44457827047109816       0.51255987893089294       0.44980711851556526       0.47256933290891884     
  0.62549733039444133       0.65110733735200399       0.38838113751875430       0.48279959503646980       0.46163425378326201       0.49392950198541458       0.58582086061861505       0.49149289628874043       0.93530307123259515       0.47344933107316656       0.50586297717187290       0.54042550887693053       0.52097538209999139     
  0.41174171761805728       0.47692912981983349       0.57518193441655330       0.52427621740605601       0.52243954306041818       0.51111378502093285       0.47340600794592369       0.51287263846946796       0.41229010189170107       0.42722134107449750       0.49074547221227283       0.47141604201170645       0.48444350960462712     
  0.63469245093435833       0.65821645500448456       0.40484263644365337       0.49797661244147140       0.47769165306043437       0.50900727226068898       0.60168551384670210       0.50590304774523320       0.93746815642379089       0.48054202807442181       0.52097783880379422       0.55343520261331713       0.53478360384940227     
  0.49090484701125003       0.43400507482877099       0.42329682943573516       0.43826882580879689       0.48452823613504220       0.43360528228484446       0.48705468878915548       0.44013620079102406       0.48949629612204570       0.47895651739032269       0.48476500448855503       0.46181862583735150       0.48003301963075412     
  0.64322321498608381       0.66627828458902327       0.42120217314515046       0.51358841360484309       0.49260059648394711       0.52445906852363311       0.61734476395096105       0.51963584526415141       0.93956070702998828       0.48771669447481641       0.53617476408240761       0.56670805831766158       0.54809388455014785     
  0.46980471112408889       0.46047821056389193       0.49157119474335537       0.44636875911477547       0.48487071173234281       0.54273030536281786       0.43329871176600127       0.52010986550918492       0.46149868953269102       0.51097302903331066       0.54274540085557865       0.47790331646179535       0.48787898468177759     
  0.65111488128155448       0.67492933233191144       0.43674785679990613       0.52981848882215676       0.50697085907307615       0.54082087379232113       0.63327625517024200       0.53357492824560238       0.94168394297409086       0.49492142712496917       0.55079184579743923       0.58055693134929109       0.56098286731743763     
  0.38322947141286157       0.51063524405584493       0.41496731047319085       0.54788539698720251       0.44521444380583203       0.46663570489449974       0.50004391341475263       0.45407247351206553       0.49914313354164241       0.44584662671994951       0.42688061522584070       0.42940491115329027       0.46512984371215127     
  0.65925983378085240       0.68372944524300461       0.45281146164805802       0.54564923736972271       0.52190518178561551       0.55718033485620089       0.64970422593080135       0.54768227075155751       0.94382225281086596       0.50233442355410962       0.56533614387115660       0.59470629793951779       0.57283665179534604     
  0.43342612714063633       0.45391753904094317       0.49108817519466658       0.51252733992805433       0.42748961320288509       0.54770636777448944       0.46016387938562037       0.48293991147724324       0.44495292231425032       0.46498587624141235       0.50205447679088422       0.47943707155457321       0.55608561825658531     
  0.66771865931453445       0.69276271813496226       0.46888957428363959       0.56014936284164862       0.53661288368314020       0.57409628859265072       0.66346967623116826       0.56245456610024280       0.94594648389465408       0.50977786132833847       0.58003743247804251       0.60847146573402033       0.58491699022930466     
  0.41824943419128163       0.49639123113700256       0.53644958487934369       0.49788191375275920       0.47275208259637669       0.45571152282877070       0.46427515977305206       0.53132446089996110       0.43889868138262494       0.50081079897675029       0.44733019527455919       0.42548381648465577       0.46392779378988569     
  0.67628399844778886       0.70133805583830899       0.48480911703915297       0.57465670859800477       0.55297962442493231       0.59043043709378373       0.67597657326612814       0.57683008577135797       0.94802719670111235       0.51729774065468814       0.59536724389939744       0.62270639725554811       0.59724668797800418     
  0.41142206683653459       0.45145059857871273       0.45734419913609065       0.39060883962119702       0.52261417616125294       0.54023399779839398       0.39428410348153564       0.45988151789163101       0.48717078238698142       0.44136798241301228       0.47783555519144988       0.47364823741213885       0.45210109856485037     
  0.68477482039140369       0.70916358439397442       0.50092523522756793       0.58969488865289610       0.57027545865018436       0.60615503476475008       0.68947685087810795       0.59237185113323265       0.95007194623867464       0.52492220937141587       0.61077060366713654       0.63569029184224290       0.60958055299606684     
  0.40345301035116798       0.47232554441595698       0.42225592230959197       0.45231818771158716       0.53163851349800872       0.48281152668408311       0.42482253759651178       0.48912177301949344       0.47295084109823726       0.49163993009050216       0.46906276198900382       0.45476191391843745       0.45857622865684389     
  0.69346379930319313       0.71690592363081185       0.51704950688627838       0.60471871946599354       0.58806787495008528       0.62162749699178776       0.70290305323620084       0.60803920750615115       0.95200755690429750       0.53253325907474258       0.62675366569288715       0.64870226744672277       0.62197622441682388     
  0.50225101245379189       0.51543366640861465       0.49693756940955336       0.48046580086465884       0.43563370636758358       0.46595092124897136       0.50615867865672359       0.45742745099592003       0.43485218797881520       0.50623092844612350       0.47297178929311090       0.51336171220875904       0.46740612962372635     
  0.70206955808978477       0.72375211141481066       0.53326150738750600       0.61932548738471704       0.60551817390660589       0.63612643233988553       0.71743587257244479       0.62465822502025337       0.95394143050651614       0.54038959313162038       0.64320694331905082       0.66070331530306503       0.63464960753727584     
  0.42229107560274193       0.44917120462699062       0.40657842958709306       0.39455955809268262       0.45513441728579973       0.44189750996185501       0.42968494744271651       0.54505255338041336       0.42544227199102946       0.48234248494272103       0.52166487221538405       0.46984841557520018       0.40402628623315778     
  0.71068621305487678       0.73086119869637933       0.54977724758767044       0.63469314344392946       0.62200355532399354       0.65091427471803287       0.73175828316577041       0.64143703977876587       0.95582379299878029       0.54822620171244318       0.65929985580070827       0.67240877715323355       0.64728449243156383     
  0.50020456413747805       0.44466178616360647       0.44254844263019721       0.49245401331862648       0.47800098819238240       0.41833327170334111       0.54276452392223495       0.45906349968062388       0.53217025598990253       0.49876541244679462       0.47979633227907587       0.48884678399462483       0.49792899481440256     
  0.71913921073578968       0.73843738535613834       0.56899383410624471       0.65072237488539331       0.63808949585309738       0.66483336779797508       0.74531302590125359       0.65844554744846462       0.95767113239241675       0.55638681150251434       0.67500462157842012       0.68488796721630130       0.66237696650342925     
  0.43699184404347169       0.44840371743785579       0.46879819570358527       0.44497800001873344       0.53565475456323641       0.45967195444772718       0.46916398131994591       0.52229215512048943       0.57897101165650156       0.52948283250237627       0.45124868308059413       0.46867704155928969       0.46062069830858282     
  0.72747233345349183       0.74615110408204421       0.58777619830520367       0.66629320659796998       0.65460367974187605       0.67921372702924465       0.75864257319099360       0.67527217649376614       0.95967300022337543       0.56472260440876554       0.68994391150512768       0.69730505244263330       0.67818585797580544     
  0.48183401471748638       0.56829050360755817       0.45783301809398430       0.44787095720285125       0.57012515803994546       0.48249320746019198       0.44643347058040905       0.50460145499732412       0.51745040824829436       0.46395742030211523       0.51827958360861792       0.49332710782449707       0.49050242505326652     
  0.73531047084954937       0.75405657714988550       0.60710227766447544       0.68083340012789784       0.67185861535225722       0.69466581111748005       0.77214168219690826       0.69069642837279144       0.96163539463181325       0.57349765267198305       0.70419754890733288       0.71163560296547346       0.69447221286303162     
  0.47524257210941767       0.50363218384828534       0.54054743124413063       0.47343943014843565       0.45125511420950376       0.45647223403798898       0.39755016663999304       0.46924686521402453       0.52813379520994108       0.56002764173236119       0.47214835683242901       0.46112829490643575       0.43398239580961506     
  0.74478543365659822       0.76202342061939687       0.62665486959497174       0.69561567711085737       0.69005563115676138       0.71051137056299252       0.78583828751667717       0.70612657699781722       0.96352002487096822       0.58238379897902104       0.71920951371125430       0.72631123564031741       0.71051197425272261     
  0.55754848848407712       0.49294904124306421       0.55899674944535926       0.49706783561286949       0.51154851243433352       0.51608020086791073       0.46078746351595240       0.42570534956748268       0.58077693990716595       0.50604686260705045       0.47313890491876137       0.46956992476416431       0.48693045432476800     
  0.75412814978880760       0.76986456566841477       0.64663125714920366       0.71034006646873138       0.70923230652371427       0.72732971586088668       0.79923159734384674       0.72243711039699987       0.96532621261342566       0.59088754819474254       0.73538381147346366       0.74216546027120289       0.72779053665707227     
  0.61252339574812409       0.42816483773984693       0.44403339060303748       0.39688258026191081       0.42984932193037306       0.49022814082845018       0.45381480237559352       0.46535060759460195       0.50110659478903075       0.44797166542545902       0.52351878819278064       0.45047349310417256       0.47597206878113058     
  0.76396327096658467       0.77756833422555161       0.66654340330143957       0.72650408445650339       0.72784255413893661       0.74390604934058557       0.81274047708946828       0.73856705637338471       0.96711335386693831       0.59924855211676331       0.75250340384093983       0.75770507711653445       0.74602671696761103     
  0.42428910644786610       0.47448992138152879       0.43968148005135799       0.48634798709967314       0.44577987312869793       0.47677915370539564       0.39826776395372732       0.47860359797322655       0.44153668040735106       0.61230783112865539       0.44955490251065389       0.44103913008420692       0.44878879483565509     
  0.77398194157780686       0.78524851461325029       0.68668683640486683       0.74380613402482210       0.74561742500041650       0.75935086836149779       0.82644200800619605       0.75618724770858803       0.96890021831378137       0.60776812641935996       0.77098548326246286       0.77447113845736548       0.76429172718171845     
  0.48282752833145592       0.44688102780179617       0.50183202757308887       0.44427331954862859       0.50146657919802096       0.45400400607179797       0.48495467079033239       0.52118186864733851       0.52546601064283849       0.46173495290604238       0.53280045555652467       0.43916341168741296       0.45677656459713989     
  0.78367478744256869       0.79324103401515023       0.70664714117104388       0.76079351309087240       0.76366422763535757       0.77431420968945730       0.83982681727841191       0.77380134439015880       0.97065427713838748       0.61634525600737511       0.78966822309488915       0.79086593807373529       0.78266182062551359     
  0.48819936800866642       0.44763547900630196       0.52765733036390772       0.50223336070348479       0.53526572059451627       0.45990741648732153       0.42035192068962957       0.51563612907190526       0.49396583048774700       0.47287600833872295       0.54029164596913770       0.51656328311992183       0.46330171173338913     
  0.79335459783414664       0.80200758786962212       0.72559492855805396       0.77713777626545966       0.78176392959002550       0.78945229481239121       0.85298372650534504       0.79062746972753239       0.97233521471988726       0.62527042720920090       0.80833809929838862       0.80804863393861870       0.80072040808167744     
  0.47318466461251008       0.53447855415681356       0.43516011633059171       0.43855660607890562       0.46707699911988354       0.48992649148082235       0.47312538163047152       0.45759621124739391       0.51967429429846146       0.48017221504350155       0.43911279013991356       0.44995866964159270       0.50757671055741393     
  0.80327417226408970       0.81148671173240405       0.74415013292757248       0.79283105340752280       0.80007155439368982       0.80539612716197306       0.86596868456199128       0.80725217102989022       0.97393856169442639       0.63414545272090117       0.82664288071547065       0.82564775614438668       0.81837046521196599     
  0.43748489055978385       0.47661098830787313       0.45639218592370545       0.40679207024620168       0.39773169025217486       0.56643154845252697       0.50818353187873155       0.51120602182442931       0.49968925707451384       0.48447419564337135       0.53804994967555597       0.44397060065404442       0.45649191122496580     
  0.81328017374362382       0.82210146234138004       0.76333650336554326       0.80810516314236303       0.81707700627304025       0.82180847960321035       0.87855441701505199       0.82527354553578980       0.97537409298664313       0.64413226084484299       0.84401281107214332       0.84165149062582467       0.83578204076965579     
  0.51896845752590759       0.52359595559650796       0.46948435977598180       0.47786969991597006       0.49327553382722783       0.49813166656602598       0.42602422858836336       0.51611776008729326       0.42335573928373510       0.43169457886803370       0.53705992223177290       0.51829885953016430       0.48587523223743712     
  0.82364999666238203       0.83257452130606202       0.78271716889438325       0.82361043744224971       0.83412664174029805       0.83823834014017429       0.89114244640831786       0.84340692596861289       0.97687962801101702       0.65478513794547322       0.86081875509592121       0.85763394876820187       0.85292501503782814     
  0.41602580907152220       0.49743743565173892       0.48987773562797793       0.46951202593433689       0.38907964415196877       0.48000790183131964       0.54431567147593352       0.50439549204443346       0.43770656716433892       0.51827247472972504       0.49313318185400862       0.42709268318669114       0.41542026255335812     
  0.83395541155928543       0.84288143532324911       0.80303260851028591       0.83908429421676645       0.85069303996007495       0.85448318330928930       0.90264938951402285       0.86073190667241772       0.97843999182477059       0.66636125323398410       0.87667750604616912       0.87224695763112325       0.87020431286734545     
  0.51480047204237378       0.48420514859457547       0.43208654082095860       0.46961692224006274       0.43367297773572139       0.43456462892010622       0.56671062047047327       0.51879610889385341       0.52455793697519826       0.42806135542578783       0.43176182318939493       0.43318853307867644       0.44278429735328012     
  0.84449541029331965       0.85326208081206123       0.82362776093352674       0.85521058517731274       0.86679175292087807       0.87086476669446078       0.91359681098894130       0.87796613346554864       0.98001093557046104       0.67885317773234299       0.89259127426795171       0.88677011552582330       0.88710924958520909     
  0.48800855438103585       0.51051614090910635       0.42864383690247160       0.52580310039228340       0.50055249212884900       0.48480314766763838       0.49585827132753468       0.49305076282778498       0.46682385231308265       0.44950168617520531       0.51736103313185211       0.43394169754234535       0.43636356372361557     
  0.85590339565968943       0.86510818115803190       0.84483821818498328       0.87172941639469781       0.88292845516460627       0.88703885192475096       0.92464762218143903       0.89387874199089068       0.98168591224608814       0.69231864940728338       0.90661212225795096       0.90047631197735134       0.90224704219323115     
  0.52126059833567617       0.51921393064525945       0.45903930851679503       0.54810523544181322       0.39061773112979253       0.50209949510942253       0.47063962529097370       0.45335650318995963       0.39815672469005009       0.48460927326039482       0.43728634723571280       0.44957924226217277       0.43560536598026123     
  0.86744793062097469       0.87679772087074803       0.86572420674525274       0.88827309813090716       0.89894792817422797       0.90308005793437729       0.93586043076478653       0.90931638756506028       0.98339282826294427       0.70682193928428150       0.92011365808824275       0.91409219207401637       0.91659435511694165     
  0.46946822569001795       0.43106997726064855       0.43683224996377978       0.50573897346795760       0.45284940246032124       0.43782930701735112       0.48756753061777236       0.58993225285366513       0.49251381601558886       0.49566028863326156       0.47778453738658622       0.45988334171328304       0.45808194965000310     
  0.88183587819199893       0.89023820215741745       0.88757767200820625       0.90493827186658937       0.91578200582145097       0.91899948588534308       0.94706297314121646       0.92540155155339587       0.98518912716141582       0.72295777525088600       0.93258839042439057       0.92716755870985357       0.93033023064147835     
  0.54767527159186846       0.50890979607146192       0.44019489643283194       0.45377722513075047       0.40859080721690444       0.42981839958901019       0.46529901545044527       0.46545845354649323       0.47913594699607509       0.43099204081241632       0.47504803354491065       0.40353272388116596       0.42550868099889866     
  0.89683431328951679       0.90410827501644797       0.90915954415317213       0.92278520134423414       0.93250721351593913       0.93513345960248384       0.95859340904886048       0.94158198473963872       0.98701336685605412       0.73940287026005480       0.94503454916289042       0.93992049171028302       0.94445942203816657     
  0.55683421708842984       0.51852491671475953       0.54235471335087737       0.48473050428574155       0.41580727318679483       0.45532091746578290       0.51031595524779805       0.48770665252791079       0.52875362278759042       0.46044926126821462       0.46719335999827771       0.39194190083075586       0.38994900936360488     
  0.91491011820212920       0.92059550734765805       0.93147189051071322       0.94329516995581197       0.94979372554413344       0.95212022397501828       0.96829667133467334       0.95638307777440257       0.98927803171822670       0.76483744563579170       0.95835689098436816       0.95540519568730209       0.95940403611299485     
  0.49625054435601706       0.45518150510044697       0.43284189848178761       0.49957178751155390       0.42916866934899689       0.50724758062933839       0.45140594780810889       0.40808230174833710       0.50237430772289571       0.44858305382105224       0.46435932628879101       0.40495795000891172       0.43742958151835187     
  0.93402851485002703       0.93852096154914688       0.95350609031945421       0.96366179985122802       0.96627937632099659       0.96919126685446644       0.97796325456618549       0.97110191886344310       0.99171865558758376       0.80122037656330158       0.97212309761293947       0.97095216824483477       0.97418281814359009     
  0.52953303534747886       0.48482360486690695       0.41897212144815299       0.46668500740446939       0.40290770740298604       0.48986363902449254       0.49755638997498680       0.47571184405083716       0.53390738145481675       0.55918175809218262       0.52004625178034358       0.52680802096974577       0.46214469517926610     
  0.96473790482299260       0.96569864158799867       0.97677508392136747       0.98174876721458026       0.98329835604923388       0.98426502899377866       0.98862487708926750       0.98540895759711467       0.99556801961498165       0.87486943034475240       0.98599819630204255       0.98553877716917271       0.98733144663196026     
  0.60482789251213598       0.43560814411791049       0.49337387869958244       0.54101373816403908       0.47909263792410672       0.47884598765711417       0.55370221984091639       0.44339733904633244       0.51263871236587222       0.45645023382880628       0.48165732629966412       0.46231807490363597       0.40471623684104030     
   1.0000000000000000        1.0000000000000000        1.0000000000000000        1.0000000000000000        1.0000000000000000        1.0000000000000000        1.0000000000000000        1.0000000000000000        1.0000000000000000        1.0000000000000000        1.0000000000000000        1.0000000000000000        1.0000000000000000     
  0.45305163130389919       0.46862133200827544       0.45571243211742335       0.47079571544052923       0.47857881522453222       0.46133208018964522       0.61785459891829608       0.38122489022057870       0.40173308901515464       0.37032745774697257       0.45640013802562529       0.44998071990152216       0.40620529554111706     
   12.831999149296804        4.9734280265581594        9.5039221362804742        5.1615717137426635        11.986205256097948        5.1954786736222118        3.1331151038946841        13.444498743776059        0.0000000000000000        5.5761691709696350        5.6764013974960932        4.5757581201152213        9.1865410217754508     
  -7.0272342343058440        14.118821936256975        10.023708233131538        8.2002846418017690        5.2024940733489640        4.9930855100088642        2.7242704659484809        8.5137917926160416        8.3862026604388422        8.1029187788656323        9.1334352004228947        5.6090333364278626        5.1325975910943438     
   4.4642129084594098      -0.11301785912075483        8.6239971522655239        13.974428361813379        8.9451179012273059        6.5950345085377302        3.1220311943759773        4.8512533397700448        5.5950280094892140        3.8437878100123353        7.2166138727399716        6.8330158050354939        7.5942509295220670     
   4.9677661818999130        6.4769418650459141        9.1324914724099440        9.7736837416166011        6.0130953212485423        5.1152896753448704        8.6291207953049156        5.6460586930302501        1.6813349297224196        8.0270215252643027        11.371058034881932        5.3305833250184609        3.9308490925423518     
   6.8593202880093989        7.3801001787164191        6.4057274629640553        2.2860951082670780        7.3299850033117648        7.2380658762083829        8.5069704916204838        4.4181183709458898        6.5935629083573204        6.1883777543583474       -1.1583855766294064        4.3387888259072280        8.8538645186586091     
   8.7288828989313547        5.0912410124882665      -0.53035652022210689        4.5419091315683513        4.5838377189233084        7.1803633701733087        4.8197630667980826        2.6579395369427576        10.498468602277317        5.8337654880400862        5.6792973797862718        7.6739273779998936        4.3228986596756078     
   2.7340770833457997        6.4191910157047305       -2.5156486810411423        6.2003436724191685        2.8867171940796403        3.2317753124203632        7.2004628620677780        4.6736642973165763        6.6776184457168952        9.6963894863133238        8.1803427234366204        8.2443544743362764        7.5464688667677482     
   18.685896636823980        7.9321687767363223      -0.58600403182245442        1.3427114978882193        4.6768503367109018        8.7639380833807650        13.181008544511490        7.5956489014677855        6.6508070716635723        9.5739031358395597        7.0732509308752931        6.1436550256824178        6.0850897813708080     
   3.9068782312652799E-006
           1           1           1           1           1           1           1           1           1           1           1           1           1
   2.4659802899116206E-006   1.3195440091046944E-006   1.1887570663801621E-008   6.6882252865920400        8.2127049210156746E-008   1.3738625809095926E-010
   2.5951908017795891E-008   2.4245754242462759E-008   8.2780116393730214E-009  0.53303139976930669        8.2705253422227901E-009   1.3167132000582678E-011
   9.0191558055128518E-003   6.1476444572158027     
